74 0 0.19616519 0.09955752 0.47123894
74 0 0.22713864 0.5221239 0.9380531
74 0.0014749262 0.16371681 0 0.12831858
74 0.032448377 0.24188791 0.8318584 1
74 0.21386431 0.35250738 0.057522126 0.26548672
74 0.24188791 0.320059 0.2920354 0.4579646
74 0.24631268 0.34365782 0.49336284 0.710177
74 0.26106194 0.35250738 0.67477876 0.9314159
74 0.28908554 0.36135694 0.86725664 1
74 0.33333334 0.37905604 0.03761062 0.18584071
74 0.3480826 0.37463126 0.19026549 0.30752212
74 0.35103244 0.38643068 0.3561947 0.460177
74 0.36430678 0.39675516 0.48230088 0.6039823
74 0.36725664 0.41887906 0.6039823 0.75884956
74 0.38053098 0.4218289 0.7300885 0.9292035
74 0.38643068 0.40855458 0.057522126 0.13938053
74 0.39233038 0.41150442 0.13274336 0.22123894
74 0.39675516 0.41150442 0.2721239 0.34070796
74 0.39970502 0.42330384 0.8761062 0.9557522
74 0.4041298 0.42477876 0.38053098 0.45353982
74 0.40707964 0.42330384 0.17699115 0.25663716
74 0.40855458 0.42772862 0.4778761 0.5597345
74 0.41887906 0.4380531 0.5840708 0.670354
74 0.42330384 0.44542772 0.6814159 0.79867256
74 0.42920354 0.45132744 0.789823 0.86725664
74 0.43657818 0.45722714 0.09955752 0.13938053
74 0.48967552 0.53539824 0.29867256 0.32743362
74 0.49557522 0.5958702 0.33628318 0.36725664
74 0.50884956 0.59882003 0.46238938 0.49557522
74 0.5103245 0.5943953 0.50442475 0.53539824
74 0.5103245 0.5457227 0.5442478 0.5840708
74 0.5176991 0.5943953 0.4181416 0.45353982
74 0.51917404 0.59292036 0.5840708 0.6238938
74 0.52064896 0.5958702 0.37831858 0.40929204
74 0.5501475 0.5973451 0.29646018 0.32300884
74 0.5501475 0.5943953 0.5442478 0.57522124
74 0.5943953 0.6135693 0.54646015 0.579646
74 0.5973451 0.640118 0.21460177 0.24115044
74 0.5973451 0.6297935 0.25442478 0.28097346
74 0.5973451 0.6238938 0.460177 0.49115044
74 0.59882003 0.6283186 0.3318584 0.36504424
74 0.59882003 0.62684363 0.3738938 0.40707964
74 0.59882003 0.6238938 0.4181416 0.45575222
74 0.59882003 0.61946905 0.5022124 0.5376106
74 0.600295 0.63274336 0.28761062 0.32079646
74 0.600295 0.61504424 0.5862832 0.6238938
74 0.64896756 0.66519177 0.46681416 0.5199115
74 0.6519174 0.67699116 0.25 0.30088496
74 0.6519174 0.6784661 0.32300884 0.3738938
74 0.6519174 0.6637168 0.40265486 0.44690266
74 0.6946903 0.70501477 0.65707964 0.73893803
74 0.70501477 0.74483776 0.789823 0.9314159
74 0.7182891 0.75663716 0.6880531 0.8185841
74 0.72713864 0.76696163 0.57300884 0.6902655
74 0.73303837 0.78318584 0.3318584 0.44690266
74 0.7374631 0.7699115 0.48451328 0.57522124
74 0.74336284 0.7979351 0 0.13495575
74 0.7492625 0.78908557 0.23451327 0.3340708
74 0.7507375 0.79646015 0.1039823 0.22345133
74 0.7581121 0.79498523 0.90486723 1
74 0.77286136 0.8023599 0.7632743 0.9026549
74 0.780236 0.79646015 0.61946905 0.7323009
74 0.7861357 0.7979351 0.460177 0.5995575
74 0.8746313 1 0.70132744 0.9778761
74 0.8746313 0.96460176 0.9026549 1
74 0.8938053 1 0.49557522 0.71460176
74 0.91887903 1 0.2699115 0.44026548
74 0.92477876 1 0.059734512 0.22787611
