74 0 0.47050148 0.06637168 0.22123894
74 0 0.47935104 0.18362832 0.3141593
74 0 0.48672566 0.30752212 0.42256638
74 0.0014749262 0.48967552 0.42920354 0.539823
74 0.0088495575 0.48672566 0.5376106 0.66150445
74 0.0147492625 0.19764012 0.7654867 0.9977876
74 0.033923306 0.40707964 0.5265487 0.7345133
74 0.17109145 0.35840708 0.7477876 0.9977876
74 0.31563422 0.52359885 0.7300885 0.9977876
74 0.40855458 0.49557522 0.63053095 0.71902657
74 0.41740412 0.6932153 0.71902657 0.9977876
74 0.49115044 0.8097345 0.23230088 0.3340708
74 0.49557522 0.8023599 0.14159292 0.26327434
74 0.49852508 0.78466076 0.50663716 0.6084071
74 0.5 0.8141593 0.42256638 0.50442475
74 0.5014749 0.64896756 0.6061947 0.70353985
74 0.50442475 0.81268436 0.32743362 0.4181416
74 0.5103245 0.8156342 0.7057522 0.9977876
74 0.5943953 0.90707964 0.6880531 0.94690263
74 0.6238938 0.7522124 0.5132743 0.539823
74 0.6563422 0.78466076 0.5265487 0.57300884
74 0.67256635 0.97935104 0.6792035 0.8960177
74 0.6858407 0.82743365 0.5287611 0.57522124
74 0.7212389 0.9056047 0.55088496 0.61283183
74 0.7477876 0.9719764 0.6681416 0.8893805
74 0.7743363 0.9778761 0.5641593 0.61283183
74 0.78466076 0.9985251 0.66150445 0.8539823
74 0.8421829 0.9985251 0.6504425 0.7477876
74 0.88348085 0.9985251 0.6393805 0.7057522
74 0.9778761 0.9985251 0.61725664 0.6902655
