73 0.2319335 0.6588579999999999 0.176757 0.12591600000000003
73 0.38671849999999997 0.39531499999999997 0.06054699999999996 0.04099599999999998
73 0.49902350000000006 0.765007 0.17773500000000003 0.1332359999999999
73 0.4448245 0.5614935 0.06738299999999997 0.07759899999999997
73 0.4868165 0.3594435 0.04785100000000003 0.027818999999999983
73 0.562988 0.469985 0.05175800000000008 0.04392400000000002
73 0.5693360000000001 0.342606 0.04492200000000002 0.02635399999999999
73 0.8671875 0.9465595 0.25585900000000006 0.10395299999999996
73 0.8994139999999999 0.6508054999999999 0.14257799999999998 0.09809699999999999
73 0.981445 0.5314785 0.035155999999999965 0.05563700000000005
