73 0.0154125 0.259058 0.030825 0.11956599999999998
73 0.0942885 0.245773 0.08703500000000002 0.146136
73 0.5185855 0.0471015 0.371713 0.094203
73 0.40525849999999997 0.485507 0.14143299999999998 0.13284999999999997
73 0.401632 0.338164 0.125114 0.15217399999999998
73 0.41613750000000005 0.1733095 0.145059 0.148551
73 0.399819 0.6123185 0.076156 0.128019
73 0.507253 0.691425 0.13689999999999997 0.17028999999999994
73 0.509066 0.3804345 0.14052599999999998 0.15458899999999998
73 0.5108795 0.5193235 0.10607499999999997 0.12318900000000005
73 0.522212 0.19444450000000002 0.114234 0.154589
73 0.6518585 0.2300725 0.23572100000000007 0.175121
73 0.660018 0.5990335 0.24297400000000002 0.21980700000000003
73 0.5906615 0.7252419999999999 0.07162299999999999 0.1340579999999999
73 0.667724 0.41243949999999996 0.17316399999999998 0.19202899999999995
73 0.6051675000000001 0.7433575 0.04623699999999997 0.10024100000000002
73 0.8318220000000001 0.868961 0.334542 0.25966200000000006
73 0.7747055 0.48731900000000006 0.136899 0.07367200000000002
73 0.87398 0.048913 0.25022600000000006 0.097826
73 0.885766 0.2681155 0.22665400000000002 0.200483
73 0.823663 0.6600239999999999 0.04442400000000002 0.1606280000000001
73 0.918404 0.493961 0.16137800000000002 0.205314
73 0.9478690000000001 0.735507 0.10244799999999998 0.21497600000000006
