73 0.3021875 0.49250000000000005 0.12312500000000001 0.21000000000000002
73 0.5496875 0.7083335 0.09812500000000002 0.10166700000000006
73 0.5662499999999999 0.24875000000000003 0.12124999999999997 0.10083400000000001
73 0.5871875 0.335 0.12937500000000002 0.14
73 0.5874999999999999 0.6579165 0.10999999999999999 0.12416700000000003
73 0.5996874999999999 0.518333 0.13437500000000002 0.14500000000000007
73 0.73 0.8075 0.12 0.11666599999999994
73 0.7628125 0.06125 0.14437499999999992 0.1225
73 0.7784375 0.753333 0.13187499999999996 0.125
73 0.7975 0.2375 0.14250000000000007 0.10999999999999999
73 0.8287500000000001 0.4270835 0.13 0.11083299999999996
73 0.850625 0.6983334999999999 0.15500000000000003 0.156667
