73 0.11875 0.19624999999999998 0.12 0.1775
73 0.1384375 0.4475 0.130625 0.066666
73 0.24687499999999998 0.6141665000000001 0.08625 0.156667
73 0.24437499999999998 0.1941665 0.07624999999999998 0.17666699999999996
73 0.40437500000000004 0.665833 0.11249999999999999 0.06000000000000005
73 0.4184375 0.1891665 0.133125 0.19166699999999998
73 0.41000000000000003 0.34750000000000003 0.11374999999999996 0.11166599999999999
73 0.405625 0.4429165 0.10249999999999998 0.06416699999999997
73 0.56125 0.395 0.11624999999999996 0.20333400000000001
73 0.5690625 0.5629165 0.13187499999999996 0.09083300000000005
73 0.5540625 0.777083 0.09937499999999999 0.13749999999999996
