73 0.317 0.081045 0.634 0.16209
73 0.3185 0.844273 0.637 0.310114
73 0.3235 0.625921 0.647 0.38647
73 0.3285 0.2886805 0.657 0.359009
73 0.10250000000000001 0.8288679999999999 0.199 0.07166799999999995
73 0.7315 0.9306764999999999 0.127 0.095781
73 0.738 0.8338915 0.14 0.104487
73 0.7455 0.654052 0.1449999999999999 0.10783600000000004
73 0.7445 0.74146 0.133 0.07635600000000009
73 0.7569999999999999 0.565305 0.132 0.09778999999999993
73 0.752 0.465841 0.1120000000000001 0.08372400000000002
73 0.7569999999999999 0.268252 0.118 0.085064
73 0.758 0.367716 0.12 0.07501599999999997
73 0.776 0.171802 0.13 0.08372399999999999
73 0.8985 0.8807769999999999 0.07899999999999996 0.09913000000000005
73 0.9039999999999999 0.6892164999999999 0.07999999999999996 0.136637
73 0.899 0.5472205 0.05400000000000005 0.08171499999999998
73 0.9005000000000001 0.8047555 0.051000000000000045 0.10113899999999998
73 0.9015 0.458138 0.039000000000000035 0.06831799999999999
73 0.9025000000000001 0.27495 0.041000000000000036 0.07166800000000001
73 0.9139999999999999 0.36838550000000003 0.06399999999999995 0.06697899999999996
