73 0.0621875 0.802929 0.124375 0.39246800000000004
73 0.0834375 0.3828455 0.166875 0.49288699999999996
73 0.236875 0.78159 0.30500000000000005 0.43514600000000003
73 0.2584375 0.30167350000000004 0.326875 0.548117
73 0.4753125 0.730544 0.30812500000000004 0.522176
73 0.5034375 0.267364 0.29937499999999995 0.441004
73 0.71625 0.6849375 0.30625 0.501255
73 0.7546875 0.24225950000000002 0.244375 0.387447
73 0.9028125 0.659414 0.193125 0.47363999999999995
73 0.9196875 0.22719650000000002 0.15937500000000004 0.380753
