73 0.0325 0.14212 0.065 0.11726000000000002
73 0.035 0.36632299999999995 0.07 0.11163200000000001
73 0.0375 0.5802065 0.075 0.12288900000000003
73 0.2353125 0.5858345 0.304375 0.14165099999999997
73 0.23875 0.14212 0.30375 0.113508
73 0.24062499999999998 0.370544 0.3075 0.13883600000000001
73 0.5359375 0.134146 0.28562499999999996 0.150094
73 0.5634375 0.5928705 0.32562499999999994 0.14821700000000004
73 0.5625 0.36491549999999995 0.31875000000000003 0.146341
73 0.8678125 0.61773 0.26312500000000005 0.12476599999999993
73 0.8690625000000001 0.1355535 0.260625 0.126641
73 0.8696875 0.371482 0.259375 0.12945599999999996
73 0.8812500000000001 0.837711 0.23624999999999996 0.14259
73 0.8790625000000001 0.847092 0.06312499999999999 0.10881799999999997
