73 0.5315624999999999 0.338649 0.038125000000000075 0.06378999999999996
73 0.5225 0.3461535 0.015000000000000013 0.05628500000000003
73 0.54625 0.488274 0.05249999999999999 0.06097599999999992
73 0.5446875 0.41885550000000005 0.03937499999999994 0.05347099999999999
73 0.556875 0.5680115 0.05624999999999991 0.05159500000000006
73 0.5959375 0.334428 0.03187499999999999 0.06097600000000003
73 0.6115625 0.34146350000000003 0.05812499999999998 0.06941899999999995
73 0.6134375000000001 0.4915575 0.06187500000000001 0.07504700000000003
73 0.605625 0.5670735 0.043749999999999956 0.057223000000000024
73 0.6871875000000001 0.4183865 0.073125 0.06754300000000002
73 0.674375 0.32926849999999996 0.04250000000000009 0.07879900000000001
73 0.685 0.576923 0.06375000000000008 0.06941799999999998
73 0.67875 0.4953095 0.03874999999999995 0.06754300000000002
73 0.6859375 0.335835 0.026874999999999982 0.06379000000000001
73 0.7459374999999999 0.422139 0.04437499999999994 0.06754199999999999
73 0.7434375 0.6613505 0.03687499999999999 0.07692299999999996
73 0.7453125 0.32926849999999996 0.038125000000000075 0.07879900000000001
73 0.7678125 0.5084425 0.06562500000000004 0.052532999999999996
73 0.8178125 0.6749535 0.02937500000000004 0.053471000000000046
73 0.8253124999999999 0.506567 0.041874999999999996 0.06379000000000001
73 0.8203125 0.336304 0.01937499999999992 0.06472800000000001
73 0.833125 0.3287995 0.04499999999999993 0.05534699999999998
73 0.8490625 0.5928705000000001 0.07687499999999992 0.071295
73 0.83875 0.4202625 0.04875000000000007 0.06003700000000001
