73 0.0859375 0.16541650000000002 0.171875 0.07583300000000001
73 0.09375 0.26416700000000004 0.16875 0.09500000000000003
73 0.124375 0.35833349999999997 0.11875 0.096667
73 0.134375 0.45458299999999996 0.11875000000000001 0.09249999999999997
73 0.1453125 0.5495829999999999 0.10687500000000001 0.09249999999999992
73 0.2421875 0.1645835 0.140625 0.07416700000000001
73 0.255625 0.2558335 0.155 0.07333299999999998
73 0.2571875 0.342917 0.146875 0.09249999999999997
73 0.24031249999999998 0.4304165 0.08812499999999998 0.07416700000000004
73 0.2590625 0.5258335000000001 0.106875 0.08333299999999999
73 0.35843749999999996 0.24 0.050624999999999976 0.05000000000000002
73 0.3603125 0.3025 0.051875000000000004 0.063334
73 0.366875 0.36583350000000003 0.04874999999999996 0.06333300000000003
73 0.4296875 0.16625 0.104375 0.060834
73 0.43937499999999996 0.2466665 0.11125000000000002 0.05166700000000002
73 0.44437499999999996 0.31708349999999996 0.11624999999999996 0.06916700000000003
73 0.40937500000000004 0.38875000000000004 0.03375 0.02250000000000002
73 0.4821875 0.471667 0.05687500000000001 0.05500000000000005
73 0.48875 0.385833 0.040000000000000036 0.05499999999999999
73 0.55375 0.5720835 0.03249999999999997 0.07583300000000004
73 0.575 0.3358335 0.04125000000000001 0.038333000000000006
73 0.6956249999999999 0.2583335 0.26250000000000007 0.11666699999999997
73 0.6925 0.7183335 0.028750000000000053 0.11666699999999997
73 0.6937500000000001 0.1725 0.026249999999999996 0.05166600000000002
73 0.7165625 0.397083 0.016874999999999973 0.057499999999999996
73 0.8003125 0.8612500000000001 0.161875 0.265834
73 0.794375 0.6354165 0.12124999999999997 0.14416700000000005
73 0.8225 0.4729165 0.15874999999999995 0.16416700000000006
73 0.880625 0.27125 0.22875 0.160834
73 0.8146875 0.1766665 0.026874999999999982 0.033333
73 0.856875 0.6799999999999999 0.06874999999999998 0.13666600000000007
73 0.8471875 0.1791665 0.020625000000000004 0.031667
