73 0.0503905 0.2596945 0.07890699999999999 0.11515900000000001
73 0.054297 0.422444 0.07109399999999999 0.11868400000000001
73 0.059375000000000004 0.7309045 0.076562 0.11515900000000001
73 0.2527345 0.245006 0.099219 0.11633400000000002
73 0.2546875 0.431845 0.10312500000000002 0.09518199999999999
73 0.26210900000000004 0.6216215 0.09765600000000002 0.11280900000000005
73 0.265625 0.7914215 0.10156200000000001 0.10693299999999994
73 0.267578 0.9524090000000001 0.10078200000000001 0.09283199999999991
73 0.5464845 0.182726 0.11171900000000001 0.17038799999999998
73 0.546484 0.4130435 0.11015600000000003 0.149237
73 0.5496095 0.6233839999999999 0.10546899999999998 0.1703880000000001
73 0.9652345 0.10928299999999999 0.06796899999999995 0.213866
73 0.9671875 0.3895415 0.06406299999999998 0.19153900000000001
73 0.967969 0.6762635 0.0625 0.21504100000000004
