73 0.6487499999999999 0.485774 0.09124999999999994 0.08619199999999994
73 0.650625 0.38828450000000003 0.08749999999999991 0.09539700000000001
73 0.649375 0.2711295 0.08250000000000002 0.125523
73 0.6478125 0.816318 0.07062499999999994 0.09623399999999993
73 0.6578124999999999 0.7117155 0.083125 0.0912130000000001
73 0.6553125 0.606276 0.07562499999999994 0.07949799999999996
73 0.6615625 0.169456 0.06312499999999999 0.10794999999999999
73 0.76125 0.2175735 0.12875000000000003 0.170711
73 0.7484375 0.4811715 0.09812500000000002 0.11548099999999994
73 0.7634375 0.346025 0.12187499999999996 0.141422
73 0.7596875000000001 0.097908 0.11187500000000006 0.16569
73 0.7615625 0.6159 0.10812500000000003 0.11213399999999996
73 0.7296875 0.5753135 0.01937500000000003 0.03765699999999994
73 0.913125 0.3271965 0.1725 0.127197
73 0.9137500000000001 0.4719665 0.17125 0.12384899999999999
73 0.9143749999999999 0.651046 0.17000000000000004 0.11046
73 0.9146875 0.0514645 0.161875 0.102929
73 0.9246875 0.142678 0.14937500000000004 0.2
73 0.9293750000000001 0.7861925000000001 0.12750000000000006 0.094561
