73 0.10593749999999999 0.8044089999999999 0.030625 0.12289000000000005
73 0.7321875 0.2012195 0.014375000000000027 0.196061
73 0.7571875 0.22420250000000003 0.018124999999999947 0.16510300000000003
73 0.7703125 0.2176365 0.01937500000000003 0.163227
73 0.7928124999999999 0.237336 0.020625000000000004 0.153846
73 0.8090625 0.23968099999999998 0.021874999999999978 0.166042
73 0.83 0.2368665 0.020000000000000018 0.13977500000000004
73 0.855625 0.237336 0.020000000000000018 0.157598
73 0.8703125 0.2481235 0.011874999999999969 0.11726100000000003
73 0.8896875 0.2335835 0.016874999999999973 0.15759900000000002
73 0.91 0.240619 0.011249999999999982 0.179174
73 0.9299999999999999 0.2326455 0.015000000000000013 0.14821700000000002
73 0.9478125 0.22701700000000002 0.013124999999999942 0.17073200000000002
73 0.9696875 0.230769 0.018125000000000058 0.170732
73 0.9890625 0.22044999999999998 0.020625000000000004 0.153846
