73 0.0736175 0.6081385 0.111259 0.678221
73 0.3467685 0.2200455 0.596269 0.14920900000000004
73 0.1715525 0.6073850000000001 0.127249 0.655614
73 0.299134 0.609269 0.139906 0.672946
73 0.4083945 0.603994 0.118587 0.669932
73 0.488008 0.6213265 0.09926799999999997 0.632253
73 0.563957 0.607385 0.08994000000000002 0.64205
73 0.6275820000000001 0.6299925 0.08927399999999996 0.631499
73 0.7135245 0.63263 0.127915 0.62321
73 0.8001335 0.61266 0.10926099999999994 0.6872640000000001
73 0.916056 0.609269 0.11725600000000003 0.7061040000000001
