73 0.0075 0.8049999999999999 0.015 0.25333400000000006
73 0.0590625 0.4754165 0.030625 0.13083300000000003
73 0.0603125 0.7041665 0.025624999999999995 0.19333299999999998
73 0.06625 0.91125 0.037500000000000006 0.17583400000000005
73 0.1340625 0.5387500000000001 0.023125000000000007 0.020833999999999908
73 0.1546875 0.605 0.06437500000000002 0.040000000000000036
73 0.14250000000000002 0.64625 0.035 0.03583399999999992
73 0.146875 0.572083 0.04375000000000001 0.03249999999999997
73 0.14625 0.6845829999999999 0.04000000000000001 0.032500000000000084
73 0.1771875 0.5404165000000001 0.014374999999999999 0.02083299999999999
73 0.21999999999999997 0.53625 0.03 0.04583399999999993
73 0.21718749999999998 0.6637500000000001 0.019375000000000003 0.04250000000000009
73 0.22125 0.625 0.027499999999999997 0.05166599999999999
73 0.2178125 0.71 0.018125000000000002 0.056665999999999994
73 0.238125 0.66125 0.00874999999999998 0.03416599999999992
73 0.3225 0.603333 0.03875000000000001 0.030000000000000027
73 0.32375 0.64125 0.03875000000000001 0.029166000000000025
73 0.3309375 0.5679164999999999 0.021874999999999978 0.030833
73 0.3315625 0.5466664999999999 0.018125000000000002 0.011666999999999983
73 0.3334375 0.6754169999999999 0.01937500000000003 0.032500000000000084
73 0.3471875 0.539583 0.008124999999999993 0.022499999999999964
73 0.3490625 0.6395835 0.011874999999999969 0.025832999999999995
73 0.34968750000000004 0.569583 0.013124999999999998 0.02749999999999997
73 0.35125 0.6041665 0.010000000000000009 0.031667
73 0.35125 0.6745835 0.010000000000000009 0.03416700000000006
73 0.36343749999999997 0.582917 0.021875000000000033 0.03249999999999997
73 0.36531250000000004 0.5370835 0.018125000000000002 0.030833
73 0.3659375 0.61875 0.01687500000000003 0.03249999999999997
73 0.3665625 0.6541669999999999 0.018125000000000002 0.03500000000000003
73 0.3665625 0.692917 0.018125000000000002 0.04249999999999998
73 0.3871875 0.534583 0.023125000000000007 0.03249999999999997
73 0.3871875 0.6620835 0.018125000000000002 0.035833000000000004
73 0.3884375 0.5845835 0.020625000000000004 0.025832999999999995
73 0.3884375 0.7075 0.018125000000000002 0.04166599999999998
73 0.3896875 0.6187499999999999 0.020625000000000004 0.03583400000000003
73 0.4040625 0.6654165000000001 0.010624999999999996 0.03916700000000006
73 0.4078125 0.53125 0.018125000000000002 0.03583399999999992
73 0.4090625 0.589583 0.020625000000000004 0.03249999999999997
73 0.4028125 0.712917 0.005624999999999991 0.03749999999999998
73 0.4053125 0.6266670000000001 0.010624999999999996 0.03500000000000003
73 0.4396875 0.6066665 0.04812499999999997 0.046667000000000014
73 0.44156249999999997 0.6620835 0.044375 0.07083300000000003
73 0.44 0.5233335 0.03874999999999995 0.05166699999999996
73 0.44343750000000004 0.79875 0.04562499999999997 0.07250000000000001
73 0.44156249999999997 0.7333335 0.03562499999999996 0.06833299999999998
73 0.49343750000000003 0.76 0.06187500000000001 0.08333400000000002
73 0.4946875 0.5954165 0.06437499999999996 0.07083299999999992
73 0.49593750000000003 0.51375 0.05937500000000001 0.07583400000000001
73 0.4965625 0.68875 0.060624999999999984 0.07083399999999995
73 0.4978125 0.8441665 0.06312500000000004 0.10333300000000001
73 0.5700000000000001 0.6204165 0.09124999999999994 0.06583300000000003
73 0.5728125 0.7995835 0.09187500000000004 0.11416699999999991
73 0.5706249999999999 0.50375 0.08500000000000008 0.08250000000000002
73 0.573125 0.7020835000000001 0.08499999999999996 0.08416699999999999
73 0.5759375 0.9004165 0.09062499999999996 0.11583299999999996
73 0.6915625000000001 0.946667 0.13812499999999994 0.10499999999999998
73 0.6903125 0.4941665 0.130625 0.09166700000000005
73 0.6928125 0.749583 0.13312500000000005 0.12749999999999995
73 0.6934375 0.8716665 0.12937500000000002 0.151667
73 0.69 0.6325000000000001 0.09375 0.08999999999999997
73 0.8253125 0.467083 0.12937500000000002 0.1375
73 0.8153125 0.9195835 0.10187499999999994 0.13916700000000004
73 0.8309375 0.79125 0.130625 0.13749999999999996
73 0.8296875 0.6304164999999999 0.11812500000000004 0.12916699999999992
