73 0.0365625 0.254162 0.073125 0.201998
73 0.08156250000000001 0.25582699999999997 0.024374999999999994 0.17869
73 0.1096875 0.261931 0.03687499999999999 0.17758000000000002
73 0.19906249999999998 0.827414 0.144375 0.220866
73 0.208125 0.7580469999999999 0.11124999999999999 0.07325199999999998
73 0.23625000000000002 0.4478355 0.135 0.120977
73 0.19093749999999998 0.297447 0.043125 0.12874599999999997
73 0.3103125 0.293008 0.11937500000000001 0.162042
73 0.35625 0.6903440000000001 0.14625 0.08435000000000004
73 0.3596875 0.7586014999999999 0.125625 0.13651500000000005
73 0.538125 0.7319645 0.07125000000000004 0.027746999999999966
73 0.5296875 0.988346 0.034375000000000044 0.021087999999999996
73 0.5846875 0.95283 0.06812499999999999 0.09211999999999998
