73 0.5687500000000001 0.7275 0.03749999999999998 0.10833400000000004
73 0.5743750000000001 0.6174999999999999 0.036250000000000004 0.10833400000000004
73 0.574375 0.495 0.03125 0.125
73 0.575625 0.3929165 0.028749999999999942 0.07583300000000004
73 0.86625 0.9075 0.20125000000000004 0.183334
73 0.8696875 0.7429165 0.20562500000000006 0.170833
73 0.8687499999999999 0.575 0.19125000000000003 0.14500000000000002
73 0.8746875000000001 0.42083349999999997 0.198125 0.08833300000000005
73 0.946875 0.5670835000000001 0.007500000000000062 0.10416700000000001
73 0.9909375 0.8629165000000001 0.016874999999999973 0.13416700000000004
73 0.9915625 0.7129165 0.015625 0.12416700000000003
73 0.9940625000000001 0.557083 0.010624999999999996 0.1225
