73 0.3328125 0.49015 0.021874999999999978 0.11163199999999995
73 0.38093750000000004 0.4704505 0.023125000000000007 0.10225100000000004
73 0.3784375 0.575985 0.013124999999999998 0.07879999999999998
73 0.7459374999999999 0.678705 0.16437500000000005 0.17354599999999998
73 0.7012499999999999 0.5065665 0.06874999999999998 0.15947500000000003
73 0.75 0.8231705 0.1612499999999999 0.12288900000000003
73 0.7359375 0.968574 0.12812500000000004 0.06097600000000003
73 0.7475 0.3433395 0.15125 0.144465
73 0.7375 0.510319 0.020000000000000018 0.15197000000000005
73 0.7818750000000001 0.5131330000000001 0.08750000000000002 0.15759800000000002
