73 0.0553125 0.27875 0.110625 0.23416599999999999
73 0.4884375 0.19 0.781875 0.16333399999999998
73 0.4859375 0.075 0.763125 0.15
73 0.4890625 0.32458349999999997 0.751875 0.17083299999999998
73 0.485 0.457083 0.7362500000000001 0.09749999999999998
73 0.4971875 0.5458335 0.754375 0.13833299999999998
73 0.4865625 0.85875 0.715625 0.13250000000000006
73 0.48125 0.7470829999999999 0.7025 0.0824999999999999
73 0.4890625 0.6266665 0.710625 0.03833299999999995
73 0.4915625 0.6812499999999999 0.713125 0.08750000000000002
73 0.4840625 0.8058335 0.676875 0.04833299999999996
