73 0.368125 0.7485850000000001 0.37249999999999994 0.25943400000000005
73 0.265625 0.45471700000000004 0.1425 0.243396
73 0.3040625 0.307547 0.106875 0.143396
73 0.313125 0.1792455 0.10375000000000001 0.130189
73 0.41375 0.462736 0.13875000000000004 0.263208
73 0.4284375 0.2702835 0.111875 0.195283
73 0.435625 0.16462300000000002 0.09999999999999998 0.09717
73 0.515625 0.792453 0.21375000000000005 0.260378
73 0.5603125 0.4943395 0.13687500000000002 0.22264099999999998
73 0.549375 0.1896225 0.09500000000000008 0.06981100000000001
73 0.5640624999999999 0.3070755 0.114375 0.183963
73 0.685625 0.15424500000000002 0.15500000000000003 0.268868
73 0.6950000000000001 0.366981 0.14 0.17169800000000002
73 0.73125 0.501887 0.14125 0.23773599999999995
