73 0.49166699999999997 0.8821874999999999 0.11499999999999994 0.145625
73 0.210833 0.2684375 0.13 0.15187499999999998
73 0.48875 0.271875 0.674166 0.15375
73 0.48624999999999996 0.49312500000000004 0.635834 0.15750000000000003
73 0.467083 0.686875 0.5925 0.19999999999999996
73 0.4825 0.8887499999999999 0.596666 0.20000000000000007
73 0.3254165 0.27437500000000004 0.10916700000000001 0.11625000000000002
73 0.4075 0.2709375 0.07333399999999995 0.11937500000000001
73 0.4975 0.3271875 0.18499999999999994 0.020625000000000004
73 0.49875 0.265 0.11416600000000005 0.10124999999999998
73 0.6025 0.27625 0.11166599999999993 0.11624999999999996
73 0.65625 0.2853125 0.1091660000000001 0.11437500000000003
73 0.7095830000000001 0.676875 0.09750000000000003 0.11749999999999994
73 0.77 0.2759375 0.13166600000000006 0.136875
73 0.9425 0.31562500000000004 0.11333400000000005 0.065
