73 0.105 0.7772045000000001 0.21 0.44371499999999997
73 0.2 0.796435 0.1 0.32833
73 0.3359375 0.597092 0.13312500000000005 0.327392
73 0.3484375 0.795497 0.130625 0.3733580000000001
73 0.38187499999999996 0.902908 0.058750000000000024 0.19230800000000003
73 0.43374999999999997 0.586773 0.027500000000000024 0.09850000000000003
73 0.4384375 0.6894935 0.020625000000000004 0.09568500000000002
73 0.6259375 0.5694185 0.04937500000000006 0.136961
73 0.6287499999999999 0.4713885 0.04749999999999999 0.14352699999999996
73 0.9768749999999999 0.7673544999999999 0.04500000000000004 0.397749
