73 0.8676729999999999 0.47968749999999993 0.22735399999999995 0.23312499999999997
73 0.4773535 0.5249999999999999 0.46092299999999997 0.12124999999999997
73 0.48978700000000003 0.35062499999999996 0.460924 0.13874999999999998
73 0.49067500000000003 0.649375 0.459148 0.13875000000000004
73 0.49111899999999997 0.809375 0.449378 0.20499999999999996
73 0.688277 0.5375 0.02842 0.10375000000000001
73 0.875666 0.649375 0.246892 0.09375
73 0.875666 0.74 0.246892 0.09375
73 0.875666 0.93375 0.246892 0.12624999999999997
73 0.876554 0.8321875 0.245116 0.11062499999999997
73 0.8610125 0.53 0.18383699999999992 0.07375000000000004
73 0.8632329999999999 0.43062500000000004 0.179396 0.07
