73 0.229375 0.16066950000000002 0.3225 0.22259500000000002
73 0.1 0.420502 0.04375 0.16485399999999995
73 0.23125 0.411297 0.29874999999999996 0.206694
73 0.241875 0.534728 0.30874999999999997 0.33640200000000003
73 0.24812499999999998 0.651046 0.29625 0.45523
73 0.26125 0.51841 0.31375000000000003 0.961506
73 0.2553125 0.7456065000000001 0.291875 0.507113
73 0.3028125 0.770711 0.211875 0.456904
73 0.3478125 0.804184 0.140625 0.389958
73 0.50375 0.43012550000000005 0.18124999999999997 0.24435100000000004
73 0.7784375 0.501255 0.390625 0.995816
73 0.6634374999999999 0.7987445 0.156875 0.39246899999999996
73 0.7128125000000001 0.7732215 0.24187499999999995 0.45188300000000003
73 0.7446875 0.7447699999999999 0.2956249999999999 0.500418
73 0.6875 0.5577405 0.16874999999999996 0.251883
73 0.775625 0.3995815 0.3425 0.21338899999999994
73 0.775625 0.5297069999999999 0.32624999999999993 0.29790799999999995
73 0.7865625 0.149791 0.3481249999999999 0.251046
73 0.818125 0.6836819999999999 0.05125000000000002 0.11380800000000002
73 0.863125 0.72636 0.04249999999999998 0.09372399999999992
73 0.9140625 0.8 0.026874999999999982 0.11882800000000004
