73 0.0366665 0.036875 0.073333 0.07375
73 0.1025 0.905 0.205 0.17625000000000002
73 0.1141665 0.0396875 0.076667 0.079375
73 0.2791665 0.926875 0.31666700000000003 0.14500000000000002
73 0.25416649999999996 0.890625 0.216667 0.1712499999999999
73 0.23249999999999998 0.03875 0.08666599999999999 0.0775
73 0.40833349999999996 0.956875 0.323333 0.08499999999999996
73 0.4808335 0.853125 0.37333299999999997 0.16749999999999998
73 0.5025000000000001 0.858125 0.325 0.16374999999999995
73 0.7154164999999999 0.9140625 0.300833 0.17062500000000003
73 0.6779165 0.343125 0.17916699999999997 0.13874999999999998
73 0.6333335 0.96625 0.06833299999999998 0.06625000000000003
73 0.799167 0.19437500000000002 0.4 0.21375000000000002
73 0.82375 0.045625 0.10749999999999993 0.08374999999999999
