73 0.448125 0.377778 0.14999999999999997 0.36222199999999993
73 0.45781249999999996 0.4572225 0.16187499999999994 0.04111099999999995
73 0.44937499999999997 0.605 0.14250000000000002 0.05888800000000005
73 0.455 0.646111 0.15125 0.063334
73 0.4553125 0.627778 0.140625 0.022222000000000075
73 0.45968749999999997 0.701667 0.14687499999999998 0.06999999999999995
73 0.4596875 0.3783335 0.14437499999999998 0.034445
73 0.4603125 0.5505555 0.143125 0.04111100000000001
73 0.45781249999999996 0.4938885 0.13062499999999994 0.03888900000000006
73 0.45906250000000004 0.2883335 0.133125 0.023332999999999993
73 0.45906250000000004 0.6572225 0.133125 0.023332999999999937
73 0.459375 0.24 0.13125000000000003 0.07111200000000004
73 0.4609375 0.41000000000000003 0.13437499999999997 0.03333400000000003
73 0.4628125 0.32166649999999997 0.135625 0.03888900000000001
73 0.4628125 0.511111 0.135625 0.013333999999999957
73 0.4659375 0.426111 0.12687500000000002 0.016666000000000014
73 0.4659375 0.357778 0.12437499999999996 0.020000000000000018
73 0.46968750000000004 0.342778 0.12937500000000002 0.014443999999999957
73 0.6859375000000001 0.511111 0.176875 0.5466660000000001
