73 0.283594 0.1145835 0.151562 0.091667
73 0.28984350000000003 0.2583335 0.14843699999999999 0.066667
73 0.29375 0.36875 0.15000000000000002 0.04999999999999999
73 0.253125 0.528125 0.06562399999999999 0.08124999999999999
73 0.29375 0.446875 0.140624 0.08124999999999999
73 0.303906 0.53125 0.029687999999999992 0.06666599999999995
73 0.3312495 0.5510415 0.04062499999999997 0.03541700000000003
73 0.7460935 0.541667 0.13593699999999997 0.0625
73 0.75 0.360417 0.14375000000000004 0.07500000000000001
73 0.75 0.4489585 0.134374 0.07291700000000001
73 0.7539065 0.251042 0.14218699999999995 0.08125000000000002
73 0.714844 0.121875 0.057811999999999975 0.06875
