73 0.050625 0.018242 0.10125 0.036484
73 0.0575 0.5667495 0.115 0.16169100000000003
73 0.068125 0.318408 0.13625 0.147596
73 0.0646875 0.13515749999999999 0.12437499999999999 0.167495
73 0.30625 0.155887 0.30874999999999997 0.14262000000000002
73 0.3046875 0.0352405 0.295625 0.070481
73 0.29562499999999997 0.3167495 0.26 0.165837
73 0.33468749999999997 0.5750415 0.223125 0.05555500000000002
73 0.398125 0.27487550000000005 0.04125000000000001 0.019071000000000005
73 0.5565625000000001 0.1297675 0.155625 0.105307
73 0.5746875 0.3893035 0.18687499999999996 0.11028100000000002
73 0.5806250000000001 0.037728 0.19875000000000004 0.075456
73 0.5721875 0.26326700000000003 0.179375 0.10364800000000002
73 0.569375 0.572554 0.16875000000000007 0.03233799999999998
73 0.788125 0.3781095 0.09999999999999998 0.08457700000000001
73 0.8206249999999999 0.1488395 0.16499999999999992 0.10530700000000001
73 0.836875 0.049751 0.1975 0.099502
73 0.8103125 0.2678275 0.12812500000000004 0.10116100000000003
73 0.8078125 0.512023 0.07437499999999997 0.10862400000000005
73 0.9746874999999999 0.38059699999999996 0.04937500000000006 0.08291799999999999
73 0.9765625 0.169569 0.04562500000000003 0.08374799999999999
73 0.9771875 0.06550550000000001 0.04437500000000005 0.082919
73 0.9784375000000001 0.2711445 0.041874999999999996 0.08457700000000001
73 0.984375 0.5 0.030000000000000027 0.08457800000000004
