73 0.0115625 0.9695834999999999 0.023125 0.05916700000000008
73 0.0134375 0.7749999999999999 0.026875 0.10999999999999999
73 0.035625 0.035 0.07125 0.061666000000000006
73 0.039375 0.38125 0.07875 0.07250000000000001
73 0.04 0.30125 0.08 0.07083400000000001
73 0.040625 0.46125 0.08125 0.0675
73 0.04125 0.5429165 0.0825 0.06583300000000003
73 0.0465625 0.605 0.090625 0.05166599999999999
73 0.1534375 0.7791665 0.204375 0.17333299999999996
73 0.1596875 0.91625 0.216875 0.16583400000000004
73 0.15468749999999998 0.065833 0.053125000000000006 0.055
73 0.1565625 0.0195835 0.051875000000000004 0.030833000000000003
73 0.19625 0.39166650000000003 0.12125000000000002 0.058333000000000024
73 0.1984375 0.32166649999999997 0.12062499999999998 0.06666699999999998
73 0.19968750000000002 0.535833 0.12062500000000001 0.05499999999999994
73 0.2009375 0.468333 0.12062499999999998 0.06000000000000005
73 0.203125 0.585 0.11375000000000002 0.046665999999999985
73 0.23343750000000002 0.10041649999999999 0.02687500000000001 0.040832999999999994
73 0.2403125 0.0308335 0.033125000000000016 0.053333000000000005
73 0.30500000000000005 0.111667 0.10125 0.08499999999999999
73 0.30625 0.042083 0.09249999999999997 0.0825
73 0.3140625 0.3283335 0.09812499999999996 0.05666700000000002
73 0.31281250000000005 0.3983335 0.09062500000000001 0.05166700000000002
73 0.3140625 0.46 0.09312499999999996 0.05166599999999999
73 0.3140625 0.5704165000000001 0.09312499999999996 0.030833
73 0.3153125 0.525 0.09562499999999996 0.05666599999999994
73 0.321875 0.012083 0.0675 0.0225
73 0.343125 0.7179165000000001 0.03875000000000001 0.12416700000000003
73 0.39937500000000004 0.8404165 0.14375 0.14416699999999993
73 0.39749999999999996 0.0325 0.07624999999999998 0.06
73 0.36812500000000004 0.7158335 0.012500000000000011 0.098333
73 0.40249999999999997 0.0883335 0.07624999999999998 0.058332999999999996
73 0.40375 0.4583335 0.07874999999999999 0.05166700000000002
73 0.40312499999999996 0.1479165 0.07500000000000001 0.070833
73 0.4146875 0.6966665 0.09437499999999999 0.11166699999999996
73 0.405625 0.34833349999999996 0.07 0.058333000000000024
73 0.4075 0.56 0.07375000000000004 0.0516660000000001
73 0.40812499999999996 0.5191665000000001 0.07500000000000001 0.05166700000000002
73 0.40875 0.4008335 0.07625000000000004 0.053332999999999964
73 0.4565625 0.12375 0.019374999999999976 0.03583399999999999
73 0.4584375 0.0533335 0.020625000000000004 0.043332999999999997
73 0.4890625 0.510833 0.07062500000000005 0.04999999999999999
73 0.4915625 0.407917 0.070625 0.04250000000000004
73 0.4890625 0.5533330000000001 0.06312499999999999 0.03500000000000003
73 0.4903125 0.455 0.06562499999999993 0.04166599999999998
73 0.4896875 0.354167 0.06187500000000001 0.04999999999999999
73 0.4875 0.01375 0.04749999999999999 0.0275
73 0.5196875 0.6812499999999999 0.09437500000000004 0.08750000000000002
73 0.5246875 0.78 0.10187500000000005 0.12
73 0.495 0.07125000000000001 0.03875000000000001 0.044166
73 0.5 0.190833 0.017500000000000016 0.03999999999999998
73 0.5549999999999999 0.1683335 0.04749999999999999 0.046667000000000014
73 0.5584374999999999 0.0275 0.05312499999999998 0.055
73 0.5575 0.21166649999999998 0.04249999999999998 0.046666999999999986
73 0.5587500000000001 0.115833 0.03749999999999998 0.04500000000000001
73 0.57125 0.37 0.04375000000000007 0.043333999999999984
73 0.5762499999999999 0.53625 0.028749999999999942 0.02416599999999991
73 0.580625 0.45958299999999996 0.03500000000000003 0.04250000000000004
73 0.580625 0.4166665 0.032500000000000084 0.046667000000000014
73 0.580625 0.5058335 0.029999999999999916 0.043332999999999955
73 0.5984375 0.185 0.045624999999999916 0.046665999999999985
73 0.5996875 0.22791649999999997 0.04562500000000003 0.045832999999999985
73 0.615625 0.7379165 0.07250000000000001 0.10916700000000001
73 0.615 0.6433335 0.06875000000000009 0.05666700000000002
73 0.605 0.08583299999999999 0.03749999999999998 0.03499999999999999
73 0.606875 0.0483335 0.0412499999999999 0.051667
73 0.605 0.1416665 0.030000000000000027 0.046667000000000014
73 0.61 0.01625 0.03499999999999992 0.0325
73 0.6571875 0.21666649999999998 0.051875000000000004 0.03833299999999998
73 0.65375 0.0425 0.03749999999999998 0.05500000000000001
73 0.6540625 0.0775 0.034375000000000044 0.05499999999999999
73 0.6553125 0.0154165 0.03687499999999999 0.030833
73 0.65875 0.250417 0.04375000000000007 0.0325
73 0.6546875000000001 0.1625 0.030625000000000013 0.043333999999999984
73 0.6809375 0.6379165 0.06312499999999999 0.035833000000000004
73 0.6803125 0.7070835 0.04437500000000005 0.07416699999999998
73 0.6812499999999999 0.1304165 0.03500000000000003 0.020833000000000018
73 0.691875 0.1066665 0.036250000000000004 0.051667000000000005
73 0.6940625 0.0325 0.04062500000000002 0.048334
73 0.6934375 0.22791650000000002 0.03562500000000002 0.11583299999999999
73 0.6928125 0.07 0.03187499999999999 0.051666000000000004
73 0.7015625000000001 0.3845835 0.030625000000000013 0.030833
73 0.7040625 0.4129165 0.03562500000000002 0.01916699999999999
73 0.7375 0.2441665 0.036250000000000004 0.11333300000000002
73 0.7375 0.1108335 0.03375000000000006 0.12166699999999998
73 0.7421875 0.457917 0.0318750000000001 0.02250000000000002
73 0.7446875 0.395 0.03187499999999999 0.03166600000000003
73 0.7428125 0.424583 0.02562500000000001 0.02749999999999997
73 0.7453125 0.6725000000000001 0.021874999999999978 0.066666
73 0.7715624999999999 0.2429165 0.04062500000000002 0.13083300000000003
73 0.775 0.1358335 0.043749999999999956 0.116667
73 0.77 0.3941665 0.028750000000000053 0.033333
73 0.771875 0.4595835 0.030000000000000027 0.025832999999999995
73 0.7718750000000001 0.427083 0.02749999999999997 0.022499999999999964
73 0.7725 0.49125 0.02375000000000005 0.02416600000000002
73 0.7946875 0.40208350000000004 0.020625000000000004 0.024166999999999994
73 0.7940625 0.4870835 0.016874999999999973 0.035833000000000004
73 0.7984375 0.45541699999999996 0.023125000000000062 0.027500000000000024
73 0.7971875 0.4304165 0.015625 0.029167
73 0.900625 0.24791649999999998 0.1975 0.280833
73 0.8190625 0.4895835 0.030625000000000013 0.04083300000000001
73 0.8171875 0.407917 0.016875000000000084 0.02250000000000002
73 0.8171875 0.435417 0.016875000000000084 0.022499999999999964
73 0.8215625 0.46125 0.018124999999999947 0.019166000000000016
