73 0.199375 0.06 0.39875 0.118334
73 0.0653125 0.5358335 0.051875 0.616667
73 0.073125 0.985417 0.065 0.02750000000000008
73 0.1015625 0.5520835 0.046875 0.590833
73 0.1578125 0.9725 0.09687499999999999 0.05333399999999999
73 0.14500000000000002 0.5454165 0.04000000000000001 0.5841670000000001
73 0.1871875 0.526667 0.050625 0.625
73 0.228125 0.5379165 0.048750000000000016 0.599167
73 0.2415625 0.9708335 0.07312500000000002 0.05666700000000002
73 0.2628125 0.5308335 0.015625 0.616667
73 0.29125 0.5145835 0.04375000000000001 0.665833
73 0.325 0.9725 0.08250000000000002 0.05333399999999999
73 0.32999999999999996 0.5479165 0.028749999999999998 0.585833
73 0.3584375 0.5291665 0.020625000000000004 0.613333
73 0.3921875 0.5291665 0.030624999999999958 0.613333
73 0.4328125 0.9870835 0.09437499999999999 0.02416700000000005
73 0.425625 0.547917 0.036250000000000004 0.5925
73 0.46562499999999996 0.551667 0.04375000000000001 0.565
73 0.5 0.5695835 0.03750000000000003 0.549167
73 0.5390625 0.9666669999999999 0.09562500000000002 0.06500000000000006
73 0.555625 0.5525 0.07374999999999998 0.573334
73 0.618125 0.9804170000000001 0.06999999999999995 0.03749999999999998
73 0.6334375 0.5483335 0.078125 0.603333
73 0.6921875 0.9820835 0.06312499999999999 0.03416700000000006
73 0.6890625 0.5599999999999999 0.028124999999999956 0.571666
73 0.7228125000000001 0.5591665 0.03312499999999996 0.566667
73 0.771875 0.9750000000000001 0.08499999999999996 0.04833399999999999
73 0.7731250000000001 0.5679165 0.08500000000000008 0.549167
73 0.828125 0.534583 0.07624999999999993 0.6025
73 0.8531249999999999 0.977917 0.08750000000000002 0.04249999999999998
73 0.9146875 0.5454165 0.10687500000000005 0.604167
73 0.9359375 0.9666669999999999 0.08812500000000001 0.06500000000000006
73 0.9509375 0.952917 0.09687500000000004 0.09250000000000003
73 0.9753125 0.54375 0.04812499999999997 0.6075
