73 0.0559375 0.2327665 0.028125000000000004 0.044380999999999976
73 0.07843750000000001 0.34136 0.073125 0.04438200000000003
73 0.0740625 0.393768 0.056874999999999995 0.02077399999999996
73 0.08374999999999999 0.2922565 0.0725 0.042493
73 0.09593750000000001 0.23559950000000002 0.023124999999999993 0.031161000000000022
73 0.4584375 0.13881 0.18937499999999996 0.08498599999999999
73 0.4296875 0.412181 0.12437500000000001 0.06515599999999999
73 0.4284375 0.2398485 0.11937499999999995 0.06232299999999996
73 0.425 0.594901 0.09499999999999997 0.09442799999999996
73 0.423125 0.5155810000000001 0.08875000000000005 0.06421200000000005
73 0.4271875 0.3338055 0.078125 0.05571299999999996
73 0.5903125 0.611426 0.02562500000000001 0.06515599999999999
73 0.5940624999999999 0.5075545 0.020625000000000004 0.044381000000000004
73 0.7909375 0.321058 0.014375000000000027 0.02644000000000002
73 0.8928125 0.24551450000000002 0.213125 0.09631700000000001
73 0.8934375 0.1359775 0.21187500000000004 0.090651
73 0.921875 0.3545795 0.15500000000000003 0.114259
73 0.931875 0.476865 0.135 0.10576000000000002
73 0.9334375 0.5892355 0.13187499999999996 0.10198300000000005
