73 0.1929165 0.135 0.069167 0.146666
73 0.380833 0.3245835 0.31 0.19083299999999997
73 0.3833335 0.11124999999999999 0.3116669999999999 0.1875
73 0.46791649999999996 0.53125 0.11583300000000002 0.22249999999999998
73 0.7329165 0.6533335 0.400833 0.30833299999999997
73 0.7112499999999999 0.85 0.3441660000000001 0.25333399999999995
73 0.745 0.3933335 0.408334 0.266667
73 0.7675000000000001 0.125 0.42499999999999993 0.21166600000000002
73 0.652083 0.9616665 0.13249999999999995 0.05666700000000002
73 0.9575 0.400417 0.03166599999999997 0.2425
