73 0.0359375 0.212037 0.071875 0.06481399999999998
73 0.0364585 0.299074 0.072917 0.07222200000000001
73 0.0364585 0.399074 0.072917 0.057408000000000015
73 0.038021 0.48333349999999997 0.076042 0.07037099999999996
73 0.1635415 0.8064815000000001 0.327083 0.38333300000000003
73 0.128125 0.385185 0.10833400000000001 0.07037000000000004
73 0.1286455 0.2805555 0.10312500000000001 0.08333300000000002
73 0.1286455 0.4814815 0.10312500000000001 0.09259299999999998
73 0.12916650000000002 0.1777775 0.10208300000000001 0.08518500000000001
73 0.1484375 0.5768515000000001 0.067709 0.061111000000000026
73 0.246875 0.249074 0.12291600000000003 0.101852
73 0.2489585 0.3638885 0.127083 0.08703700000000003
73 0.2494795 0.1342595 0.128125 0.09074100000000002
73 0.25104150000000003 0.48425949999999995 0.12916699999999998 0.08703699999999998
73 0.253646 0.6046294999999999 0.12395799999999998 0.08703699999999992
73 0.34010450000000003 0.3407405 0.05312500000000003 0.10740700000000003
73 0.3536455 0.4703705 0.078125 0.11481499999999994
73 0.34375 0.100926 0.04583400000000004 0.08333399999999999
73 0.3619795 0.589815 0.078125 0.11666599999999994
73 0.3421875 0.2287035 0.036458999999999964 0.10555499999999998
73 0.359896 0.7444445 0.06354199999999999 0.13333300000000003
73 0.6041665 0.037963 0.12916699999999992 0.075926
73 0.590104 0.187963 0.019792000000000032 0.07963
73 0.6296875 0.165741 0.05937500000000007 0.101852
73 0.8421875 0.1212965 0.30937499999999996 0.242593
