73 0.246582 0.6953125 0.493164 0.1770830000000001
73 0.2504885 0.8769534999999999 0.500977 0.20703100000000008
73 0.253418 0.5214845 0.506836 0.13671900000000003
73 0.7602535 0.1308595 0.12011700000000003 0.113281
73 0.8100585 0.2311195 0.17871100000000006 0.324219
73 0.82959 0.40690099999999996 0.12402400000000002 0.19400999999999996
73 0.8579105 0.0397135 0.06738299999999997 0.079427
73 0.9418945000000001 0.847656 0.11230499999999999 0.24739600000000006
73 0.9438475 0.5872395 0.11035099999999998 0.263021
73 0.948242 0.1321615 0.10156200000000004 0.264323
73 0.950195 0.355469 0.09765599999999997 0.24999999999999997
73 0.9399415 0.6132815 0.04199299999999995 0.19531299999999996
