73 0.1665625 0.7570835 0.333125 0.39416699999999993
73 0.1678125 0.2041665 0.335625 0.408333
73 0.1703125 0.357917 0.340625 0.39249999999999996
73 0.2096875 0.7945835 0.419375 0.390833
73 0.2825 0.9275 0.10874999999999999 0.14333400000000007
73 0.41593749999999996 0.9095835 0.138125 0.07583300000000004
73 0.423125 0.7041665 0.14750000000000002 0.08666700000000005
73 0.43062500000000004 0.42375 0.15625000000000006 0.08250000000000002
73 0.4375 0.803333 0.16749999999999998 0.08499999999999996
73 0.4246875 0.5079165 0.13687499999999997 0.07916699999999999
73 0.44281249999999994 0.5983335 0.17062499999999997 0.088333
73 0.5834375 0.9041665 0.04937500000000006 0.08666700000000005
73 0.5865625 0.6045834999999999 0.055625000000000036 0.0791670000000001
73 0.5871875 0.8079165 0.05687500000000001 0.07916699999999999
73 0.5834375 0.705417 0.046875 0.07750000000000001
73 0.58875 0.5045835 0.04875000000000007 0.07916699999999993
73 0.590625 0.42625 0.05249999999999999 0.07750000000000001
73 0.8075 0.36 0.38375000000000004 0.41999999999999993
73 0.809375 0.2075 0.38 0.415
73 0.665625 0.9225 0.08624999999999994 0.15333400000000008
73 0.8049999999999999 0.7749999999999999 0.36249999999999993 0.413334
73 0.7703125 0.8508335 0.290625 0.296667
73 0.9465625 0.8154165 0.10562499999999997 0.33083299999999993
