73 0.005 0.28833299999999995 0.01 0.06
73 0.006875 0.4295835 0.01375 0.054166999999999965
73 0.0075 0.4991665 0.015 0.05166700000000002
73 0.008125 0.589167 0.01625 0.05499999999999994
73 0.006875 0.3633335 0.00625 0.058333000000000024
73 0.1134375 0.42374999999999996 0.10562500000000001 0.07916600000000001
73 0.09 0.2320835 0.053750000000000006 0.030833
73 0.1190625 0.285833 0.09437500000000001 0.05499999999999999
73 0.1209375 0.5716669999999999 0.09562500000000002 0.07500000000000007
73 0.13718750000000002 0.22625 0.06812500000000002 0.0325
73 0.1359375 0.4883335 0.05562500000000001 0.05333300000000002
73 0.14375 0.3558335 0.06625 0.05666699999999997
73 0.3853125 0.3625 0.171875 0.056665999999999994
73 0.3353125 0.30291650000000003 0.06437500000000002 0.04416700000000001
73 0.385 0.5483335 0.16125 0.06666700000000003
73 0.3878125 0.255833 0.166875 0.04999999999999999
73 0.384375 0.4216665 0.15750000000000003 0.05166700000000002
73 0.3890625 0.48041649999999997 0.164375 0.044166999999999956
73 0.4515625 0.31166649999999996 0.05687500000000001 0.048333000000000015
73 0.745 0.39583349999999995 0.50875 0.096667
73 0.746875 0.548333 0.505 0.195
73 0.7475 0.4766665 0.50375 0.148333
73 0.748125 0.30874999999999997 0.5 0.07416600000000001
73 0.7534375 0.175 0.49187500000000006 0.101666
73 0.7571875 0.23291650000000003 0.484375 0.07416700000000001
73 0.77125 0.6429165 0.45625000000000004 0.2391669999999999
73 0.8946875000000001 0.676667 0.01937500000000003 0.08499999999999996
