73 0.0228125 0.833959 0.045625 0.330206
73 0.04 0.45591 0.08 0.37523399999999996
73 0.055 0.1247655 0.11 0.249531
73 0.2203125 0.8269230000000001 0.32937500000000003 0.344278
73 0.17 0.751876 0.185 0.2786120000000001
73 0.22718750000000001 0.2110695 0.231875 0.422139
73 0.2690625 0.1341465 0.17312500000000003 0.268293
73 0.28 0.664634 0.10249999999999998 0.19606
73 0.4296875 0.6336775 0.266875 0.34240099999999996
73 0.3621875 0.6271105 0.06187500000000001 0.11726100000000006
73 0.37375 0.3954035 0.058750000000000024 0.137899
73 0.38187499999999996 0.272514 0.065 0.19605999999999998
73 0.8534375000000001 0.499531 0.2881250000000001 0.999062
