73 0.03125 0.175 0.0625 0.11250000000000002
73 0.0281255 0.27708299999999997 0.053125 0.03750000000000003
73 0.1257815 0.44999999999999996 0.13281300000000001 0.10416599999999993
73 0.269531 0.3458335 0.398438 0.095833
73 0.1437505 0.5541665 0.13437499999999997 0.07916699999999999
73 0.1749995 0.089583 0.190625 0.037500000000000006
73 0.2750005 0.2114585 0.378125 0.12708300000000003
73 0.27421850000000003 0.54375 0.13593700000000003 0.08333400000000002
73 0.289063 0.44375 0.13125 0.07083400000000001
73 0.6734374999999999 0.178125 0.40624899999999997 0.10208400000000001
73 0.5406249999999999 0.0947915 0.13124999999999998 0.08541700000000002
73 0.6648434999999999 0.0864585 0.11718700000000004 0.072917
73 0.8054684999999999 0.31354150000000003 0.14218699999999995 0.08541700000000002
73 0.800781 0.06875 0.12343800000000005 0.075
73 0.8140624999999999 0.42604149999999996 0.13437500000000002 0.08541700000000002
