73 0.47062499999999996 0.5464355 0.09374999999999994 0.12476499999999996
73 0.4725 0.32833 0.08999999999999997 0.06941799999999998
73 0.4725 0.425422 0.08999999999999997 0.10225200000000001
73 0.6034375000000001 0.6013135000000001 0.135625 0.135085
73 0.6053125 0.360694 0.13937500000000003 0.09287000000000001
73 0.6046875 0.6984049999999999 0.13312500000000005 0.11350800000000005
73 0.6053124999999999 0.46763600000000005 0.13437500000000002 0.12101400000000001
73 0.955625 0.8011254999999999 0.08750000000000002 0.12007500000000004
73 0.956875 0.456848 0.08499999999999996 0.16135
73 0.958125 0.6327389999999999 0.08250000000000002 0.19043200000000005
73 0.9590624999999999 0.30863050000000003 0.08062500000000006 0.09568499999999996
73 0.969375 0.47561 0.012499999999999956 0.10694200000000004
