73 0.4759375 0.5930124999999999 0.473125 0.462701
73 0.058125 0.30689350000000004 0.11625 0.15297500000000003
73 0.0634375 0.49622299999999997 0.126875 0.17658199999999996
73 0.2209375 0.3097265 0.141875 0.154863
73 0.1940625 0.3007555 0.06562499999999999 0.136921
73 0.47125 0.29556150000000003 0.14125 0.15486300000000003
73 0.4675 0.430595 0.09500000000000003 0.09442799999999996
73 0.7659374999999999 0.799339 0.46687500000000004 0.39943400000000007
73 0.6284375 0.1954675 0.18062500000000004 0.390935
73 0.76875 0.499528 0.46125000000000005 0.999056
73 0.8031250000000001 0.2610955 0.39249999999999996 0.522191
