73 0.0815625 0.615139 0.12437499999999999 0.08742000000000005
73 0.135 0.204691 0.20875 0.08102400000000001
73 0.13625 0.288913 0.20625 0.08742
73 0.1375 0.41364599999999996 0.20875 0.07889200000000002
73 0.0803125 0.513859 0.075625 0.08742
73 0.2321875 0.511727 0.02562500000000001 0.07889200000000002
73 0.23125 0.615139 0.02125000000000002 0.08742000000000005
73 0.355 0.2004265 0.2125 0.08102300000000001
73 0.355 0.32516 0.21000000000000002 0.08102399999999998
73 0.355 0.416844 0.21000000000000002 0.08528800000000003
73 0.356875 0.512793 0.21125000000000005 0.08102400000000004
73 0.35875 0.609275 0.21000000000000002 0.09061800000000009
73 0.37093750000000003 0.7372065000000001 0.18562499999999998 0.09914699999999999
73 0.33968750000000003 0.93177 0.03562499999999996 0.134328
73 0.3753125 0.9626865 0.030625000000000013 0.07249499999999998
73 0.514375 0.840085 0.28874999999999995 0.19829399999999997
73 0.56 0.644456 0.19499999999999995 0.020256000000000052
73 0.573125 0.22014899999999998 0.21124999999999994 0.107676
73 0.5778125000000001 0.5938165 0.22062499999999996 0.09381700000000004
73 0.5753125 0.41364599999999996 0.21062500000000006 0.07889200000000002
73 0.5765625 0.49680199999999997 0.210625 0.08315599999999995
73 0.57375 0.324094 0.20250000000000007 0.09168399999999999
73 0.5806250000000001 0.726013 0.2 0.08315600000000001
73 0.6715625000000001 0.860874 0.03312499999999996 0.15245200000000003
73 0.721875 0.4920045 0.05500000000000005 0.12046900000000005
73 0.7321875 0.685501 0.073125 0.16631200000000002
73 0.7334375 0.7974414999999999 0.073125 0.183369
73 0.7475 0.5964815 0.10124999999999995 0.12260099999999996
73 0.7346874999999999 0.9088485 0.07062500000000005 0.18017099999999997
73 0.75 0.377932 0.0987499999999999 0.13112999999999997
73 0.848125 0.175373 0.29499999999999993 0.27825199999999994
73 0.7725 0.5175905 0.05874999999999997 0.14392299999999997
73 0.825 0.892857 0.11499999999999999 0.21215399999999995
73 0.801875 0.9722815 0.05624999999999991 0.053304999999999936
73 0.8296875 0.7819830000000001 0.11187499999999995 0.19296400000000002
73 0.8390625 0.67484 0.08437499999999998 0.0916840000000001
73 0.8371875 0.38059699999999996 0.078125 0.16844399999999998
73 0.8403125 0.5447759999999999 0.07437499999999997 0.17697200000000002
73 0.9409375 0.58742 0.11687500000000006 0.22387999999999997
73 0.9409375 0.7505329999999999 0.11687500000000006 0.159914
73 0.9437500000000001 0.38432849999999996 0.11124999999999996 0.20575700000000002
73 0.9437500000000001 0.8869935 0.11124999999999996 0.223881
73 0.92375 0.97548 0.06374999999999997 0.04690799999999995
73 0.9359375000000001 0.5794245 0.011874999999999969 0.18230299999999994
