73 0.01 0.137801 0.02 0.106928
73 0.011 0.0286145 0.022 0.057229
73 0.012 0.545934 0.024 0.112952
73 0.0145 0.2748495 0.029 0.10692700000000002
73 0.027 0.4103915 0.054 0.097891
73 0.08299999999999999 0.138554 0.046 0.09337399999999998
73 0.0885 0.0331325 0.047 0.066265
73 0.10550000000000001 0.2748495 0.05900000000000001 0.10391500000000001
73 0.0965 0.39834349999999996 0.033 0.09487899999999999
73 0.153 0.0338855 0.05399999999999999 0.067771
73 0.1615 0.1453315 0.056999999999999995 0.097891
73 0.16799999999999998 0.2673195 0.04200000000000001 0.091867
73 0.221 0.141566 0.035999999999999976 0.11747
73 0.237 0.247741 0.05200000000000002 0.100904
73 0.244 0.4819275 0.05600000000000002 0.07831299999999997
73 0.23299999999999998 0.0286145 0.032 0.057229
73 0.2415 0.36747 0.04100000000000001 0.10542200000000002
73 0.2885 0.0331325 0.030999999999999972 0.066265
73 0.29200000000000004 0.136295 0.03799999999999998 0.091868
73 0.2925 0.240964 0.034999999999999976 0.09337399999999998
73 0.29800000000000004 0.3524095 0.033999999999999975 0.06626500000000002
73 0.34550000000000003 0.0338855 0.04099999999999998 0.067771
73 0.348 0.23795149999999998 0.03199999999999997 0.08433699999999997
73 0.34950000000000003 0.134036 0.034999999999999976 0.093374
73 0.354 0.3463855 0.018000000000000016 0.06927699999999998
73 0.399 0.1445785 0.03999999999999998 0.051205
73 0.394 0.2417165 0.02400000000000002 0.061746999999999996
73 0.40049999999999997 0.0459335 0.03699999999999998 0.05271100000000001
73 0.4675 0.052711 0.034999999999999976 0.105422
73 0.5125 0.09864450000000001 0.02100000000000002 0.079819
73 0.5125 0.0218375 0.01100000000000001 0.043675
73 0.542 0.1084335 0.02200000000000002 0.06024100000000002
73 0.548 0.0225905 0.029999999999999916 0.045181
73 0.5680000000000001 0.189006 0.02199999999999991 0.05271000000000001
73 0.576 0.19051249999999997 0.020000000000000018 0.067771
73 0.578 0.1129515 0.02400000000000002 0.057229
73 0.58 0.0293675 0.020000000000000018 0.058735
73 0.603 0.19201849999999998 0.02200000000000002 0.055722999999999995
73 0.61 0.0993975 0.02400000000000002 0.063253
73 0.6105 0.0323795 0.019000000000000017 0.064759
73 0.635 0.1099395 0.018000000000000016 0.04518100000000001
73 0.633 0.0323795 0.01200000000000001 0.064759
73 0.662 0.18373499999999998 0.018000000000000016 0.054216000000000014
73 0.666 0.0368975 0.02400000000000002 0.061746999999999996
73 0.6615 0.1114455 0.013000000000000012 0.054217000000000015
73 0.7444999999999999 0.624247 0.1409999999999999 0.6039159999999999
73 0.6859999999999999 0.12123500000000001 0.0119999999999999 0.046686000000000005
73 0.6890000000000001 0.0436745 0.017999999999999905 0.048193
73 0.6970000000000001 0.6626505 0.03399999999999992 0.15963899999999998
73 0.698 0.5346385 0.029999999999999916 0.15963899999999998
73 0.6985 0.4021085 0.028999999999999915 0.165663
73 0.7055 0.047439499999999996 0.017000000000000015 0.052711
73 0.7135 0.0399095 0.02300000000000002 0.06475900000000001
73 0.755 0.441265 0.06600000000000006 0.159638
73 0.757 0.6506025 0.07000000000000006 0.15060300000000004
73 0.7335 0.050451499999999996 0.015000000000000013 0.052711
73 0.733 0.11295150000000001 0.01200000000000001 0.051205000000000014
73 0.76 0.8629519999999999 0.04800000000000004 0.16265000000000007
73 0.7515000000000001 0.189006 0.02300000000000002 0.067772
73 0.7825 0.0256025 0.02100000000000002 0.051205
73 0.79 0.7891565 0.028000000000000025 0.141567
73 0.7975000000000001 0.525602 0.027000000000000024 0.126506
73 0.795 0.4051205 0.020000000000000018 0.17168700000000003
73 0.8075 0.6393070000000001 0.03699999999999992 0.100904
73 0.8115 0.12349399999999999 0.004999999999999893 0.03915600000000001
73 0.8135 0.075301 0.006999999999999895 0.036143999999999996
73 0.817 0.0256025 0.0119999999999999 0.027108999999999998
73 0.828 0.0813255 0.014000000000000012 0.03313300000000001
73 0.829 0.122741 0.016000000000000014 0.05271000000000001
73 0.8425 0.029367499999999998 0.015000000000000013 0.028614999999999998
73 0.9139999999999999 0.9073795 0.14800000000000002 0.18222899999999997
73 0.9305 0.7236445 0.137 0.17620499999999995
73 0.9405 0.5436745000000001 0.11699999999999999 0.18373500000000004
73 0.931 0.5331325 0.027999999999999914 0.15662700000000007
73 0.9515 0.3539155 0.05699999999999994 0.144579
73 0.9550000000000001 0.014307 0.06399999999999995 0.028614
73 0.9625 0.1558735 0.07299999999999995 0.17018100000000003
