73 0.499219 0.0416665 0.998438 0.083333
73 0.033594 0.6020835 0.042188 0.5541670000000001
73 0.0726565 0.609375 0.03906300000000001 0.51875
73 0.1070315 0.6166665 0.039063000000000014 0.5291669999999999
73 0.140625 0.596875 0.03749999999999999 0.54375
73 0.2210935 0.503125 0.08593700000000001 0.672916
73 0.3078125 0.5479165 0.049999000000000016 0.629167
73 0.3546875 0.5333330000000001 0.046875 0.5875
73 0.4078125 0.53125 0.046875 0.6125
73 0.4500005 0.5354165 0.04062499999999997 0.608333
73 0.5070315000000001 0.53125 0.07656300000000005 0.645834
73 0.5601565 0.53125 0.029686999999999908 0.6208340000000001
73 0.6015625 0.5270835 0.046875 0.604167
73 0.6390625 0.525 0.028124999999999956 0.6166659999999999
73 0.677344 0.5177085 0.04843800000000009 0.6354169999999999
73 0.727344 0.4864585 0.035938000000000025 0.652083
73 0.7570315 0.48229200000000005 0.03281299999999998 0.65625
73 0.789844 0.482292 0.03281200000000006 0.6437499999999999
73 0.8273435 0.5260414999999999 0.042186999999999975 0.564583
73 0.871875 0.509375 0.04375000000000007 0.58125
73 0.914063 0.509375 0.03125 0.552084
73 0.95625 0.5 0.05625000000000002 0.5666659999999999
73 0.9914065000000001 0.5083329999999999 0.014063000000000048 0.5499999999999999
