73 0.0109375 0.341016 0.021875 0.08560600000000002
73 0.0275 0.687206 0.055 0.34525000000000006
73 0.1825 0.214017 0.36250000000000004 0.10065800000000003
73 0.189375 0.47413000000000005 0.37374999999999997 0.12794
73 0.17 0.015522 0.305 0.031044
73 0.0575 0.329257 0.051250000000000004 0.08466599999999996
73 0.12281249999999999 0.643462 0.164375 0.304798
73 0.17812499999999998 0.094073 0.2075 0.099718
73 0.290625 0.8650045 0.415 0.26810900000000004
73 0.1990625 0.3198495 0.21687499999999998 0.10348099999999999
73 0.271875 0.6048915 0.12125000000000002 0.244591
73 0.3740625 0.558796 0.125625 0.24647199999999997
73 0.501875 0.0277515 0.21500000000000002 0.055503
73 0.4909375 0.451082 0.17562499999999998 0.12323600000000007
73 0.4928125 0.369238 0.17687500000000006 0.12888
73 0.5065625 0.126058 0.18562499999999998 0.112888
73 0.5021875 0.2610535 0.16687499999999994 0.125117
73 0.49312500000000004 0.5376295 0.10749999999999998 0.20037699999999997
73 0.6409374999999999 0.8880525 0.23687500000000006 0.22201300000000002
73 0.6509375 0.736124 0.23312499999999992 0.27375400000000005
73 0.6171875 0.4877705 0.08437500000000009 0.17779900000000004
73 0.8968750000000001 0.8607715 0.20499999999999996 0.276575
73 0.9115625 0.515992 0.17562500000000003 0.27187199999999995
73 0.92875 0.26905 0.14125 0.233302
