73 0.5459375 0.1945835 0.03187499999999999 0.07916699999999999
73 0.5465625000000001 0.06125 0.030625000000000013 0.064166
73 0.5549999999999999 0.3091665 0.03500000000000003 0.121667
73 0.576875 0.057083 0.03749999999999998 0.0725
73 0.575625 0.19375 0.029999999999999916 0.07750000000000001
73 0.59125 0.30374999999999996 0.04250000000000009 0.1325
73 0.6071875 0.19124999999999998 0.030625000000000013 0.085834
73 0.611875 0.05625 0.03749999999999998 0.074166
73 0.638125 0.3083335 0.05124999999999991 0.11333300000000002
73 0.639375 0.18541649999999998 0.03874999999999995 0.08416700000000002
73 0.65125 0.043750000000000004 0.043749999999999956 0.074166
73 0.676875 0.18 0.043749999999999956 0.08166599999999999
73 0.6812499999999999 0.3066665 0.03500000000000003 0.10333300000000001
73 0.69 0.0404165 0.04375000000000007 0.080833
73 0.714375 0.30916699999999997 0.036250000000000004 0.09500000000000003
73 0.71875 0.1675 0.04499999999999993 0.103334
73 0.730625 0.03625 0.04249999999999998 0.0725
73 0.749375 0.17916700000000002 0.03374999999999995 0.07999999999999999
73 0.7603125 0.31375 0.055624999999999925 0.07249999999999995
73 0.7834375 0.0345835 0.06062499999999993 0.069167
73 0.7828124999999999 0.1695835 0.030625000000000013 0.08416699999999999
73 0.8118749999999999 0.31125 0.04749999999999999 0.07416600000000001
73 0.8118749999999999 0.1575 0.025000000000000022 0.09833399999999999
73 0.8390625 0.0283335 0.05312499999999998 0.056667
73 0.8434375000000001 0.1541665 0.04937500000000006 0.09166700000000001
73 0.8531249999999999 0.298333 0.03749999999999998 0.1
