73 0.36458349999999995 0.50375 0.164167 0.6975
73 0.475417 0.5181250000000001 0.05249999999999999 0.70125
73 0.5475 0.530625 0.09833399999999992 0.65875
73 0.5833335 0.53875 0.11166700000000007 0.645
73 0.6195835000000001 0.563125 0.11583299999999996 0.6637500000000001
73 0.6554165 0.5725 0.089167 0.6275
73 0.72375 0.5862499999999999 0.09916600000000009 0.5975
73 0.7495835 0.598125 0.060833000000000026 0.60375
73 0.7779165 0.59 0.029166999999999943 0.5925
73 0.82125 0.605625 0.0625 0.60375
73 0.8612500000000001 0.608125 0.04416600000000004 0.57375
73 0.9175 0.630625 0.068334 0.61625
73 0.9695830000000001 0.63375 0.057499999999999996 0.595
