73 0.100625 0.0684805 0.20125 0.136961
73 0.100625 0.4878045 0.20125 0.16322699999999996
73 0.10125 0.2757975 0.2025 0.16322699999999998
73 0.1028125 0.7068479999999999 0.205625 0.17917400000000006
73 0.1053125 0.902439 0.210625 0.19324600000000003
73 0.4025 0.8419325 0.42000000000000004 0.31425899999999996
73 0.42 0.2575045 0.37 0.18105100000000002
73 0.3296875 0.70591 0.18187500000000004 0.18105000000000004
73 0.4225 0.065197 0.365 0.130394
73 0.343125 0.4845215 0.20375000000000001 0.17729899999999998
73 0.525625 0.7096625000000001 0.14124999999999993 0.18105099999999996
73 0.5475 0.943246 0.11875000000000008 0.11163199999999995
73 0.5896874999999999 0.8560034999999999 0.020625000000000004 0.04971899999999996
73 0.665 0.9310505 0.15374999999999994 0.136023
73 0.803125 0.065197 0.355 0.130394
73 0.8049999999999999 0.2631335 0.35875 0.18855499999999997
73 0.8125 0.7917449999999999 0.37375 0.41463400000000006
73 0.850625 0.488274 0.255 0.17729799999999996
