73 0.1540625 0.595144 0.113125 0.21110000000000007
73 0.3253125 0.323588 0.234375 0.131814
73 0.3259375 0.07086200000000001 0.233125 0.129832
73 0.3265625 0.1957385 0.22937499999999997 0.119921
73 0.325 0.7517339999999999 0.21875 0.13776
73 0.32906250000000004 0.6060455 0.226875 0.12983100000000003
73 0.3328125 0.4682855 0.234375 0.139743
73 0.33218749999999997 0.8860254999999999 0.22812499999999997 0.13875099999999996
73 0.5225 0.86224 0.13750000000000007 0.10307200000000005
73 0.5121875 0.776016 0.111875 0.09316200000000008
73 0.5478125 0.5852325 0.18312500000000004 0.12190299999999998
73 0.5543750000000001 0.201685 0.19374999999999998 0.11199199999999998
73 0.5543750000000001 0.3349855 0.19374999999999998 0.10901899999999998
73 0.5543750000000001 0.4544105 0.19374999999999998 0.12190299999999998
73 0.555625 0.0887015 0.19625000000000004 0.12190300000000001
73 0.725625 0.560456 0.20750000000000002 0.13379599999999997
73 0.7421875 0.841923 0.15937500000000004 0.30624399999999996
73 0.7034374999999999 0.7983155 0.07187500000000002 0.147671
73 0.75375 0.48414250000000003 0.13624999999999998 0.15163500000000002
73 0.755 0.666006 0.11250000000000004 0.07333999999999996
73 0.7653125 0.0639245 0.130625 0.127849
73 0.7646875 0.3206145 0.12437500000000001 0.145689
73 0.7671875 0.18780950000000002 0.11687500000000006 0.123885
73 0.8843749999999999 0.589693 0.08750000000000002 0.14866199999999996
73 0.9509375 0.5351835 0.030625000000000013 0.168483
