73 0.1864035 0.701 0.372807 0.22399999999999998
73 0.103801 0.43500000000000005 0.181286 0.198
73 0.0540935 0.12 0.067251 0.24
73 0.0482455 0.9155 0.040935 0.16700000000000004
73 0.101608 0.9095 0.06579000000000002 0.17900000000000005
73 0.10672500000000001 0.14049999999999999 0.05555600000000001 0.205
73 0.1849415 0.9339999999999999 0.156433 0.13
73 0.151316 0.1335 0.06579000000000002 0.219
73 0.23903549999999998 0.9319999999999999 0.13888899999999998 0.13
73 0.2339185 0.442 0.09356700000000001 0.18400000000000005
73 0.20614 0.138 0.017544000000000004 0.206
73 0.23830400000000002 0.134 0.03508800000000001 0.208
73 0.26827500000000004 0.1335 0.024853999999999987 0.215
73 0.28874299999999997 0.4475 0.04532200000000003 0.15900000000000003
73 0.3026315 0.1415 0.03801100000000002 0.207
73 0.3340645 0.1375 0.045321 0.215
73 0.34502900000000003 0.444 0.055555999999999994 0.16600000000000004
73 0.4108185 0.43000000000000005 0.09649100000000005 0.176
73 0.385965 0.1495 0.03216399999999997 0.201
73 0.4188595 0.1535 0.04239700000000002 0.199
73 0.4459065 0.1285 0.04678300000000002 0.243
73 0.502193 0.412 0.10380199999999995 0.12
73 0.483918 0.132 0.026316000000000006 0.236
73 0.513889 0.133 0.024854000000000043 0.23399999999999999
73 0.542398 0.1285 0.03508800000000001 0.235
73 0.5796785 0.11900000000000001 0.05116900000000002 0.21
73 0.622076 0.1095 0.04824600000000001 0.211
73 0.663743 0.1375 0.029240000000000044 0.12300000000000001
73 0.6951755 0.159 0.04239699999999991 0.15399999999999997
73 0.7339180000000001 0.152 0.058479999999999976 0.192
73 0.772661 0.1395 0.05701800000000001 0.217
73 0.7931284999999999 0.3965 0.09210499999999999 0.10899999999999999
73 0.7982454999999999 0.1295 0.03508699999999998 0.22699999999999998
73 0.8347955 0.14049999999999999 0.04678300000000002 0.191
73 0.8633040000000001 0.4135 0.08625800000000006 0.11699999999999999
73 0.8691519999999999 0.13 0.024854000000000043 0.212
73 0.907895 0.137 0.038011999999999935 0.204
73 0.9473685000000001 0.436 0.10233900000000007 0.15400000000000003
73 0.9349415 0.1545 0.03654899999999994 0.187
73 0.964181 0.16849999999999998 0.02777799999999997 0.149
73 0.980994 0.135 0.03508800000000001 0.194
