73 0.46968750000000004 0.295861 0.735625 0.497648
73 0.1715625 0.3024455 0.123125 0.488241
73 0.3028125 0.424271 0.129375 0.701788
73 0.415625 0.306209 0.09375 0.47883400000000004
73 0.4996875 0.28316050000000004 0.08187500000000003 0.47036700000000004
73 0.574375 0.289746 0.0625 0.46096
73 0.6575 0.2906865 0.10124999999999995 0.462841
73 0.7109375 0.2916275 0.038124999999999964 0.45719699999999996
73 0.756875 0.302446 0.04874999999999996 0.43555999999999995
73 0.801875 0.4604895 0.028750000000000053 0.6368769999999999
