73 0.0634375 0.7303005 0.126875 0.338649
73 0.075625 0.3780485 0.15125 0.28893100000000005
73 0.084375 0.1158535 0.16875 0.231707
73 0.0946875 0.914634 0.110625 0.168856
73 0.334375 0.379925 0.15625 0.09193200000000001
73 0.33625 0.298311 0.15749999999999997 0.10881799999999997
73 0.34125 0.19840549999999998 0.15500000000000003 0.12101299999999998
73 0.33875 0.479362 0.14500000000000002 0.08630400000000005
73 0.340625 0.6683865 0.14125 0.14165099999999997
73 0.34125 0.574578 0.14249999999999996 0.11538400000000004
73 0.33999999999999997 0.7645405000000001 0.1375 0.14634099999999994
73 0.345 0.8499065 0.13999999999999996 0.163227
73 0.468125 0.589587 0.06749999999999995 0.17354599999999998
73 0.47375 0.8255159999999999 0.06624999999999998 0.305816
73 0.4628125 0.9385555 0.03687499999999999 0.12101300000000004
73 0.473125 0.392589 0.05249999999999999 0.167918
73 0.9103125000000001 0.922139 0.17562500000000003 0.15384600000000004
73 0.9121874999999999 0.804878 0.17437500000000006 0.25703600000000004
73 0.9146875 0.3827395 0.16937500000000005 0.15947500000000003
73 0.9146875 0.59334 0.16937500000000005 0.17354599999999998
73 0.9678125 0.142589 0.06312499999999999 0.13696000000000003
73 0.9746874999999999 0.608349 0.03187499999999999 0.14540399999999998
