73 0.012207 0.968099 0.024414 0.037760000000000016
73 0.027832 0.7545575 0.055664 0.10546900000000003
73 0.033203 0.89388 0.066406 0.06901000000000002
73 0.086426 0.5605465000000001 0.172852 0.10546899999999992
73 0.035644499999999996 0.330078 0.067383 0.09505199999999997
73 0.1860355 0.3378905 0.227539 0.097657
73 0.36084 0.231771 0.04199200000000003 0.08593799999999999
73 0.37011700000000003 0.3190105 0.052734 0.08333300000000005
73 0.5874025 0.345703 0.19042900000000001 0.050781999999999994
73 0.5869139999999999 0.2630205 0.144532 0.11197900000000002
73 0.6484375 0.4140625 0.029296999999999906 0.04427099999999995
73 0.86084 0.360026 0.14550800000000008 0.06901000000000002
73 0.9653320000000001 0.3841145 0.06738199999999994 0.11979100000000004
73 0.9824215000000001 0.5227865 0.03320299999999998 0.10026099999999999
