73 0.5375 0.499531 0.9237500000000001 0.999062
73 0.545 0.2790805 0.9087500000000001 0.490619
73 0.330625 0.8095685 0.46375 0.37898699999999996
73 0.11812500000000001 0.2589115 0.036250000000000004 0.448405
73 0.6225 0.1139775 0.75375 0.227955
73 0.3715625 0.8194185 0.05687500000000001 0.359287
73 0.7215625 0.7945595 0.2806249999999999 0.360225
73 0.781875 0.9723265 0.15999999999999992 0.053471000000000046
73 0.9159375000000001 0.945122 0.09687499999999993 0.10787999999999998
73 0.9346875 0.7368665000000001 0.12937500000000002 0.293621
73 0.9903124999999999 0.9413695 0.018125000000000058 0.11538499999999996
