73 0.0365625 0.7733335 0.073125 0.16833300000000007
73 0.070625 0.1454165 0.10124999999999999 0.170833
73 0.11281250000000001 0.345 0.138125 0.195
73 0.14406249999999998 0.728333 0.131875 0.18999999999999995
73 0.2359375 0.127917 0.12937499999999996 0.1775
73 0.2503125 0.32375 0.13187499999999996 0.169166
73 0.26187499999999997 0.5079165 0.11874999999999997 0.150833
73 0.26875 0.66625 0.11250000000000002 0.13749999999999996
73 0.39875 0.11833300000000001 0.19625000000000004 0.155
73 0.361875 0.2995835 0.11250000000000004 0.17583300000000002
73 0.37375 0.4708335 0.11000000000000004 0.17333300000000001
73 0.37593750000000004 0.6170835 0.09687499999999999 0.1358330000000001
73 0.43374999999999997 0.28583349999999996 0.04624999999999996 0.148333
73 0.4615625 0.45875 0.09187499999999993 0.1225
73 0.47125 0.5787500000000001 0.07999999999999996 0.130834
