73 0.0709375 0.11 0.141875 0.10333400000000001
73 0.1175 0.31875 0.235 0.08583400000000002
73 0.10437500000000001 0.4133335 0.19625 0.096667
73 0.1178125 0.21708349999999998 0.21062499999999998 0.08583300000000002
73 0.318125 0.3095835 0.10499999999999998 0.07916699999999999
73 0.33999999999999997 0.22125 0.14375 0.08750000000000002
73 0.3528125 0.1225 0.169375 0.09999999999999999
73 0.31656249999999997 0.400417 0.09437500000000004 0.07749999999999996
73 0.419375 0.3104165 0.08750000000000002 0.07416699999999998
73 0.468125 0.6620835 0.058750000000000024 0.06583299999999992
73 0.5840624999999999 0.392083 0.15937499999999993 0.07750000000000001
73 0.5875 0.1325 0.15500000000000003 0.09
73 0.6015625 0.22541650000000002 0.18312499999999998 0.07916700000000002
73 0.6009375 0.310833 0.17937500000000006 0.08500000000000002
73 0.903125 0.35375 0.15875000000000006 0.10916599999999999
73 0.9090625 0.25041650000000004 0.16312499999999996 0.11583300000000002
73 0.9181250000000001 0.1433335 0.16249999999999998 0.10166700000000001
73 0.868125 0.4225 0.040000000000000036 0.03999999999999998
