73 0.275625 0.815833 0.55125 0.275
73 0.016875 0.4225 0.02875 0.03833399999999998
73 0.0925 0.38333300000000003 0.0675 0.06
73 0.140625 0.439167 0.10375000000000001 0.07500000000000001
73 0.145 0.6425 0.062499999999999986 0.07166600000000001
73 0.1575 0.5408335 0.085 0.05833299999999997
73 0.260625 0.9099999999999999 0.18625 0.056665999999999994
73 0.5562499999999999 0.3 0.58 0.186666
73 0.575625 0.411667 0.53625 0.09999999999999998
73 0.6325 0.6066665 0.27999999999999997 0.08666700000000005
73 0.674375 0.505 0.34375 0.09666599999999997
73 0.53125 0.685833 0.0475000000000001 0.07499999999999996
73 0.903125 0.261667 0.12875000000000003 0.11999999999999997
73 0.88 0.5166664999999999 0.07250000000000001 0.10666699999999996
73 0.913125 0.383333 0.13875000000000004 0.10999999999999999
73 0.891875 0.641667 0.08374999999999999 0.10999999999999999
