73 0.0134375 0.4358335 0.026875 0.10666700000000001
73 0.044375 0.951667 0.08875 0.09499999999999997
73 0.143125 0.12666650000000002 0.28625 0.063333
73 0.1490625 0.6716664999999999 0.298125 0.16833299999999995
73 0.0175 0.5766665 0.03375 0.10666699999999996
73 0.14531249999999998 0.0591665 0.289375 0.056666999999999995
73 0.1425 0.30916699999999997 0.2775 0.10500000000000004
73 0.037187500000000005 0.8779170000000001 0.061875000000000006 0.12750000000000006
73 0.1475 0.21166649999999998 0.27999999999999997 0.08333299999999996
73 0.16124999999999998 0.4175 0.27875 0.10499999999999998
73 0.14750000000000002 0.52875 0.23375 0.11416600000000005
73 0.1515625 0.7879164999999999 0.140625 0.094167
73 0.281875 0.54 0.07874999999999999 0.263334
73 0.31875 0.8787499999999999 0.11874999999999997 0.23250000000000004
73 0.3096875 0.249583 0.07187500000000002 0.10750000000000001
73 0.3059375 0.16375 0.06187499999999996 0.07250000000000001
73 0.314375 0.3558335 0.07874999999999999 0.10833299999999996
73 0.30843750000000003 0.072917 0.05687499999999995 0.1425
73 0.3440625 0.5958335 0.055625000000000036 0.13833300000000004
73 0.34375 0.6475 0.04500000000000004 0.09999999999999998
73 0.611875 0.7425 0.43125 0.513334
73 0.528125 0.0283335 0.19125000000000003 0.056667
73 0.6071875 0.0766665 0.140625 0.143333
73 0.6103125 0.1575 0.13437500000000002 0.08833400000000001
73 0.6140625 0.3754165 0.13812499999999994 0.07916699999999999
73 0.6134375000000001 0.22541699999999998 0.13437500000000002 0.07249999999999998
73 0.6178125000000001 0.29083349999999997 0.125625 0.06166699999999997
73 0.6209374999999999 0.44875 0.12437500000000001 0.07750000000000001
73 0.6253124999999999 0.5266664999999999 0.125625 0.09666699999999995
73 0.6621874999999999 0.6154165 0.06437499999999996 0.07083300000000003
73 0.7965625000000001 0.16 0.03312499999999996 0.135
73 0.7987500000000001 0.25916700000000004 0.03500000000000003 0.07
73 0.7996875 0.33916650000000004 0.026874999999999982 0.086667
73 0.7971874999999999 0.3970835 0.01937500000000003 0.025832999999999995
73 0.89625 0.047083 0.20625000000000004 0.0675
73 0.843125 0.11708299999999999 0.06499999999999995 0.062499999999999986
73 0.8946875000000001 0.1825 0.16562500000000002 0.09
73 0.8884375 0.28500000000000003 0.14437499999999992 0.10500000000000001
73 0.8943749999999999 0.38541650000000005 0.15374999999999994 0.08583299999999999
73 0.8928125 0.099583 0.05812499999999998 0.08250000000000002
73 0.9181250000000001 0.4570835 0.08750000000000002 0.03916700000000001
73 0.9375 0.6070835 0.12125000000000008 0.27416700000000005
73 0.9390625 0.0854165 0.055625000000000036 0.08416699999999999
