73 0.0539285 0.3766665 0.107857 0.239047
73 0.0785715 0.7019044999999999 0.157143 0.28761899999999996
73 0.2542855 0.956667 0.508571 0.084762
73 0.170714 0.37190449999999997 0.195714 0.23714300000000005
73 0.2692855 0.7157145 0.341429 0.336191
73 0.3185715 0.402381 0.242857 0.193334
73 0.48071450000000004 0.39047600000000005 0.12285700000000005 0.15619
73 0.7157145 0.7614285000000001 0.567143 0.43142899999999995
73 0.4917855 0.2880955 0.10357100000000002 0.06190499999999999
73 0.588214 0.392857 0.12071399999999999 0.20666600000000002
73 0.5707139999999999 0.26380950000000003 0.044285999999999937 0.03809500000000002
73 0.7124999999999999 0.2533335 0.24642799999999998 0.07619099999999998
73 0.6875 0.362857 0.07785799999999998 0.259048
73 0.784286 0.365238 0.11571399999999998 0.258096
73 0.8967855 0.385238 0.14785700000000002 0.23904800000000004
73 0.959643 0.290476 0.07928599999999997 0.37523799999999996
