73 0.07531249999999999 0.515363 0.11062499999999999 0.501862
73 0.1553125 0.5069835 0.12937500000000002 0.507449
73 0.39625 0.8980444999999999 0.5700000000000001 0.20204900000000003
73 0.2453125 0.5260705 0.12437499999999999 0.534451
73 0.3228125 0.5232775 0.125625 0.5139670000000001
73 0.4315625 0.5107075 0.145625 0.561453
73 0.52 0.5633144999999999 0.15625 0.478585
73 0.6103125 0.5572625 0.06312499999999999 0.494413
73 0.66875 0.6499064999999999 0.04125000000000001 0.31284900000000004
73 0.72375 0.6089385 0.06875000000000009 0.39851099999999995
73 0.7865625 0.6089385 0.0668749999999999 0.405959
73 0.8390625 0.5479514999999999 0.08187500000000003 0.544693
73 0.9 0.5395719999999999 0.09375 0.57635
