73 0.0378125 0.3518345 0.075625 0.07149499999999998
73 0.0384375 0.441204 0.076875 0.08466600000000002
73 0.0384375 0.7577609999999999 0.076875 0.10065800000000003
73 0.0396875 0.5390405 0.079375 0.07525899999999996
73 0.0409375 0.6406395 0.081875 0.08654700000000004
73 0.21125 0.933208 0.11499999999999999 0.10348000000000002
73 0.2215625 0.777987 0.12312500000000001 0.13358399999999993
73 0.2175 0.6439325 0.09749999999999998 0.11947299999999994
73 0.2246875 0.508937 0.111875 0.12794000000000005
73 0.33218749999999997 0.45578549999999995 0.29562499999999997 0.083725
73 0.315 0.2737535 0.25875000000000004 0.080903
73 0.3334375 0.36406400000000005 0.295625 0.073378
73 0.3509375 0.5253995 0.169375 0.05550299999999997
73 0.29874999999999996 0.684384 0.05499999999999999 0.03856999999999999
73 0.30125 0.61524 0.04999999999999999 0.07713999999999999
73 0.4859375 0.6401695000000001 0.17562499999999998 0.1345249999999999
73 0.4659375 0.7699905 0.12562500000000004 0.12888100000000002
73 0.46875 0.9045155 0.13125000000000003 0.12699899999999997
73 0.4578125 0.5042329999999999 0.05812499999999998 0.09783599999999992
73 0.468125 0.2671685 0.04749999999999999 0.07902099999999998
73 0.49124999999999996 0.458137 0.03999999999999998 0.071496
73 0.49312500000000004 0.396049 0.03375 0.041391999999999984
73 0.499375 0.5254000000000001 0.03624999999999995 0.040452000000000043
73 0.4971875 0.3466605 0.028124999999999956 0.04985899999999999
73 0.5159374999999999 0.32643449999999996 0.030625000000000013 0.07149500000000003
73 0.5743750000000001 0.4308565 0.05999999999999994 0.060206999999999955
73 0.5809375 0.488711 0.06812499999999999 0.10254000000000002
73 0.5621875000000001 0.3118535 0.028125000000000067 0.04233300000000001
73 0.5871875 0.5042335 0.078125 0.09407300000000002
73 0.5621875000000001 0.375823 0.02312499999999995 0.031044000000000016
73 0.5840624999999999 0.29680150000000005 0.030625000000000013 0.064911
73 0.59125 0.875353 0.04250000000000009 0.09689599999999998
73 0.5903125 0.3673565 0.03312500000000007 0.05174099999999998
73 0.596875 0.7558795 0.04625000000000001 0.11947300000000005
73 0.6378125 0.6204135 0.12812500000000004 0.12699899999999997
73 0.6140625 0.306209 0.03187499999999999 0.046096000000000026
73 0.6196875 0.401693 0.020625000000000004 0.071496
73 0.6675 0.501881 0.09499999999999997 0.10253999999999996
73 0.698125 0.383349 0.08499999999999996 0.04985799999999996
73 0.826875 0.70461 0.16000000000000003 0.15616200000000002
73 0.8140625 0.874412 0.13187499999999996 0.14393200000000006
73 0.8275 0.9854185 0.15874999999999995 0.027281
73 0.7903125 0.537629 0.06937499999999996 0.13828800000000002
73 0.8153125 0.355597 0.06562500000000004 0.071496
73 0.8103125 0.28222 0.03937499999999994 0.06397000000000003
73 0.8146875 0.5032924999999999 0.04562500000000003 0.06585099999999999
73 0.8318749999999999 0.43744099999999997 0.04749999999999999 0.06208799999999998
73 0.854375 0.262935 0.0462499999999999 0.11006599999999997
73 0.88125 0.4915335 0.06125000000000003 0.09313300000000002
73 0.878125 0.3584195 0.04500000000000004 0.07714100000000002
73 0.8915625 0.438382 0.07187500000000002 0.08278399999999997
73 0.8896875 0.2873945 0.03937500000000005 0.04985899999999999
73 0.9415625 0.5522104999999999 0.07937499999999997 0.10912500000000003
73 0.9606250000000001 0.475541 0.06625000000000003 0.036688
73 0.9709375 0.6975545000000001 0.05687500000000001 0.12699899999999997
73 0.971875 0.9698964999999999 0.05500000000000005 0.05832500000000007
73 0.9725 0.8645339999999999 0.053749999999999964 0.14110999999999996
73 0.9762500000000001 0.5404515 0.04625000000000001 0.11382899999999996
