73 0.19624999999999998 0.742467 0.27125 0.13653399999999993
73 0.22875 0.7438795 0.05249999999999999 0.12052700000000005
73 0.474375 0.091337 0.26625000000000004 0.129944
73 0.400625 0.2919025 0.11375000000000002 0.15630900000000003
73 0.3725 0.717514 0.04749999999999999 0.14500999999999997
73 0.7196875 0.0258945 0.559375 0.051789
73 0.57375 0.2984935 0.10624999999999996 0.14312700000000003
73 0.6190625000000001 0.691149 0.02312499999999995 0.13935999999999993
73 0.7684375 0.119115 0.23687499999999995 0.108286
73 0.7703125 0.2966105 0.23312499999999992 0.14689300000000002
73 0.7765625 0.5136535 0.23562500000000008 0.17984899999999993
73 0.786875 0.6779660000000001 0.19999999999999996 0.14500999999999997
73 0.8190625 0.836158 0.150625 0.14877600000000002
73 0.9446875 0.31873799999999997 0.06687500000000002 0.11770200000000003
73 0.9559375 0.1577215 0.08687500000000004 0.142185
73 0.9596875 0.4580975 0.07937499999999997 0.13653499999999996
73 0.9596875 0.6148775 0.07937499999999997 0.141243
73 0.96625 0.8116760000000001 0.06625000000000003 0.17890799999999996
