73 0.076875 0.50985 0.15375 0.190432
73 0.110625 0.239681 0.07500000000000001 0.10788000000000003
73 0.09718750000000001 0.3531895 0.038125000000000006 0.09662300000000001
73 0.11 0.1341465 0.056249999999999994 0.076923
73 0.13624999999999998 0.365854 0.035 0.08630399999999999
73 0.2240625 0.085835 0.135625 0.134146
73 0.2290625 0.4821765 0.11562499999999998 0.13883699999999993
73 0.24312499999999998 0.7532829999999999 0.13875 0.15384600000000004
73 0.236875 0.6233585 0.11499999999999999 0.13977499999999998
73 0.2753125 0.9606005 0.06937499999999999 0.07692299999999996
73 0.3546875 0.224203 0.10562499999999997 0.11069400000000001
73 0.3515625 0.065197 0.09312500000000001 0.130394
73 0.35343749999999996 0.36632299999999995 0.09687499999999999 0.11163200000000001
73 0.360625 0.508912 0.09874999999999995 0.134146
73 0.36124999999999996 0.6355535 0.09749999999999998 0.126641
73 0.36375 0.775328 0.09249999999999997 0.13227
73 0.3853125 0.215291 0.01937500000000003 0.09287000000000001
73 0.4653125 0.4418385 0.13187500000000002 0.16135100000000002
73 0.6284375 0.7157595 0.44437499999999996 0.38273899999999994
73 0.65125 0.0487805 0.21875 0.097561
73 0.6621874999999999 0.174484 0.208125 0.16510399999999997
73 0.6646875 0.3649155 0.213125 0.15759900000000004
73 0.66625 0.530019 0.20750000000000002 0.16885599999999995
73 0.8921874999999999 0.165572 0.20687500000000003 0.17917400000000003
73 0.85375 0.7645405 0.12375000000000003 0.09568500000000002
73 0.8968750000000001 0.032364 0.20499999999999996 0.064728
73 0.8968750000000001 0.36773 0.20499999999999996 0.170732
73 0.8987499999999999 0.554878 0.20125000000000004 0.18855599999999995
73 0.9043749999999999 0.730769 0.19000000000000006 0.15196999999999994
73 0.9043749999999999 0.8855535 0.19000000000000006 0.22701700000000002
