73 0.0129165 0.06937499999999999 0.025833 0.13
73 0.0175 0.28125 0.035 0.06125000000000003
73 0.0266665 0.4359375 0.053333 0.073125
73 0.1308335 0.06625 0.17333300000000001 0.1325
73 0.1229165 0.4196875 0.11583299999999999 0.150625
73 0.1904165 0.26 0.090833 0.10124999999999998
73 0.265417 0.26187499999999997 0.07250000000000001 0.10749999999999998
73 0.24375000000000002 0.065 0.022499999999999992 0.13
73 0.30291650000000003 0.065625 0.07583299999999998 0.13125
73 0.3566665 0.2675 0.031667 0.07499999999999998
