73 0.271094 0.786719 0.379688 0.2640619999999999
73 0.37578100000000003 0.390625 0.04843800000000004 0.21250000000000002
73 0.509375 0.738281 0.21249999999999997 0.339062
73 0.435937 0.363281 0.04375000000000001 0.167188
73 0.471875 0.35234350000000003 0.034374000000000016 0.14531299999999997
73 0.50625 0.3640625 0.03437599999999996 0.16875099999999998
73 0.546875 0.36640649999999997 0.04062399999999999 0.18906300000000004
73 0.588281 0.3632815 0.042188 0.182813
73 0.630469 0.378125 0.042188 0.21250000000000002
73 0.671875 0.7492185 0.0968739999999999 0.339063
73 0.6734375 0.375 0.04374900000000004 0.21250000000000002
