73 0.20625 0.1270835 0.07999999999999999 0.175833
73 0.2159375 0.0654165 0.09937499999999999 0.130833
73 0.2159375 0.382083 0.08937499999999998 0.1725
73 0.20687499999999998 0.259167 0.06375 0.15
73 0.21781250000000002 0.49583350000000004 0.06937499999999999 0.19333300000000003
73 0.2184375 0.6541669999999999 0.050625 0.15499999999999992
73 0.2903125 0.2316665 0.103125 0.066667
73 0.299375 0.29083349999999997 0.10624999999999998 0.058333000000000024
73 0.3071875 0.165 0.10562499999999997 0.04833399999999999
73 0.27625 0.34750000000000003 0.036250000000000004 0.051666000000000045
73 0.276875 0.4091665 0.034999999999999976 0.04333300000000001
73 0.3121875 0.11499999999999999 0.09812500000000002 0.05833399999999998
73 0.44 0.12125 0.05125000000000002 0.080834
73 0.438125 0.33499999999999996 0.044999999999999984 0.06
73 0.4465625 0.270417 0.049375 0.06250000000000003
73 0.448125 0.1979165 0.03875000000000001 0.07916699999999999
73 0.4921875 0.1045835 0.024375000000000036 0.07916699999999999
73 0.495 0.1729165 0.027500000000000024 0.060833000000000026
73 0.5409375000000001 0.14375 0.013124999999999942 0.074166
73 0.5575 0.0529165 0.03875000000000006 0.079167
73 0.5528124999999999 0.1470835 0.01937500000000003 0.070833
73 0.5671875 0.1454165 0.014374999999999916 0.06416699999999999
73 0.8534375000000001 0.43374999999999997 0.291875 0.185834
73 0.8565625 0.24125 0.285625 0.22749999999999998
73 0.8584375 0.055 0.281875 0.11
