73 0.0670995 0.7571875 0.134199 0.484375
73 0.146753 0.27468750000000003 0.13246800000000003 0.480625
73 0.196104 0.7590625 0.10476200000000002 0.478125
73 0.246753 0.25687499999999996 0.148918 0.49874999999999997
73 0.290476 0.75875 0.11341999999999999 0.48125000000000007
73 0.374459 0.7596875000000001 0.08744600000000002 0.479375
73 0.40822499999999995 0.264375 0.144588 0.48000000000000004
73 0.47619049999999996 0.7596875000000001 0.09696900000000003 0.479375
73 0.5558445000000001 0.26 0.16103900000000004 0.48875
73 0.5580085 0.7603125 0.09956699999999996 0.478125
73 0.6575759999999999 0.7571875 0.11341999999999997 0.484375
73 0.6956709999999999 0.2603125 0.09437200000000001 0.49187499999999995
73 0.764069 0.7603125 0.11342000000000008 0.478125
73 0.8290044999999999 0.25687499999999996 0.21558500000000003 0.49874999999999997
73 0.8419915 0.7596875000000001 0.14632099999999992 0.479375
73 0.9324675 0.76125 0.13333299999999992 0.47625000000000006
73 0.95974 0.27625 0.07878799999999997 0.4325
