73 0.134277 0.520649 0.194336 0.22418800000000005
73 0.2338865 0.5294985 0.014648999999999995 0.112095
73 0.2905275 0.5582595 0.03417899999999996 0.03982299999999994
73 0.2910155 0.603245 0.029297000000000017 0.044247999999999954
73 0.307129 0.6585545 0.03417999999999999 0.05457299999999998
73 0.32959 0.5597345 0.03417999999999999 0.05457299999999998
73 0.333496 0.6238935 0.036132 0.061946999999999974
73 0.333984 0.6821535 0.035155999999999965 0.05457299999999998
73 0.3618165 0.47935099999999997 0.073243 0.04719800000000002
73 0.3842775 0.643068 0.06738299999999997 0.06784599999999996
73 0.384277 0.7087025 0.05957000000000001 0.07817099999999999
73 0.385254 0.5818585000000001 0.06152400000000002 0.054573000000000094
73 0.4677735 0.4727135 0.029297000000000017 0.039823
73 0.5463865 0.47492650000000003 0.09863299999999997 0.056047000000000013
73 0.569824 0.7138645 0.05175799999999997 0.10324500000000003
73 0.5722655 0.6290560000000001 0.05664099999999994 0.08701999999999999
73 0.625488 0.4756635 0.05957000000000001 0.030972999999999973
73 0.625488 0.6792035 0.03808599999999995 0.07817099999999999
73 0.6323245 0.606195 0.04394500000000001 0.08554600000000001
73 0.666504 0.480826 0.079102 0.02949799999999997
73 0.667969 0.589233 0.02343799999999996 0.054572000000000065
73 0.698242 0.623894 0.02343799999999996 0.044247999999999954
73 0.7055665 0.5759585 0.030272999999999994 0.051622999999999974
73 0.748535 0.49631250000000005 0.06347599999999998 0.08407100000000006
73 0.7412110000000001 0.565634 0.017577999999999983 0.030973999999999946
73 0.9790034999999999 0.8067845 0.04003900000000005 0.06489699999999998
73 0.9799805 0.5501475 0.03613299999999997 0.04719699999999993
73 0.9804685 0.7153395 0.03710899999999995 0.05309699999999995
73 0.9824215000000001 0.6356930000000001 0.03320299999999998 0.05014799999999997
