73 0.0346875 0.6166665 0.069375 0.09666700000000006
73 0.0353125 0.29874999999999996 0.070625 0.08083400000000002
73 0.0353125 0.4066665 0.070625 0.10333300000000001
73 0.0384375 0.5104165 0.076875 0.090833
73 0.1509375 0.29 0.14187499999999997 0.101666
73 0.12 0.6158335 0.0775 0.10833300000000001
73 0.12062500000000001 0.733333 0.07875 0.10999999999999999
73 0.12312500000000001 0.409167 0.08375 0.09499999999999997
73 0.1178125 0.5141665 0.06312500000000001 0.09833299999999995
73 0.378125 0.27 0.20375 0.1
73 0.34125 0.3875 0.11750000000000005 0.09666600000000003
73 0.3703125 0.6325000000000001 0.06687500000000002 0.10166599999999992
73 0.3878125 0.7525 0.08187500000000003 0.09999999999999998
73 0.3765625 0.49916699999999997 0.05437500000000001 0.10999999999999999
73 0.5575 0.7754165 0.0462499999999999 0.07416699999999998
73 0.57125 0.8858334999999999 0.04500000000000004 0.09166700000000005
73 0.7324999999999999 0.7895835 0.03500000000000003 0.094167
73 0.733125 0.9033335 0.03374999999999995 0.09166699999999994
73 0.8878125 0.22541650000000002 0.21562499999999996 0.11083299999999999
73 0.9175 0.3766665 0.16375000000000006 0.10333300000000001
73 0.92625 0.7845835000000001 0.14625 0.13583299999999998
73 0.9490625 0.6595835 0.10062499999999996 0.12083299999999997
73 0.9509375 0.51 0.09187499999999993 0.10666599999999998
