73 0.5140625 0.739583 0.23124899999999998 0.30000000000000004
73 0.774219 0.69375 0.22343800000000003 0.08333400000000002
73 0.7921875 0.5916669999999999 0.15937499999999993 0.08750000000000002
73 0.8054684999999999 0.353125 0.13906300000000005 0.097916
73 0.815625 0.76875 0.14374999999999993 0.04583400000000004
73 0.820312 0.475 0.125 0.11249999999999999
73 0.942188 0.34375 0.11250000000000004 0.120834
73 0.9437505 0.47291649999999996 0.109375 0.095833
73 0.946094 0.5989585 0.104688 0.12291700000000005
73 0.948438 0.746875 0.10000000000000009 0.152084
