73 0.030625 0.6754225 0.06125 0.228893
73 0.1453125 0.2640715 0.290625 0.271107
73 0.02875 0.95591 0.055 0.08630400000000005
73 0.050937500000000004 0.0398685 0.091875 0.079737
73 0.11375 0.6782365 0.14125000000000001 0.242027
73 0.1278125 0.9606005 0.07937500000000001 0.07692299999999996
73 0.1678125 0.0478425 0.120625 0.095685
73 0.20406249999999998 0.6913695 0.11937499999999998 0.230769
73 0.2184375 0.9723265 0.08562499999999998 0.053471000000000046
73 0.264375 0.0497185 0.05250000000000002 0.099437
73 0.26875 0.6702625 0.046249999999999986 0.28799299999999994
73 0.38875000000000004 0.317542 0.14750000000000002 0.28611600000000004
73 0.415 0.0178235 0.15625 0.035647
73 0.531875 0.3470915 0.15500000000000003 0.227017
73 0.5940624999999999 0.020638 0.125625 0.041276
73 0.698125 0.315666 0.1712499999999999 0.27486
73 0.6840625 0.7213885 0.09187499999999993 0.21013100000000007
73 0.718125 0.3508445 0.15749999999999997 0.22701700000000002
73 0.7775 0.0197 0.10499999999999998 0.0394
73 0.7921875 0.683865 0.13437500000000002 0.2776740000000001
73 0.7796875 0.9502815 0.08062499999999995 0.09756100000000001
73 0.8253125 0.333959 0.08062499999999995 0.28142599999999995
73 0.8115625 0.9615385000000001 0.014375000000000027 0.07504699999999997
73 0.8259375 0.9835834999999999 0.023125000000000062 0.030957000000000012
73 0.8434375000000001 0.9549719999999999 0.014374999999999916 0.08818000000000004
73 0.855625 0.944184 0.010000000000000009 0.10975599999999996
73 0.9396875 0.6135079999999999 0.11937500000000001 0.305816
73 0.9415625000000001 0.9047845 0.11562499999999998 0.18855500000000003
73 0.9434374999999999 0.30393950000000003 0.11187500000000006 0.206379
73 0.9440625 0.0487805 0.11062499999999997 0.097561
