73 0.47843749999999996 0.0393055 0.18187499999999995 0.078611
73 0.48906249999999996 0.39351 0.18062499999999998 0.187386
73 0.4915625 0.1928705 0.18312499999999998 0.15722099999999997
73 0.4878125 0.597349 0.16312499999999996 0.18372999999999995
73 0.4971875 0.7792505000000001 0.17937500000000006 0.19835499999999995
73 0.6434375 0.026051 0.12312499999999993 0.052102
73 0.6690625 0.4213895 0.161875 0.23217499999999996
73 0.6640625 0.6581355 0.13812500000000005 0.23034700000000008
73 0.6309375 0.845064 0.06812499999999999 0.14899399999999996
73 0.774375 0.0063985 0.010000000000000009 0.012797
73 0.9137500000000001 0.129342 0.17125 0.258684
73 0.9606250000000001 0.9085920000000001 0.07500000000000007 0.09689200000000009
73 0.9668749999999999 0.4812615 0.06500000000000006 0.29524700000000004
