73 0.035 0.3419565 0.060000000000000005 0.683913
73 0.064375 0.362653 0.0575 0.725306
73 0.1496875 0.3584195 0.184375 0.716839
73 0.290625 0.35089349999999997 0.08499999999999999 0.694261
73 0.3621875 0.352775 0.07937499999999997 0.70555
73 0.3871875 0.3777045 0.085625 0.666981
73 0.4515625 0.3019755 0.07437500000000002 0.44967100000000004
73 0.49375 0.28880500000000003 0.050000000000000044 0.45907800000000004
73 0.5475 0.360301 0.06000000000000005 0.587018
73 0.5700000000000001 0.37017849999999997 0.06874999999999998 0.601129
73 0.6056250000000001 0.3805265 0.04874999999999996 0.634995
73 0.6378125 0.2831605 0.04312500000000008 0.455315
73 0.6678124999999999 0.29115749999999996 0.02937500000000004 0.416745
73 0.7090625 0.26575699999999997 0.078125 0.520226
73 0.755 0.3739415 0.06000000000000005 0.593603
73 0.8090625 0.37770499999999996 0.13437500000000002 0.604892
73 0.8825 0.388993 0.11499999999999999 0.58984
73 0.9525 0.392286 0.09375 0.626528
