73 0.2846875 0.4134045 0.09562500000000002 0.25504099999999996
73 0.3059375 0.133452 0.02062499999999995 0.266904
73 0.405625 0.5035585 0.15625 0.371293
73 0.530625 0.118624 0.39625 0.237248
73 0.42125 0.23962050000000001 0.13874999999999998 0.325029
73 0.6056250000000001 0.3938315 0.24375000000000002 0.47924100000000003
73 0.6171875 0.7597864999999999 0.19937500000000008 0.46144700000000005
73 0.57125 0.7212335000000001 0.040000000000000036 0.29181500000000005
73 0.8674999999999999 0.8742585 0.25749999999999995 0.24911099999999997
73 0.875625 0.1963225 0.24750000000000005 0.392645
73 0.88 0.6043890000000001 0.23875000000000002 0.534994
