73 0.048125 0.595 0.09625 0.12166600000000005
73 0.0825 0.17041699999999999 0.165 0.1275
73 0.1075 0.23041699999999998 0.10500000000000001 0.07249999999999998
73 0.111875 0.34375 0.10875000000000001 0.08416599999999996
73 0.12187500000000001 0.6508335000000001 0.115 0.12333300000000003
73 0.133125 0.6766665000000001 0.11499999999999999 0.12333300000000003
73 0.1634375 0.5016665 0.09312499999999999 0.10166700000000001
73 0.24562499999999998 0.6570830000000001 0.15124999999999997 0.14249999999999996
73 0.2225 0.8500000000000001 0.10249999999999998 0.201666
73 0.22 0.555417 0.08625 0.11249999999999993
73 0.2528125 0.310833 0.149375 0.11500000000000005
73 0.3328125 0.20875 0.09812500000000002 0.07749999999999999
73 0.380625 0.9075 0.18374999999999997 0.17500000000000004
73 0.44937499999999997 0.60625 0.26875 0.22416599999999998
73 0.40218750000000003 0.8729169999999999 0.133125 0.1825
