73 0.0453125 0.116651 0.090625 0.233302
73 0.0478125 0.3316085 0.090625 0.20413900000000001
73 0.07906250000000001 0.020226 0.035625000000000004 0.040452
73 0.15468749999999998 0.1952025 0.074375 0.19096899999999997
73 0.1559375 0.348542 0.074375 0.130762
73 0.1565625 0.061618 0.075625 0.123236
73 0.234375 0.10253999999999999 0.04874999999999999 0.148636
73 0.23312499999999997 0.3711195 0.04124999999999998 0.12888100000000002
73 0.238125 0.24364999999999998 0.048750000000000016 0.152398
73 0.290625 0.0710255 0.11000000000000001 0.142051
73 0.3003125 0.6514584999999999 0.06812499999999999 0.11947300000000005
73 0.2846875 0.1669805 0.03437499999999999 0.11382900000000001
73 0.28531249999999997 0.2803385 0.030624999999999958 0.118533
73 0.28531249999999997 0.400282 0.02812500000000001 0.11006600000000005
73 0.28875 0.5084664999999999 0.03500000000000003 0.11571100000000001
73 0.3259375 0.3043275 0.026874999999999982 0.10442100000000004
73 0.3328125 0.21213549999999998 0.030625000000000013 0.11194699999999999
