73 0.04 0.167917 0.08 0.2775
73 0.0728125 0.42624999999999996 0.145625 0.22583399999999998
73 0.3775 0.1445835 0.38875000000000004 0.289167
73 0.2715625 0.2858335 0.15062499999999998 0.323333
73 0.396875 0.3820835 0.15375 0.330833
73 0.5846875 0.15833350000000002 0.02562500000000001 0.148333
73 0.70875 0.20375000000000001 0.21750000000000003 0.335834
73 0.7340625000000001 0.0345835 0.06312499999999999 0.069167
73 0.780625 0.0316665 0.040000000000000036 0.063333
73 0.82875 0.0354165 0.04875000000000007 0.070833
73 0.9103125000000001 0.3733335 0.17812499999999998 0.358333
73 0.9128125 0.67875 0.17312499999999997 0.33083399999999996
73 0.921875 0.0604165 0.15500000000000003 0.120833
73 0.9725 0.454167 0.053749999999999964 0.16999999999999993
