73 0.0153125 0.3247425 0.020624999999999998 0.278351
73 0.0228125 0.3371135 0.018125000000000002 0.24536099999999997
73 0.05625 0.39278349999999995 0.012499999999999997 0.187629
73 0.0671875 0.4092785 0.011874999999999997 0.12577300000000002
73 0.07906250000000001 0.0804125 0.035625000000000004 0.160825
73 0.08374999999999999 0.4092785 0.01625 0.19587700000000002
73 0.1140625 0.4639175 0.028124999999999983 0.16907299999999997
73 0.1184375 0.189691 0.024374999999999994 0.17732000000000003
73 0.160625 0.5092785 0.05499999999999999 0.14845300000000006
73 0.16499999999999998 0.328866 0.046249999999999986 0.22061799999999998
73 0.486875 0.4237115 0.61 0.620619
