73 0.013889 0.4324075 0.027778 0.553703
73 0.401389 0.38888849999999997 0.802778 0.714815
73 0.4993055 0.913889 0.998611 0.16851800000000006
73 0.0381945 0.43425949999999996 0.04027700000000001 0.531481
73 0.090972 0.424074 0.056943999999999995 0.5814819999999999
73 0.122917 0.4638885 0.03472200000000002 0.509259
73 0.1902775 0.424074 0.10833299999999998 0.5814819999999999
73 0.2243055 0.4444445 0.056944999999999996 0.5333330000000001
73 0.27291699999999997 0.4 0.059722 0.648148
73 0.29097249999999997 0.4277775 0.05138899999999996 0.592593
73 0.3569445 0.40462950000000003 0.08611100000000005 0.646297
73 0.4 0.4564815 0.09722199999999998 0.557407
73 0.46944400000000003 0.5148145 0.15000000000000002 0.41481500000000004
73 0.6138885000000001 0.5120370000000001 0.13888899999999993 0.453704
73 0.7145835 0.396296 0.06805499999999998 0.7259260000000001
73 0.7784725 0.3925925 0.07083299999999992 0.6888890000000001
