73 0.0315625 0.496248 0.063125 0.23639799999999994
73 0.0359375 0.15197 0.071875 0.22514
73 0.245625 0.7720450000000001 0.3575 0.22326400000000002
73 0.254375 0.510788 0.3675 0.22232600000000002
73 0.0896875 0.7124765 0.016875 0.051594999999999946
73 0.30843750000000003 0.219043 0.434375 0.267354
73 0.3265625 0.965291 0.128125 0.06754199999999999
73 0.745 0.227955 0.41625 0.21951199999999998
73 0.7406250000000001 0.0497185 0.40249999999999997 0.099437
73 0.6959375 0.49437149999999996 0.06687500000000002 0.15947499999999998
73 0.8528125 0.764071 0.16312499999999996 0.19418400000000002
73 0.8512500000000001 0.9606005 0.15499999999999992 0.07692299999999996
73 0.8596874999999999 0.49812349999999994 0.16937499999999994 0.22889299999999996
73 0.974375 0.9066605 0.050000000000000044 0.18480300000000005
73 0.97875 0.43667900000000004 0.04125000000000001 0.190432
73 0.9815625 0.2012195 0.03562500000000002 0.18855500000000003
