73 0.291797 0.6064620000000001 0.157032 0.1027539999999999
73 0.29335900000000004 0.497881 0.12890600000000002 0.09110200000000002
73 0.3105465 0.561441 0.155469 0.13135599999999997
73 0.3015625 0.6758474999999999 0.132813 0.11440700000000004
73 0.32343750000000004 0.3988345 0.173437 0.06461900000000004
73 0.316797 0.45497849999999995 0.12890599999999997 0.117585
73 0.35195350000000003 0.252648 0.182031 0.11546600000000001
73 0.3433595 0.35010600000000003 0.149219 0.10699200000000003
73 0.37890650000000003 0.49894099999999997 0.04531299999999999 0.09110199999999996
73 0.5734375 0.8252120000000001 0.13281299999999996 0.34745799999999993
73 0.719922 0.5990465 0.3476560000000001 0.24894099999999997
73 0.7207034999999999 0.803496 0.2929689999999999 0.272246
73 0.7546875 0.4274365 0.30937500000000007 0.20233100000000004
73 0.7972655 0.2489405 0.294531 0.12923699999999996
