73 0.4996875 0.5508335 0.999375 0.318333
73 0.3415625 0.23458299999999999 0.5606249999999999 0.3175
73 0.2553125 0.774583 0.09562499999999999 0.12250000000000005
73 0.30625 0.8304165 0.10500000000000004 0.24083300000000007
73 0.3728125 0.7520835 0.06687500000000002 0.11916700000000002
73 0.6375 0.87625 0.51625 0.245834
73 0.45625000000000004 0.78375 0.08124999999999999 0.22749999999999992
73 0.5753125 0.74375 0.0931249999999999 0.18083399999999994
73 0.6643749999999999 0.72 0.1137499999999999 0.15833399999999997
73 0.766875 0.30625 0.31000000000000005 0.194166
73 0.7265625 0.7016665 0.0931249999999999 0.161667
73 0.76875 0.6954165 0.07374999999999998 0.1358330000000001
73 0.8021875 0.6766665000000001 0.08187500000000003 0.146667
73 0.83 0.799167 0.12624999999999997 0.4
73 0.8371875 0.6704165 0.06812499999999999 0.13416700000000004
73 0.9328125 0.602917 0.09687499999999993 0.07250000000000001
73 0.9496875 0.7279165 0.09937499999999999 0.19416699999999998
73 0.9528125000000001 0.48875 0.09312500000000001 0.10916599999999993
73 0.94875 0.8787499999999999 0.07750000000000001 0.15083400000000002
73 0.96 0.3554165 0.07874999999999999 0.12416699999999997
