73 0.3328125 0.1801505 0.07187500000000002 0.360301
73 0.3603125 0.4609595 0.08812500000000001 0.154281
73 0.35968750000000005 0.38570099999999996 0.05437500000000001 0.04327399999999998
73 0.38593750000000004 0.056444 0.029374999999999984 0.094074
73 0.38093750000000004 0.014111 0.01687500000000003 0.028222
73 0.38468749999999996 0.126999 0.02437499999999998 0.09971799999999999
73 0.3878125 0.26293500000000003 0.023125000000000007 0.08372600000000002
73 0.3884375 0.3226715 0.024375000000000036 0.09031100000000003
73 0.39031249999999995 0.19096849999999999 0.02812500000000001 0.08842900000000001
73 0.536875 0.0286925 0.20250000000000007 0.057385
73 0.525625 0.1157105 0.16749999999999998 0.07337700000000001
73 0.7559374999999999 0.1702725 0.23062499999999997 0.15992499999999998
73 0.6921875 0.4595485 0.026874999999999982 0.029162999999999994
73 0.785625 0.344779 0.21124999999999994 0.177798
73 0.7965625000000001 0.026811 0.2231249999999999 0.053622
73 0.7328125000000001 0.47318899999999997 0.020625000000000004 0.01693399999999995
73 0.8146875 0.48400750000000003 0.04062499999999991 0.023519000000000012
73 0.909375 0.379586 0.03874999999999995 0.130762
73 0.9221874999999999 0.190028 0.04062500000000002 0.14863600000000005
73 0.934375 0.030574 0.03500000000000003 0.061148
