73 0.188125 0.825 0.046249999999999986 0.043333999999999984
73 0.190625 0.7675 0.04124999999999998 0.04166599999999998
73 0.1925 0.7112499999999999 0.04249999999999998 0.03916599999999992
73 0.19406250000000003 0.6541665 0.045625 0.046667000000000014
73 0.1975 0.5983335000000001 0.04125000000000001 0.04166700000000001
73 0.20124999999999998 0.5441665 0.04124999999999998 0.043333000000000066
73 0.246875 0.8266665 0.04250000000000001 0.043332999999999955
73 0.2496875 0.7725 0.048125 0.04500000000000004
73 0.2509375 0.7129165 0.045625 0.03916700000000006
73 0.2528125 0.5958335 0.044375000000000026 0.043333000000000066
73 0.2528125 0.6554165000000001 0.041874999999999996 0.04083300000000001
73 0.258125 0.5449999999999999 0.04375000000000004 0.03833399999999998
73 0.30625 0.83 0.044999999999999984 0.043333999999999984
73 0.3078125 0.7708335 0.04812499999999997 0.04166700000000001
73 0.3121875 0.66 0.051875000000000004 0.050000000000000044
73 0.31156249999999996 0.714167 0.04562499999999997 0.04499999999999993
73 0.3134375 0.6020835 0.046875 0.04083300000000001
73 0.315625 0.5433335 0.04249999999999998 0.03833299999999995
73 0.3684375 0.8341665 0.04812500000000003 0.04833299999999996
73 0.3696875 0.7741665 0.04812499999999997 0.04166700000000001
73 0.3696875 0.7166665 0.04562500000000003 0.043333000000000066
73 0.3725 0.602917 0.04249999999999998 0.04249999999999998
73 0.37375 0.55125 0.044999999999999984 0.03583400000000003
73 0.37375 0.6604165 0.044999999999999984 0.04083300000000001
73 0.42781250000000004 0.7791669999999999 0.04812500000000003 0.04500000000000004
73 0.4296875 0.602917 0.04937499999999995 0.04249999999999998
73 0.4303125 0.72 0.04812499999999997 0.040000000000000036
73 0.4296875 0.83875 0.04437500000000005 0.04583399999999993
73 0.43125 0.66125 0.04125000000000001 0.04249999999999998
73 0.43374999999999997 0.5504165000000001 0.04624999999999996 0.04083300000000001
73 0.4909375 0.72 0.050624999999999976 0.043333999999999984
73 0.4909375 0.8395835 0.050624999999999976 0.04083300000000001
73 0.49125 0.78 0.04500000000000004 0.043333999999999984
73 0.49374999999999997 0.607917 0.04749999999999999 0.04249999999999998
73 0.495 0.55125 0.044999999999999984 0.04249999999999998
73 0.551875 0.845 0.050000000000000044 0.04500000000000004
73 0.5525 0.7825 0.04875000000000007 0.04500000000000004
73 0.5531250000000001 0.5520835 0.04749999999999999 0.044166999999999956
73 0.55375 0.7258335 0.04874999999999996 0.05166700000000002
73 0.5543750000000001 0.6666665 0.04999999999999993 0.0466669999999999
73 0.5549999999999999 0.6091664999999999 0.04625000000000001 0.04833300000000007
73 0.6131249999999999 0.725 0.04874999999999996 0.043333999999999984
73 0.6153124999999999 0.78625 0.05312499999999998 0.04416599999999993
73 0.614375 0.8433335 0.04875000000000007 0.05166700000000002
73 0.74 0.60875 0.03875000000000006 0.04083400000000004
73 0.740625 0.66125 0.040000000000000036 0.039166000000000034
73 0.74125 0.7208334999999999 0.04125000000000001 0.04166700000000001
73 0.74125 0.7766664999999999 0.04125000000000001 0.043332999999999955
73 0.74125 0.8341665 0.04125000000000001 0.05166700000000002
