73 0.0334375 0.495833 0.066875 0.06500000000000006
73 0.021562500000000002 0.3333335 0.041875 0.053332999999999964
73 0.0228125 0.4166665 0.044375 0.06833299999999998
73 0.034375 0.2525 0.0675 0.05333399999999999
73 0.4796875 0.42083349999999997 0.908125 0.10833299999999996
73 0.053125 0.32875 0.05 0.08583400000000002
73 0.30374999999999996 0.681667 0.55125 0.14500000000000002
73 0.0565625 0.4220835 0.051875000000000004 0.07916699999999999
73 0.4903125 0.3066665 0.914375 0.11333300000000002
73 0.47625 0.7008335 0.8837499999999999 0.13833300000000004
73 0.47875 0.5483335 0.8812500000000001 0.13666699999999998
73 0.0953125 0.32375 0.056874999999999995 0.08916600000000002
73 0.336875 0.6225 0.46499999999999997 0.04999999999999993
73 0.146875 0.2558335 0.07 0.046666999999999986
73 0.13968750000000002 0.3125 0.053125000000000006 0.09166600000000003
73 0.1796875 0.320417 0.04812499999999997 0.08250000000000002
73 0.3909375 0.245 0.39812499999999995 0.056665999999999994
73 0.595625 0.2191665 0.8075 0.056666999999999995
73 0.22312500000000002 0.30916699999999997 0.05124999999999999 0.10500000000000004
73 0.2728125 0.3091665 0.053125000000000006 0.091667
73 0.3334375 0.3108335 0.06562500000000004 0.10166700000000001
73 0.3853125 0.30625 0.05812499999999998 0.08916600000000002
73 0.4409375 0.30125 0.05562499999999998 0.09249999999999997
73 0.5084375 0.29791650000000003 0.05187500000000006 0.11083300000000001
73 0.5590625 0.299583 0.051875000000000004 0.09250000000000003
73 0.6071875 0.29874999999999996 0.055625000000000036 0.07083400000000001
73 0.7321875 0.7154165 0.291875 0.12583300000000008
73 0.7546875 0.2245835 0.3193750000000001 0.045832999999999985
73 0.763125 0.6791665 0.3125 0.11166699999999996
73 0.6615625 0.30208349999999995 0.05312499999999998 0.090833
73 0.7112499999999999 0.30374999999999996 0.04625000000000001 0.09083400000000003
73 0.76 0.3075 0.04249999999999998 0.10166600000000003
73 0.86625 0.2995835 0.15500000000000003 0.095833
73 0.9575 0.2220835 0.08374999999999999 0.05916699999999997
73 0.96375 0.5237499999999999 0.06624999999999992 0.130834
73 0.9678125 0.41083349999999996 0.06312499999999999 0.05666699999999997
73 0.9690624999999999 0.32375 0.06062500000000004 0.11083399999999999
73 0.9696875 0.4716665 0.05937500000000007 0.04166700000000001
73 0.9740625 0.3520835 0.05062500000000003 0.06416699999999997
