73 0.0909375 0.49624999999999997 0.181875 0.6958340000000001
73 0.050625 0.5795835 0.09375 0.584167
73 0.10250000000000001 0.612917 0.039999999999999994 0.44750000000000006
73 0.16562500000000002 0.4870835 0.07125000000000001 0.650833
73 0.205625 0.515 0.05249999999999999 0.671666
73 0.2425 0.527917 0.04375000000000004 0.6325000000000001
73 0.289375 0.53125 0.06125000000000003 0.6308339999999999
73 0.3415625 0.48124999999999996 0.135625 0.6975
73 0.4428125 0.5104165 0.05687500000000001 0.7358330000000001
73 0.47375 0.50375 0.026249999999999996 0.639166
73 0.53125 0.475 0.07624999999999998 0.613334
73 0.5846875 0.47250000000000003 0.06187500000000001 0.628334
73 0.6234375 0.456667 0.046875 0.62
73 0.705625 0.464167 0.08625000000000005 0.605
73 0.723125 0.5020835 0.07250000000000001 0.4908330000000001
73 0.7790625 0.4854165 0.055625000000000036 0.489167
73 0.8140625 0.4625 0.06812499999999999 0.5249999999999999
73 0.8740625 0.4491665 0.051875000000000004 0.526667
73 0.9121874999999999 0.45625 0.03437499999999993 0.5575
73 0.9546875 0.43916700000000003 0.04812499999999997 0.475
