73 0.034374999999999996 0.447789 0.048749999999999995 0.07713999999999999
73 0.345 0.6919095 0.04250000000000004 0.027281
73 0.39 0.6937915 0.05249999999999999 0.03480700000000003
73 0.621875 0.494826 0.21125000000000005 0.22577599999999998
73 0.7225 0.246002 0.06125000000000003 0.044213999999999976
73 0.7562500000000001 0.47930400000000006 0.04500000000000004 0.18720600000000004
73 0.78625 0.235654 0.05125000000000002 0.04421400000000003
73 0.7934375 0.4736595 0.034375000000000044 0.168391
73 0.8221875000000001 0.4722485 0.03312499999999996 0.15992499999999998
73 0.8531249999999999 0.229069 0.05874999999999997 0.04609599999999997
73 0.8459375 0.4698965 0.02187500000000009 0.12511700000000003
73 0.8765624999999999 0.453904 0.041874999999999996 0.11947400000000002
73 0.93375 0.22060200000000002 0.06374999999999997 0.04797799999999999
73 0.9762500000000001 0.5032924999999999 0.04625000000000001 0.38570099999999996
73 0.9824999999999999 0.2130765 0.03375000000000006 0.055503
