73 0.0146875 0.8025 0.029375 0.15166600000000008
73 0.018125 0.6104165 0.034999999999999996 0.16416699999999995
73 0.078125 0.1575 0.03875000000000001 0.0050000000000000044
73 0.12125 0.1979165 0.03875000000000001 0.065833
73 0.14125 0.6258334999999999 0.07375000000000001 0.15333300000000005
73 0.14375 0.8058335 0.07875000000000001 0.15833300000000006
73 0.1428125 0.439583 0.05937499999999998 0.13249999999999995
73 0.1625 0.1954165 0.03875000000000001 0.07083300000000001
73 0.2740625 0.42874999999999996 0.07062500000000002 0.14416599999999996
73 0.285625 0.8116669999999999 0.08124999999999999 0.16000000000000003
73 0.2825 0.62 0.07 0.15833399999999997
73 0.269375 0.19125 0.04124999999999998 0.16916599999999998
73 0.379375 0.243333 0.017500000000000016 0.06
73 0.415625 0.43125 0.08249999999999996 0.14916599999999997
73 0.41874999999999996 0.819583 0.07624999999999998 0.14750000000000008
73 0.41874999999999996 0.6379165 0.07124999999999998 0.1358330000000001
73 0.5862499999999999 0.6225 0.0824999999999999 0.15666600000000008
73 0.5953124999999999 0.432917 0.06187500000000001 0.14250000000000002
73 0.61 0.8179165 0.07125000000000004 0.14083299999999999
73 0.7453125 0.1695835 0.21562500000000007 0.13583299999999998
73 0.68875 0.235833 0.03249999999999997 0.044999999999999984
73 0.729375 0.8033330000000001 0.09000000000000008 0.15000000000000002
73 0.7268749999999999 0.6258334999999999 0.07999999999999996 0.146667
73 0.724375 0.241667 0.04125000000000001 0.03999999999999998
73 0.749375 0.4458335 0.08374999999999999 0.11333299999999996
73 0.7525 0.22125 0.036250000000000004 0.005834000000000006
73 0.8565625 0.6191665 0.08687500000000004 0.156667
73 0.86625 0.8058335 0.08750000000000002 0.15833300000000006
73 0.8915625 0.2341665 0.109375 0.061667
73 0.8753124999999999 0.44499999999999995 0.06437499999999996 0.121666
73 0.9425 0.2004165 0.1087499999999999 0.19416699999999998
