73 0.0649415 0.545588 0.129883 0.905882
73 0.1484375 0.5551470000000001 0.16601500000000002 0.886764
73 0.265625 0.567647 0.132812 0.861764
73 0.37060550000000003 0.575735 0.11816500000000002 0.845588
73 0.474121 0.5823525 0.10449200000000003 0.832353
73 0.5786135 0.598529 0.12988299999999997 0.8
73 0.6811525 0.5963235 0.12792900000000007 0.804411
73 0.7919925000000001 0.611029 0.15820299999999998 0.775
73 0.8862304999999999 0.623529 0.17285099999999998 0.75
73 0.9458005 0.6470585 0.10644500000000001 0.702941
