73 0.4977435 0.8015625 0.896209 0.07187500000000002
73 0.497744 0.9450000000000001 0.890794 0.06625000000000003
73 0.505415 0.8981250000000001 0.9007219999999999 0.04625000000000001
73 0.5076715 0.8596874999999999 0.885379 0.048125000000000084
73 0.491426 0.666875 0.838448 0.07499999999999996
73 0.497744 0.7575000000000001 0.845668 0.06500000000000006
73 0.5162455 0.7240625 0.848375 0.03562499999999991
73 0.4891695 0.275625 0.779783 0.06875
73 0.482852 0.3309375 0.761732 0.06312499999999999
73 0.46796 0.22749999999999998 0.722924 0.08874999999999997
73 0.5040614999999999 0.513125 0.7897109999999999 0.03749999999999998
73 0.505415 0.4090625 0.7870039999999999 0.044375
73 0.5063175 0.623125 0.779783 0.04249999999999998
73 0.4905235 0.14500000000000002 0.7427790000000001 0.018750000000000017
73 0.49639 0.45999999999999996 0.7545120000000001 0.065
73 0.49774399999999996 0.366875 0.75722 0.036250000000000004
73 0.5040615 0.57875 0.7698550000000001 0.050000000000000044
73 0.4805955 0.17125 0.7175090000000001 0.04124999999999998
73 0.49142600000000003 0.6599999999999999 0.73556 0.03749999999999998
73 0.506769 0.5471874999999999 0.75 0.026875000000000093
73 0.4954875 0.056875 0.712997 0.051250000000000004
73 0.4878155 0.108125 0.683213 0.044999999999999984
