73 0.189375 0.2277775 0.37875 0.086667
73 0.18375 0.6688890000000001 0.3575 0.12
73 0.185 0.0777775 0.35750000000000004 0.12666699999999997
73 0.189375 0.375 0.36625 0.09888799999999998
73 0.19843750000000002 0.8044445 0.366875 0.11777700000000002
73 0.194375 0.5227775 0.35125 0.12111099999999997
73 0.19874999999999998 0.9405555 0.36 0.11666700000000008
73 0.4346875 0.618889 0.12687499999999996 0.735556
73 0.4275 0.18722250000000001 0.09750000000000003 0.04111099999999998
73 0.875 0.592778 0.24875000000000003 0.812222
