73 0.062852 0.818125 0.090056 0.14125
73 0.1791745 0.075 0.287055 0.11124999999999999
73 0.1805815 0.29781250000000004 0.28986900000000004 0.13187500000000002
73 0.217636 0.9725 0.363978 0.053749999999999964
73 0.08349 0.6515625 0.090056 0.12687499999999996
73 0.18433400000000003 0.4625 0.282364 0.13999999999999996
73 0.2790805 0.818125 0.297373 0.14500000000000002
73 0.1468105 0.6378125 0.017823000000000006 0.07687500000000003
73 0.2898685 0.6540625 0.257035 0.114375
73 0.47561000000000003 0.08281250000000001 0.28517800000000004 0.133125
73 0.47561 0.2859375 0.27954999999999997 0.145625
73 0.479362 0.466875 0.28705400000000003 0.12124999999999997
73 0.692308 0.956875 0.589118 0.08499999999999996
73 0.52955 0.8206249999999999 0.21294600000000002 0.14
73 0.5267355 0.650625 0.192307 0.135
73 0.8212945 0.818125 0.35553500000000005 0.135
73 0.7978425 0.46187500000000004 0.297373 0.14875
73 0.790807 0.08375 0.27954999999999997 0.13125
73 0.7898685000000001 0.28875 0.272045 0.13125
73 0.7987805 0.643125 0.28986899999999993 0.14374999999999993
73 0.9727954999999999 0.0753125 0.05253300000000005 0.128125
73 0.9751405 0.47312499999999996 0.04784299999999997 0.12124999999999997
73 0.9601315 0.6515625 0.012194999999999956 0.12312500000000004
73 0.978893 0.2921875 0.040337999999999985 0.12437499999999999
73 0.9826455000000001 0.6484375 0.032833 0.13687500000000008
