73 0.1575 0.290833 0.315 0.18999999999999997
73 0.15875 0.09291650000000001 0.3175 0.150833
73 0.160625 0.5054165 0.32125 0.18416700000000003
73 0.1634375 0.7275 0.326875 0.16333399999999998
73 0.5203125 0.0970835 0.35937499999999994 0.14583300000000002
73 0.5153125 0.299583 0.33812499999999995 0.19249999999999998
73 0.5159375 0.9041665 0.33937500000000004 0.141667
73 0.43656249999999996 0.71875 0.17812500000000003 0.1875
73 0.5190625 0.50875 0.34062499999999996 0.18750000000000006
73 0.854375 0.7079165000000001 0.28 0.17583300000000002
73 0.8574999999999999 0.5133335 0.28375000000000006 0.151667
73 0.858125 0.8929165 0.2825 0.1358330000000001
73 0.85875 0.3091665 0.28125 0.156667
73 0.8612500000000001 0.1154165 0.27625 0.14083299999999999
73 0.7575 0.71375 0.03125 0.15583400000000003
