73 0.1609375 0.9101565 0.321875 0.17656300000000003
73 0.0984375 0.7046874999999999 0.10000099999999998 0.19687500000000002
73 0.15 0.185156 0.1875 0.348438
73 0.2234375 0.528906 0.28124899999999997 0.17343799999999998
73 0.307813 0.7531245 0.19999999999999998 0.28437500000000004
73 0.39218749999999997 0.946875 0.365625 0.10312600000000005
73 0.3640625 0.558594 0.259375 0.207812
73 0.48359399999999997 0.40234349999999997 0.24531199999999997 0.170313
73 0.503125 0.600781 0.2 0.23593799999999998
73 0.6367185 0.855469 0.292187 0.285938
73 0.7476560000000001 0.5953120000000001 0.332812 0.38125
73 0.890625 0.799219 0.14062599999999992 0.392188
