73 0.069352 0.48248900000000006 0.138704 0.27329600000000004
73 0.0701825 0.754847 0.140365 0.37773599999999996
73 0.074751 0.899625 0.149502 0.1995
73 0.079319 0.1397745 0.158638 0.278299
73 0.5818105 0.1813635 0.49252499999999994 0.088805
73 0.582226 0.272045 0.483388 0.075046
73 0.5514955 0.38117599999999996 0.372093 0.081926
73 0.6395345 0.042214 0.5398670000000001 0.084428
73 0.5477575 0.4687305 0.30149500000000007 0.06816699999999998
73 0.5581395 0.5609755000000001 0.2541530000000001 0.07879899999999995
73 0.629568 0.645403 0.202658 0.08005000000000007
73 0.788206 0.38836800000000005 0.14285800000000004 0.11257
73 0.8712625 0.2182615 0.0863790000000001 0.052532999999999996
73 0.919435 0.359287 0.15946799999999994 0.07192000000000004
73 0.928156 0.2804875 0.09053200000000006 0.09568500000000002
