73 0.1228125 0.365 0.204375 0.16833399999999998
73 0.059375 0.0620835 0.07500000000000001 0.089167
73 0.106875 0.2008335 0.15375 0.14333300000000002
73 0.1009375 0.0591665 0.09312499999999999 0.098333
73 0.1440625 0.0654165 0.089375 0.08583299999999999
73 0.18625 0.06875 0.08500000000000002 0.089166
73 0.208125 0.0729165 0.04125000000000001 0.080833
73 0.2784375 0.070833 0.09937499999999999 0.09999999999999999
73 0.3353125 0.4066665 0.200625 0.161667
73 0.3546875 0.23083299999999998 0.23062499999999997 0.16499999999999998
73 0.3296875 0.5725 0.12937499999999996 0.15666599999999997
73 0.31125 0.0804165 0.07749999999999996 0.08083299999999999
73 0.3578125 0.073333 0.09812499999999996 0.105
73 0.3978125 0.0829165 0.08812500000000001 0.089167
73 0.4478125 0.075 0.10187500000000005 0.111666
73 0.4625 0.6225 0.0675 0.15333399999999997
73 0.46281249999999996 0.435 0.05937500000000001 0.14333399999999996
73 0.47843749999999996 0.0825 0.05812499999999993 0.096666
73 0.4809375 0.2504165 0.04562500000000003 0.14083299999999999
73 0.7365625 0.055 0.10312499999999991 0.11
