73 0.0275 0.8226715 0.055 0.16274699999999998
73 0.0475 0.211665 0.095 0.21260599999999996
73 0.0515625 0.629351 0.103125 0.18250199999999994
73 0.06875 0.4200375 0.1375 0.192851
73 0.0903125 0.8339605000000001 0.076875 0.098777
73 0.2265625 0.6608655 0.175625 0.10818499999999998
73 0.22468749999999998 0.7681095 0.166875 0.11382899999999996
73 0.23281249999999998 0.507526 0.160625 0.11006600000000005
73 0.22781249999999997 0.2441205 0.139375 0.190969
73 0.23562499999999997 0.37206 0.155 0.12323600000000001
73 0.391875 0.5079965 0.13999999999999996 0.5343370000000001
