73 0.08388 0.3184375 0.165886 0.07187500000000002
73 0.068416 0.24312499999999998 0.06373 0.07874999999999999
73 0.2155575 0.0175 0.230553 0.035
73 0.18463000000000002 0.1740625 0.153702 0.029375000000000012
73 0.18603550000000002 0.1653125 0.156513 0.03937499999999999
73 0.2169635 0.0878125 0.21836899999999998 0.09937500000000002
73 0.14105 0.2253125 0.030927999999999983 0.13187500000000002
73 0.1682285 0.4096875 0.07966299999999998 0.049375
73 0.194002 0.31656249999999997 0.069354 0.044375
73 0.2413305 0.2396875 0.16401100000000002 0.11937500000000001
73 0.423149 0.159375 0.20524800000000004 0.11250000000000002
73 0.3940955 0.042499999999999996 0.135895 0.06
73 0.7933455 0.7275 0.16213699999999998 0.20000000000000007
73 0.8495785 0.24843749999999998 0.135895 0.10937499999999997
73 0.8791 0.398125 0.06185599999999991 0.12124999999999997
73 0.931584 0.255 0.13495800000000002 0.12625
73 0.9531395 0.3878125 0.09184700000000001 0.12812500000000004
