73 0.4996875 0.49953000000000003 0.998125 0.99718
73 0.0625 0.5173869999999999 0.125 0.9633459999999999
73 0.19375 0.525376 0.14250000000000002 0.93421
73 0.2865625 0.554511 0.13312500000000002 0.8890979999999999
73 0.3834375 0.5333645 0.073125 0.931391
73 0.4559375 0.5333645 0.08187500000000003 0.931391
73 0.503125 0.5784775 0.04874999999999996 0.8411649999999999
73 0.5449999999999999 0.579417 0.04500000000000004 0.839286
73 0.5903125 0.548872 0.07437499999999997 0.900376
73 0.6553125 0.49953 0.08812500000000001 0.99906
73 0.7306250000000001 0.5662594999999999 0.05999999999999994 0.865601
73 0.77875 0.550752 0.061249999999999916 0.896616
73 0.8203125 0.656485 0.0631250000000001 0.6851499999999999
73 0.855 0.542763 0.05499999999999994 0.9125939999999999
73 0.885625 0.49953 0.11375000000000002 0.99906
73 0.958125 0.5601505 0.08250000000000002 0.8778189999999999
