73 0.0374825 0.268671 0.074965 0.06013599999999997
73 0.029703 0.5363724999999999 0.042432 0.06983499999999998
73 0.1389675 0.6066925 0.19165500000000002 0.21823499999999996
73 0.147454 0.8055285 0.2058 0.29776899999999995
73 0.1485145 0.8438410000000001 0.195191 0.23860399999999993
73 0.1485145 0.689622 0.188119 0.225024
73 0.14462550000000002 0.5096995 0.171853 0.18331699999999995
73 0.21004250000000002 0.9650825000000001 0.10042500000000001 0.06789499999999993
73 0.2174685 0.30116350000000003 0.040311000000000013 0.072745
73 0.312942 0.418041 0.17751000000000003 0.17652800000000002
73 0.3150635 0.25266700000000003 0.16619499999999998 0.14452
73 0.3196605 0.10669250000000001 0.15983099999999997 0.153249
73 0.321075 0.8157125000000001 0.15700199999999997 0.21338500000000005
73 0.2804105 0.9810865 0.07284299999999999 0.035887
73 0.3231965 0.580989 0.15700100000000003 0.17458799999999997
73 0.324611 0.6930164999999999 0.15983 0.18719699999999995
73 0.35289950000000003 0.9573229999999999 0.10325299999999998 0.08341399999999999
73 0.7676805 0.2638215 0.178925 0.10087299999999999
73 0.9314005000000001 0.939379 0.13578499999999993 0.11930200000000002
73 0.9388259999999999 0.7807955 0.12093399999999999 0.23472300000000001
73 0.943423 0.6042675 0.11173999999999995 0.209505
