73 0.1725 0.0733335 0.345 0.146667
73 0.1778125 0.21083300000000002 0.355625 0.2
73 0.1784375 0.432917 0.356875 0.19250000000000006
73 0.1790625 0.81 0.358125 0.24833399999999994
73 0.1834375 0.6291665 0.366875 0.22666700000000006
73 0.4996875 0.4995835 0.999375 0.999167
73 0.1965625 0.9108335000000001 0.37937499999999996 0.17333300000000007
73 0.6628125 0.0354165 0.563125 0.070833
73 0.6921875 0.1458335 0.614375 0.291667
73 0.6975 0.7133335000000001 0.60375 0.3066669999999999
73 0.69875 0.4525 0.6012500000000001 0.26
73 0.701875 0.8875 0.595 0.22333400000000003
73 0.5046875 0.88 0.04562499999999997 0.21666600000000003
73 0.53125 0.6699999999999999 0.06000000000000005 0.20333400000000001
