73 0.0825 0.8775 0.165 0.066666
73 0.08625 0.8254170000000001 0.1725 0.07750000000000001
73 0.089375 0.7641665 0.16874999999999998 0.10333300000000001
73 0.13968750000000002 0.9366665000000001 0.02687500000000001 0.03833300000000006
73 0.3159375 0.9145835 0.144375 0.06583300000000003
73 0.3159375 0.9733335000000001 0.139375 0.05166700000000002
73 0.3246875 0.8558330000000001 0.138125 0.06500000000000006
73 0.2946875 0.7875 0.05062500000000003 0.05333399999999999
73 0.345625 0.8033335 0.036250000000000004 0.06666700000000003
73 0.380625 0.8095835 0.026249999999999996 0.06916699999999998
73 0.53125 0.9870835 0.08374999999999999 0.02416700000000005
73 0.5325 0.94625 0.08124999999999999 0.057499999999999996
73 0.531875 0.8745835 0.07499999999999996 0.07583299999999993
73 0.53625 0.8204165000000001 0.08374999999999999 0.094167
73 0.6009375 0.9416665 0.06562500000000004 0.05833299999999997
73 0.6028125 0.8891665 0.06687500000000002 0.046667000000000014
73 0.6071875 0.9783335 0.06062499999999993 0.04166700000000001
73 0.6128125 0.8491664999999999 0.05812499999999998 0.06166700000000003
