73 0.0415625 0.032222 0.083125 0.064444
73 0.054375 0.35777800000000004 0.10875 0.35555600000000004
73 0.05875 0.9094445 0.1175 0.17888900000000008
73 0.0684375 0.7311115 0.136875 0.45111100000000004
73 0.48687499999999995 0.61 0.7175 0.7777780000000001
73 0.2075 0.8583335000000001 0.10749999999999998 0.281111
73 0.38749999999999996 0.921111 0.2475 0.15555600000000003
73 0.5315624999999999 0.110556 0.24312499999999998 0.03
73 0.6409374999999999 0.531111 0.42937499999999995 0.7244440000000001
73 0.6840625 0.6222225 0.16312499999999996 0.7511110000000001
73 0.7734375 0.095 0.17437499999999995 0.04333400000000001
