73 0.236875 0.7528144999999999 0.47375 0.492495
73 0.2496875 0.280488 0.499375 0.560976
73 0.168125 0.654315 0.21249999999999997 0.08724200000000004
73 0.4090625 0.107411 0.21687499999999998 0.214822
73 0.4175 0.888368 0.14125 0.22138800000000003
73 0.6590625 0.6411819999999999 0.1468750000000001 0.11538400000000004
73 0.6534375 0.826454 0.13312499999999994 0.14634199999999997
73 0.6628125 0.5370545 0.14937500000000004 0.10600300000000001
73 0.6571875 0.7368669999999999 0.135625 0.12476600000000004
73 0.6634375 0.356942 0.14812500000000006 0.08161400000000002
73 0.6590625 0.4465295 0.13687500000000008 0.07504700000000003
73 0.6653125 0.1768295 0.14437500000000003 0.12476500000000001
73 0.6665625 0.27157600000000004 0.13937499999999992 0.113508
73 0.7987500000000001 0.825985 0.08625000000000005 0.342402
73 0.7793749999999999 0.9310505 0.039999999999999925 0.136023
73 0.8065625000000001 0.5895875 0.083125 0.211069
73 0.8153125 0.34146350000000003 0.08062499999999995 0.20450300000000002
