73 0.8065625000000001 0.576723 0.27937500000000004 0.810144
73 0.0321875 0.6046815 0.064375 0.728219
73 0.500625 0.5442135 0.9975 0.908973
73 0.059375000000000004 0.5916775 0.04875 0.754227
73 0.09593750000000001 0.595579 0.065625 0.76723
73 0.1334375 0.5955785 0.06937499999999999 0.7568269999999999
73 0.19 0.6046815 0.0925 0.738621
73 0.2296875 0.6287389999999999 0.07437499999999997 0.6801039999999999
73 0.29625 0.6111835 0.08750000000000002 0.725617
73 0.34187500000000004 0.6248374999999999 0.044999999999999984 0.713915
73 0.3840625 0.6085825 0.05812500000000004 0.741223
73 0.4396875 0.592328 0.06687500000000002 0.773732
73 0.49031250000000004 0.5448635000000001 0.03687500000000005 0.879063
73 0.5090625 0.6482445 0.038124999999999964 0.672301
73 0.5546875 0.5910275 0.07062499999999994 0.7763329999999999
73 0.5971875 0.6475945000000001 0.03312500000000007 0.657997
73 0.621875 0.5715215 0.04874999999999996 0.8205469999999999
73 0.659375 0.6020805 0.04999999999999993 0.754227
73 0.9546875 0.605982 0.08937499999999998 0.746424
73 0.986875 0.523407 0.019999999999999907 0.38361600000000007
