73 0.356445 0.3417615 0.052734 0.07993499999999998
73 0.3569335 0.23980400000000002 0.051757 0.07177800000000001
73 0.3554685 0.458401 0.046875 0.09135400000000005
73 0.4169925 0.228385 0.046875 0.07177800000000001
73 0.418457 0.341762 0.045897999999999994 0.083198
73 0.41894549999999997 0.45677 0.04296899999999998 0.07177800000000001
73 0.48144549999999997 0.2202285 0.06445300000000004 0.08482900000000002
73 0.47900349999999997 0.4600325 0.05371099999999995 0.07830300000000001
73 0.4833985 0.3352365 0.058593000000000006 0.09298499999999998
73 0.5600585 0.46248 0.07128899999999994 0.09624799999999994
73 0.5546875 0.2030995 0.05468699999999993 0.09298500000000001
73 0.631836 0.329527 0.0625 0.09461599999999998
73 0.614746 0.460033 0.014647999999999994 0.09135399999999999
73 0.6425784999999999 0.183524 0.06445299999999998 0.096248
73 0.645996 0.47389899999999996 0.06152400000000002 0.07667200000000002
