73 0.302246 0.44289900000000004 0.09277400000000002 0.24158200000000002
73 0.375 0.36530050000000003 0.06835999999999998 0.036603
73 0.375 0.5036605000000001 0.06445400000000001 0.040995000000000004
73 0.373535 0.556369 0.05957000000000001 0.05563600000000002
73 0.3754885 0.46193249999999997 0.061522999999999994 0.03953100000000004
73 0.376953 0.40849199999999997 0.05663999999999997 0.04099599999999998
73 0.396484 0.2979505 0.017577999999999983 0.036603
73 0.44189449999999997 0.27964849999999997 0.07910100000000003 0.064421
73 0.4453125 0.34041 0.08593700000000004 0.07174199999999997
73 0.4438475 0.5651539999999999 0.08105499999999999 0.046852000000000005
73 0.4492185 0.387262 0.078125 0.051243999999999956
73 0.4453125 0.4502195 0.06445299999999998 0.042459000000000024
73 0.4506835 0.502196 0.07519500000000001 0.04099599999999998
73 0.539551 0.3162515 0.110352 0.05563699999999999
73 0.541504 0.374817 0.110352 0.046852000000000005
73 0.524414 0.2525625 0.072266 0.05710100000000001
73 0.544922 0.5036605000000001 0.103516 0.052709000000000006
73 0.544922 0.4370425 0.10156199999999999 0.06588499999999997
73 0.5537110000000001 0.568082 0.10742200000000002 0.07906199999999997
73 0.666504 0.1983895 0.15722599999999998 0.095169
73 0.6010745 0.36383600000000005 0.004883000000000082 0.04246
73 0.67334 0.2679355 0.14941400000000005 0.09956100000000001
73 0.6757815 0.423133 0.15429700000000002 0.073206
73 0.6782225 0.34333800000000003 0.14746099999999995 0.08638399999999996
73 0.6782225 0.49707199999999996 0.14160099999999998 0.06295800000000001
73 0.6816405 0.579063 0.14843699999999993 0.06881399999999993
73 0.7900389999999999 0.9121520000000001 0.261718 0.10834599999999994
73 0.82666 0.8382135 0.14941400000000005 0.10102500000000003
73 0.9350585 0.8777455000000001 0.12792899999999996 0.24158099999999993
