73 0.7066665000000001 0.8790625 0.29333299999999995 0.15312499999999996
73 0.345 0.6603125000000001 0.595 0.239375
73 0.1879165 0.4384375 0.275833 0.17812499999999998
73 0.46708350000000004 0.89375 0.824167 0.19000000000000006
73 0.3316665 0.4046875 0.526667 0.24062500000000003
73 0.5079165 0.113125 0.8658330000000001 0.2
73 0.32666649999999997 0.4084375 0.048333000000000015 0.234375
73 0.3720835 0.414375 0.04083300000000001 0.22624999999999995
73 0.46708299999999997 0.4290625 0.1825 0.193125
73 0.7904169999999999 0.6878124999999999 0.3375 0.16437500000000005
