73 0.10291700000000001 0.4053125 0.1275 0.09937499999999999
73 0.1141665 0.12 0.13666699999999998 0.065
73 0.12 0.6187499999999999 0.14833400000000002 0.08875
73 0.11208299999999999 0.31156249999999996 0.1275 0.09562500000000002
73 0.1195835 0.2121875 0.134167 0.08187499999999998
73 0.1358335 0.5121875 0.116667 0.09437499999999993
73 0.31 0.1278125 0.27833399999999997 0.090625
73 0.2416665 0.315 0.12333300000000003 0.09250000000000003
73 0.24875 0.4190625 0.1275 0.08937499999999998
73 0.245417 0.5265625 0.10250000000000001 0.06812500000000005
73 0.2520835 0.2184375 0.11583299999999999 0.08687500000000004
73 0.25625 0.623125 0.12083399999999997 0.09375
73 0.26 0.7059375 0.12333399999999997 0.07187499999999991
73 0.3783335 0.4225 0.11333300000000002 0.08875
73 0.384167 0.3215625 0.125 0.08187499999999998
73 0.37375 0.6018749999999999 0.10083400000000003 0.06874999999999998
73 0.388333 0.2321875 0.13 0.076875
73 0.38416649999999997 0.5146875 0.11166700000000002 0.08937499999999998
