73 0.2109375 0.1904165 0.24687499999999998 0.129167
73 0.2153125 0.4570835 0.24312499999999998 0.13583300000000004
73 0.2159375 0.5725 0.23687499999999997 0.14333400000000007
73 0.21781250000000002 0.32208349999999997 0.240625 0.13416699999999998
73 0.2578125 0.6808335000000001 0.14187499999999997 0.166667
73 0.2634375 0.3141665 0.05312499999999998 0.10333300000000001
73 0.454375 0.573333 0.12125000000000002 0.04499999999999993
73 0.5409375 0.19625 0.12687500000000002 0.1375
73 0.6778124999999999 0.3279165 0.17562500000000003 0.12583299999999997
73 0.6856249999999999 0.2020835 0.16000000000000003 0.12916699999999998
73 0.7071875000000001 0.575 0.13437500000000002 0.13833400000000007
73 0.7190624999999999 0.6837500000000001 0.0981249999999999 0.12750000000000006
73 0.7196875 0.45625000000000004 0.08187500000000003 0.1375
73 0.9465625 0.6525000000000001 0.04937499999999995 0.16166599999999998
73 0.9625 0.79125 0.07374999999999998 0.17083399999999993
73 0.9650000000000001 0.499583 0.06874999999999998 0.13749999999999996
73 0.9659375 0.19875 0.06687500000000002 0.1325
73 0.9665625 0.3479165 0.06562500000000004 0.14083299999999999
