73 0.0539065 0.6625000000000001 0.107813 0.089584
73 0.0535155 0.9104165 0.102343 0.177083
73 0.090234 0.671354 0.160156 0.10104200000000008
73 0.11875000000000001 0.456771 0.19375 0.338542
73 0.458203 0.6317705 0.503906 0.734375
73 0.4273435 0.875 0.42812500000000003 0.24791600000000003
73 0.3140625 0.3833335 0.189063 0.197917
73 0.4777345 0.4895835 0.277343 0.43541700000000005
73 0.5378905 0.691146 0.10078100000000006 0.06145800000000001
73 0.585547 0.7552085 0.07578200000000002 0.033332999999999946
73 0.836328 0.768229 0.09765600000000008 0.06979199999999997
73 0.9226565 0.677083 0.15312499999999996 0.35624999999999996
