73 0.26117199999999996 0.7017805 0.154916 0.26409499999999997
73 0.5099305000000001 0.458457 0.036743000000000026 0.05044599999999999
73 0.5119165 0.414688 0.026812999999999976 0.037092000000000014
73 0.5203575 0.3731455 0.015889000000000042 0.04302699999999998
73 0.5223435000000001 0.5133535 0.009931000000000023 0.04154299999999994
73 0.5705065 0.4287835 0.016881000000000035 0.05044500000000002
73 0.571996 0.493323 0.011915999999999927 0.04599399999999998
73 0.6757695 0.346439 0.211519 0.06379800000000002
73 0.5744785 0.5430265000000001 0.0069509999999999295 0.02967299999999995
73 0.623138 0.5578635000000001 0.08639600000000003 0.07121699999999997
73 0.6251245 0.442878 0.08440899999999996 0.04599399999999998
73 0.699603 0.518546 0.06454800000000005 0.04599399999999998
73 0.7115195 0.402819 0.08838100000000004 0.040059999999999985
73 0.7115195 0.458457 0.086395 0.038576
73 0.7835155 0.47774500000000003 0.029791000000000012 0.04747800000000002
73 0.8103279999999999 0.41542999999999997 0.07745799999999992 0.047477999999999965
73 0.79146 0.6313055 0.03177799999999997 0.18249300000000002
73 0.8222445 0.48219599999999996 0.06355499999999992 0.09495599999999998
73 0.9165840000000001 0.7826409999999999 0.16484599999999994 0.43174999999999997
73 0.8589875 0.706973 0.019861000000000018 0.07269999999999999
73 0.9265144999999999 0.3264095 0.14498500000000003 0.08902100000000002
73 0.8659384999999999 0.6238874999999999 0.01588899999999993 0.06973299999999993
73 0.930487 0.528932 0.125124 0.07269999999999993
73 0.9359485000000001 0.43175050000000004 0.12611699999999992 0.080119
73 0.9483615000000001 0.5897625 0.095333 0.06676499999999996
