73 0.0371965 0.170345 0.074393 0.34069
73 0.4996085 0.4924135 0.999217 0.41379299999999997
73 0.08261550000000001 0.167586 0.09162100000000001 0.335172
73 0.14056400000000002 0.162069 0.08379 0.324138
73 0.199687 0.165517 0.07361000000000001 0.331034
73 0.25176200000000004 0.1634485 0.08222400000000002 0.326897
73 0.303446 0.165517 0.064996 0.331034
73 0.372357 0.1634485 0.08848800000000001 0.326897
73 0.445967 0.1634485 0.10258400000000001 0.326897
73 0.5328895 0.1586205 0.10258499999999998 0.317241
73 0.6229445 0.154483 0.09162099999999995 0.308966
73 0.719264 0.1572415 0.12294399999999994 0.314483
73 0.8226315 0.1606895 0.111981 0.321379
73 0.9353955 0.147586 0.11354699999999995 0.295172
