73 0.0446875 0.6956975 0.089375 0.07702900000000001
73 0.0509375 0.6158915 0.101875 0.08535700000000002
73 0.0509375 0.7675225 0.101875 0.059681000000000095
73 0.0509375 0.832408 0.101875 0.06314999999999993
73 0.0540625 0.894171 0.108125 0.039556000000000036
73 0.0578125 0.5471895 0.115625 0.07841699999999996
73 0.041249999999999995 0.471201 0.06 0.07356000000000001
73 0.14531249999999998 0.4760585 0.148125 0.06384500000000004
73 0.1165625 0.698126 0.050625 0.07911199999999996
73 0.1784375 0.6242194999999999 0.143125 0.054822999999999955
73 0.1821875 0.8351839999999999 0.150625 0.061761999999999984
73 0.17375000000000002 0.5437195 0.13125 0.06870299999999996
73 0.1821875 0.892436 0.14187499999999997 0.04302600000000001
73 0.135 0.7682165000000001 0.045 0.05829300000000004
73 0.1984375 0.699861 0.10687500000000003 0.07564199999999999
73 0.1928125 0.773421 0.06812499999999999 0.06870200000000004
73 0.28250000000000003 0.4743235 0.12000000000000002 0.06037500000000007
73 0.24093749999999997 0.7716864999999999 0.030624999999999986 0.05829300000000004
73 0.2909375 0.698126 0.078125 0.07911199999999996
73 0.2903125 0.5471895 0.07437500000000002 0.054823000000000066
73 0.27312499999999995 0.8393474999999999 0.03375 0.060374999999999956
73 0.28093749999999995 0.7741155 0.049375 0.05621100000000001
73 0.28 0.894865 0.044999999999999984 0.04094399999999998
73 0.3034375 0.6252605 0.05687499999999995 0.06384499999999993
73 0.3109375 0.8383065000000001 0.03812500000000002 0.05829300000000004
73 0.328125 0.774115 0.05125000000000002 0.06315000000000004
73 0.32406250000000003 0.8934765 0.03687500000000005 0.04788300000000001
73 0.3459375 0.838654 0.04312499999999997 0.06870200000000004
73 0.358125 0.5440665 0.06124999999999997 0.06523299999999999
73 0.3671875 0.69882 0.06812499999999999 0.0777239999999999
73 0.354375 0.8972935 0.03249999999999997 0.04302499999999998
73 0.36812500000000004 0.6217905 0.06 0.06662100000000004
73 0.3934375 0.4750175 0.101875 0.06176300000000001
73 0.381875 0.773074 0.04749999999999999 0.06523200000000007
73 0.388125 0.8435115 0.03249999999999997 0.06870299999999996
73 0.3896875 0.8976405000000001 0.03187499999999999 0.049270999999999954
73 0.423125 0.5475365 0.05250000000000005 0.05829299999999993
73 0.46687500000000004 0.614851 0.1375 0.06662000000000001
73 0.4290625 0.8393475 0.05562499999999998 0.05621100000000001
73 0.430625 0.699514 0.05249999999999999 0.08188799999999996
73 0.43125 0.9035394999999999 0.05124999999999996 0.05829300000000004
73 0.43374999999999997 0.7751565 0.05250000000000005 0.05829300000000004
73 0.49468749999999995 0.699514 0.08812499999999995 0.08188799999999996
73 0.49531250000000004 0.467384 0.08937500000000004 0.07009000000000004
73 0.4921875 0.5440665 0.07687500000000003 0.06523299999999999
73 0.4784375 0.902498 0.03687499999999999 0.07008999999999999
73 0.5046875 0.8358779999999999 0.08937499999999993 0.06731399999999998
73 0.503125 0.7699515 0.07750000000000001 0.054823000000000066
73 0.5231250000000001 0.8993755 0.04375000000000007 0.05690499999999998
73 0.5778125000000001 0.61728 0.041874999999999996 0.0756420000000001
73 0.565625 0.834837 0.01375000000000004 0.06523200000000007
73 0.621875 0.8910480000000001 0.12625000000000008 0.049966000000000066
73 0.585 0.541291 0.04625000000000001 0.07078399999999996
73 0.5896875 0.477793 0.055625000000000036 0.07009000000000004
73 0.5987499999999999 0.7706455 0.0675 0.06037500000000007
73 0.5996874999999999 0.699861 0.06312499999999999 0.07564199999999999
73 0.6375 0.834143 0.13249999999999995 0.06384400000000001
73 0.629375 0.6217904999999999 0.05874999999999997 0.07078499999999999
73 0.6496875 0.542332 0.08062499999999995 0.06870199999999993
73 0.6412500000000001 0.4718945 0.04749999999999999 0.058292999999999984
73 0.6665625 0.6929215 0.0681250000000001 0.08258100000000002
73 0.6734375 0.7692574999999999 0.07562500000000005 0.06315100000000007
73 0.675 0.464261 0.04125000000000001 0.06662000000000001
73 0.6790624999999999 0.61381 0.030625000000000013 0.06870200000000004
73 0.6896875 0.5402499999999999 0.02187500000000009 0.07841799999999999
73 0.6950000000000001 0.8934770000000001 0.01375000000000004 0.04510800000000004
73 0.77375 0.6193615 0.14625 0.06176300000000001
73 0.74375 0.46668999999999994 0.08374999999999999 0.06870199999999999
73 0.7715624999999999 0.6929215 0.135625 0.08535700000000002
73 0.77625 0.544414 0.14500000000000002 0.07703000000000004
73 0.7353125 0.8792504999999999 0.05687500000000001 0.08049899999999999
73 0.7793749999999999 0.7727269999999999 0.13875000000000004 0.07703000000000004
73 0.7715624999999999 0.87127 0.055624999999999925 0.07841799999999999
73 0.8178125 0.468425 0.06187500000000001 0.06800800000000001
73 0.8225 0.8730045 0.04625000000000001 0.08882699999999999
73 0.8600000000000001 0.465649 0.026249999999999996 0.06662000000000001
73 0.90625 0.5378210000000001 0.11874999999999991 0.06662000000000001
73 0.8731249999999999 0.8671065 0.04625000000000001 0.0909089999999999
73 0.901875 0.6953505 0.10375000000000001 0.08049899999999999
73 0.9034375 0.7675225 0.10312499999999991 0.08743900000000004
73 0.9096875 0.61381 0.11562499999999998 0.06870200000000004
73 0.8946875000000001 0.464261 0.04312499999999997 0.06662000000000001
73 0.9275 0.8678005 0.06499999999999995 0.09229699999999996
73 0.9384375 0.46703649999999997 0.04937500000000006 0.058292999999999984
