73 0.154375 0.0811445 0.30875 0.162289
73 0.19125 0.240619 0.30875 0.179174
73 0.23218750000000002 0.40431550000000005 0.236875 0.144465
73 0.246875 0.5290805000000001 0.205 0.10506500000000002
73 0.48843749999999997 0.065197 0.339375 0.130394
73 0.494375 0.2204505 0.3125 0.16885499999999998
73 0.47125 0.39024400000000004 0.22499999999999998 0.15197
73 0.818125 0.2176365 0.31125 0.163227
73 0.8378125000000001 0.053471 0.323125 0.106942
73 0.8396875 0.42964349999999996 0.16312499999999996 0.22701699999999997
73 0.8187500000000001 0.402439 0.01375000000000004 0.123828
