73 0.23518300000000003 0.4353125 0.14863600000000002 0.06312499999999999
73 0.24318 0.380625 0.14393199999999998 0.03249999999999997
73 0.5813735 0.5490625 0.820319 0.12312499999999998
73 0.3880525 0.3696875 0.136407 0.05437499999999995
73 0.404986 0.44156249999999997 0.164628 0.07187499999999997
73 0.36594499999999996 0.30625 0.056443999999999994 0.05124999999999996
73 0.6081845 0.286875 0.206021 0.07
73 0.6105365 0.3559375 0.20131699999999997 0.06812499999999999
73 0.6077140000000001 0.4396875 0.19002799999999997 0.075625
73 0.867827 0.35 0.26246400000000003 0.08374999999999999
73 0.867827 0.44156249999999997 0.26246400000000003 0.09562500000000002
73 0.873001 0.268125 0.252116 0.08374999999999999
73 0.9219189999999999 0.6028125 0.11288799999999999 0.020625000000000004
