73 0.0291665 0.112222 0.058333 0.224444
73 0.0533335 0.3616665 0.106667 0.261111
73 0.1216665 0.6861115 0.243333 0.398889
73 0.18874999999999997 0.35 0.18749999999999997 0.257778
73 0.1975 0.1066665 0.186666 0.213333
73 0.3295835 0.6805555 0.21916699999999997 0.427777
73 0.345 0.1438885 0.14999999999999997 0.18111100000000002
73 0.3795835 0.3677775 0.214167 0.273333
73 0.495 0.113889 0.131666 0.227778
73 0.5754165 0.7 0.20916700000000005 0.40888800000000003
73 0.585 0.3555555 0.20999999999999996 0.255555
73 0.6212500000000001 0.1416665 0.129166 0.19666699999999998
73 0.8008335 0.705 0.281667 0.42777799999999994
73 0.7608334999999999 0.1405555 0.09666699999999995 0.19888899999999998
73 0.8166665 0.374444 0.16333300000000006 0.26
73 0.8420835 0.0894445 0.11083299999999996 0.178889
73 0.932917 0.711667 0.13250000000000006 0.4077780000000001
73 0.9375 0.255 0.12333400000000005 0.18999999999999997
73 0.9704170000000001 0.0844445 0.057499999999999996 0.168889
