73 0.029706 0.286667 0.059412 0.095
73 0.031582 0.3979165 0.063164 0.08583299999999999
73 0.034709 0.50125 0.069418 0.09249999999999997
73 0.036898 0.5908329999999999 0.073796 0.06500000000000006
73 0.049093 0.7175 0.051908 0.036665999999999976
73 0.1322705 0.283333 0.130707 0.095
73 0.5453410000000001 0.22125 0.03627199999999997 0.08750000000000002
73 0.6722950000000001 0.33499999999999996 0.15384600000000004 0.10166599999999998
73 0.6732335 0.22375 0.14696699999999996 0.07250000000000001
73 0.8117575 0.7008335 0.375235 0.141667
73 0.683552 0.599167 0.070044 0.13
73 0.820513 0.5974999999999999 0.140088 0.08999999999999997
73 0.876798 0.483333 0.2389 0.11499999999999999
73 0.8802380000000001 0.35291649999999997 0.23827399999999999 0.08583299999999999
73 0.8805505 0.2154165 0.23139500000000002 0.089167
73 0.965916 0.60875 0.026891999999999916 0.06416599999999995
