73 0.009375 0.3728895 0.01875 0.03658499999999998
73 0.0140625 0.4183865 0.028125 0.05440900000000004
73 0.0196875 0.47983149999999997 0.039375 0.05347099999999999
73 0.0965625 0.0919325 0.111875 0.183865
73 0.0971875 0.11632300000000001 0.110625 0.21576
73 0.1015625 0.170263 0.114375 0.19606
73 0.1025 0.2415575 0.10250000000000001 0.14165100000000003
73 0.1025 0.2912755 0.095 0.12288899999999997
73 0.1075 0.345685 0.095 0.10788000000000003
73 0.10875 0.399156 0.0925 0.06847999999999999
73 0.11375 0.458724 0.1 0.065666
73 0.114375 0.510788 0.09875 0.05346999999999996
73 0.17812499999999998 0.031426 0.05374999999999999 0.062852
73 0.2009375 0.076454 0.08937500000000001 0.111632
73 0.21125 0.379925 0.10499999999999998 0.06941799999999998
73 0.21125 0.467636 0.09499999999999997 0.05910000000000004
73 0.2065625 0.1280485 0.083125 0.158537
73 0.219375 0.5365855 0.10874999999999999 0.09756100000000006
73 0.2078125 0.217636 0.078125 0.13695999999999997
73 0.2103125 0.30909949999999997 0.08062499999999997 0.11913699999999999
73 0.290625 0.1599435 0.09249999999999997 0.124765
73 0.266875 0.0150095 0.03250000000000003 0.030019
73 0.295 0.2692305 0.08875 0.13696099999999997
73 0.3278125 0.065197 0.150625 0.130394
73 0.343125 0.356004 0.16375 0.113508
73 0.3496875 0.4732645 0.171875 0.10225100000000004
73 0.3734375 0.106942 0.075625 0.135084
73 0.3828125 0.2335835 0.09437499999999999 0.14634100000000003
73 0.395 0.6008439999999999 0.09125 0.12664200000000003
73 0.45781249999999996 0.174953 0.060624999999999984 0.12476599999999999
73 0.4559375 0.334428 0.030625000000000013 0.10975599999999996
73 0.5121875 0.041745 0.143125 0.08349
73 0.5103125000000001 0.4840525 0.13187500000000002 0.13883700000000004
73 0.505 0.6224205 0.09874999999999995 0.137899
73 0.49750000000000005 0.1608815 0.05250000000000005 0.119137
73 0.494375 0.3297375 0.04375000000000001 0.12288899999999997
73 0.536875 0.3292685 0.05125000000000002 0.136961
73 0.5646875 0.13227 0.08687500000000004 0.15384599999999998
73 0.57375 0.652908 0.09999999999999998 0.17635999999999996
73 0.5990625 0.3203565 0.078125 0.158537
73 0.6296875 0.49812350000000005 0.12187500000000007 0.16697900000000004
73 0.6481250000000001 0.089118 0.1050000000000001 0.178236
73 0.6615625 0.6763600000000001 0.06562499999999993 0.168856
73 0.659375 0.317073 0.053750000000000075 0.15197000000000002
73 0.7225 0.3039395 0.08499999999999996 0.16322699999999998
73 0.7334375 0.49812350000000005 0.08062500000000006 0.16697900000000004
73 0.72375 0.6946525 0.05875000000000008 0.18667900000000004
73 0.805625 0.074578 0.21250000000000002 0.149156
73 0.7909375000000001 0.7124765 0.07562499999999994 0.18480299999999994
73 0.8015625 0.2903375 0.07687499999999992 0.18667899999999998
73 0.823125 0.5051595 0.09624999999999995 0.18855499999999997
73 0.8371875 0.266886 0.06062500000000004 0.19606
73 0.875 0.737805 0.09499999999999997 0.21482199999999996
73 0.8903125000000001 0.268762 0.06937500000000008 0.199812
73 0.8953125 0.5089115 0.05937500000000007 0.20731699999999997
73 0.959375 0.7654785 0.03374999999999995 0.21388299999999993
73 0.9690624999999999 0.053471 0.03187499999999999 0.106942
73 0.978125 0.2697 0.04249999999999998 0.197936
73 0.9721875 0.5272045000000001 0.023125000000000062 0.202627
73 0.9890625 0.0478425 0.020625000000000004 0.095685
73 0.9890625 0.250938 0.020625000000000004 0.17729800000000004
73 0.9890625 0.521107 0.020625000000000004 0.20168800000000003
73 0.9890625 0.7781425 0.020625000000000004 0.21106900000000006
