73 0.0146875 0.4079165 0.029375 0.07916699999999999
73 0.08125 0.31 0.1625 0.08999999999999997
73 0.0253125 0.51125 0.049375 0.07916600000000001
73 0.06812499999999999 0.4254165 0.0725 0.034167
73 0.0609375 0.50375 0.031875 0.07749999999999996
73 0.0953125 0.4966665 0.049375 0.10833300000000001
73 0.15781250000000002 0.47875 0.043125 0.065834
73 0.18312499999999998 0.297917 0.046249999999999986 0.07250000000000001
73 0.24000000000000002 0.37875000000000003 0.07500000000000001 0.069166
73 0.22625 0.4716665 0.035 0.06833299999999998
73 0.3053125 0.345417 0.05312499999999998 0.07749999999999996
73 0.47375 0.32916650000000003 0.012499999999999956 0.05166699999999996
73 0.4778125 0.2658335 0.018125000000000002 0.05666700000000002
73 0.5246875 0.33916650000000004 0.04562500000000003 0.058333000000000024
73 0.8003125 0.349583 0.028124999999999956 0.07250000000000001
73 0.8128124999999999 0.3641665 0.021874999999999978 0.043332999999999955
