73 0.0753595 0.2241665 0.150719 0.151667
73 0.106942 0.3991665 0.213884 0.148333
73 0.086304 0.125833 0.106316 0.010000000000000009
73 0.17636000000000002 0.23125 0.08004999999999998 0.125834
73 0.24546600000000002 0.23666700000000002 0.045654 0.15000000000000002
73 0.274547 0.3879165 0.092558 0.12583299999999997
73 0.28924300000000003 0.525417 0.05315799999999998 0.08250000000000002
73 0.29080649999999997 0.24875 0.04252700000000004 0.1225
73 0.3514695 0.37375 0.08880500000000002 0.1275
73 0.3527205 0.25125000000000003 0.071295 0.11083400000000002
73 0.358036 0.482083 0.05565999999999999 0.04749999999999999
73 0.4193245 0.3595835 0.04190100000000002 0.07916699999999999
73 0.4233895 0.2529165 0.046279000000000015 0.124167
73 0.4471545 0.2583335 0.05003099999999999 0.09666700000000003
73 0.476235 0.261667 0.100688 0.11999999999999997
73 0.484365 0.7462500000000001 0.09693600000000002 0.12249999999999994
73 0.518136 0.38625 0.13571000000000005 0.07416600000000001
73 0.6131960000000001 0.36416649999999995 0.09068200000000004 0.10166700000000001
73 0.6050655 0.43625 0.06066300000000002 0.03583399999999998
73 0.6751095 0.4754165 0.064415 0.12416699999999997
73 0.7151345 0.8616665 0.131957 0.20166700000000004
73 0.718574 0.369167 0.11507199999999995 0.09500000000000003
73 0.7876795000000001 0.37375 0.015634999999999954 0.08583400000000002
73 0.8736710000000001 0.38041650000000005 0.15384600000000004 0.08583299999999999
73 0.9627895 0.27208350000000003 0.07317099999999999 0.06916700000000003
73 0.9731084999999999 0.37708299999999995 0.05253300000000005 0.1275
