73 0.124 0.1810765 0.248 0.215335
73 0.13 0.7259385 0.26 0.22838499999999995
73 0.222 0.4363785 0.444 0.220229
73 0.325 0.187602 0.10199999999999998 0.195758
73 0.41700000000000004 0.18597049999999998 0.09400000000000003 0.205547
73 0.617 0.6818925 0.338 0.247961
73 0.8180000000000001 0.43801 0.36 0.22022799999999992
73 0.8300000000000001 0.18270799999999998 0.33599999999999997 0.199022
73 0.871 0.7259385 0.07800000000000007 0.22838499999999995
73 0.946 0.7300165000000001 0.10399999999999998 0.210441
