73 0.0178125 0.8370835 0.035625 0.07916699999999999
73 0.061875 0.775 0.12375 0.13833399999999996
73 0.085625 0.6904165 0.17125 0.12416699999999992
73 0.1378125 0.7308335 0.11062499999999999 0.10166699999999995
73 0.1625 0.646667 0.11125000000000002 0.06000000000000005
73 0.1975 0.7591665000000001 0.11875000000000002 0.09666699999999995
73 0.19968750000000002 0.6387499999999999 0.06687499999999999 0.02416600000000002
73 0.20750000000000002 0.6566665 0.04124999999999998 0.043332999999999955
73 0.2171875 0.6958335 0.060624999999999984 0.04833299999999996
73 0.266875 0.73875 0.11374999999999999 0.08250000000000002
73 0.26968749999999997 0.6795835 0.10312499999999997 0.08083299999999993
73 0.37687499999999996 0.645 0.26875 0.16333399999999998
73 0.2765625 0.5604165 0.05812499999999998 0.10916700000000001
73 0.3490625 0.7283335 0.09687500000000004 0.06833299999999998
