73 0.25875 0.575985 0.5175 0.8461540000000001
73 0.2721875 0.0590995 0.141875 0.118199
73 0.419375 0.748124 0.17000000000000004 0.501876
73 0.4040625 0.1139775 0.09812500000000002 0.227955
73 0.4596875 0.030488 0.043125000000000024 0.060976
73 0.474375 0.8761725 0.04999999999999999 0.24577899999999997
73 0.489375 0.20872449999999998 0.04125000000000001 0.10037499999999996
73 0.49 0.07973749999999999 0.03750000000000003 0.146341
73 0.5159374999999999 0.15197 0.02312499999999995 0.07880000000000001
73 0.620625 0.247186 0.19625000000000004 0.41182
73 0.7659374999999999 0.1674485 0.09687499999999993 0.029081000000000023
73 0.90125 0.2579735 0.19625000000000004 0.40525300000000003
