73 0.0721875 0.1608335 0.144375 0.09833299999999999
73 0.0721875 0.2970835 0.144375 0.11916700000000002
73 0.20375 0.40875 0.07749999999999999 0.012499999999999956
73 0.23281249999999998 0.31333350000000004 0.13062499999999996 0.096667
73 0.1934375 0.1825 0.046875 0.10333399999999998
73 0.22625 0.3795835 0.06375 0.015832999999999986
73 0.240625 0.1954165 0.044999999999999984 0.094167
73 0.2734375 0.41583349999999997 0.05687500000000001 0.011667000000000038
73 0.285625 0.1995835 0.04749999999999999 0.07583299999999998
73 0.3346875 0.38249999999999995 0.06812500000000005 0.05499999999999999
73 0.338125 0.2229165 0.065 0.07083299999999998
73 0.34125 0.2875 0.07125000000000004 0.07166600000000001
73 0.8134375 0.310833 0.03312499999999996 0.10500000000000004
73 0.8315625 0.13625 0.051875000000000004 0.1275
73 0.86875 0.386667 0.12375000000000003 0.015000000000000013
73 0.856875 0.29875 0.039999999999999925 0.12583400000000003
73 0.8903125000000001 0.128333 0.055624999999999925 0.115
73 0.905 0.29000000000000004 0.05125000000000002 0.14666600000000002
73 0.955625 0.4829165 0.08500000000000008 0.08083300000000004
73 0.9593750000000001 0.1158335 0.07999999999999996 0.10833300000000001
73 0.9546875 0.2841665 0.06562500000000004 0.138333
