73 0.091875 0.5145835000000001 0.18375 0.965833
73 0.0971875 0.51625 0.194375 0.9658340000000001
73 0.3296875 0.4995835 0.659375 0.999167
73 0.45562499999999995 0.7975 0.35374999999999995 0.4033340000000001
73 0.3909375 0.9450000000000001 0.10562499999999997 0.10833400000000004
73 0.5871875 0.08 0.13937500000000003 0.16
73 0.6950000000000001 0.76875 0.12 0.23250000000000004
73 0.7793749999999999 0.3858335 0.23375 0.251667
73 0.9334375 0.5983335000000001 0.10062499999999996 0.10166700000000006
73 0.9328125 0.81375 0.09437499999999999 0.370834
73 0.941875 0.47458349999999994 0.10250000000000004 0.12916699999999998
73 0.9521875 0.34624999999999995 0.09437499999999999 0.1275
73 0.9528125000000001 0.2075 0.09312500000000001 0.118334
73 0.9546875 0.06625 0.08937499999999998 0.1325
73 0.9703125 0.8625 0.04562500000000003 0.265
