73 0.0390625 0.7772045000000001 0.078125 0.16791699999999998
73 0.0740625 0.859756 0.118125 0.10225200000000001
73 0.0525 0.695122 0.04875 0.06941799999999998
73 0.09468750000000001 0.6974670000000001 0.130625 0.11163200000000006
73 0.0990625 0.5459665 0.083125 0.228893
73 0.1153125 0.738274 0.076875 0.15196999999999994
73 0.12031249999999999 0.9080675 0.066875 0.08630300000000002
73 0.1803125 0.8954035 0.12312500000000001 0.16228900000000002
73 0.16999999999999998 0.9282364999999999 0.0975 0.09662300000000001
73 0.2015625 0.7434335000000001 0.09562500000000002 0.09662300000000001
73 0.3303125 0.931989 0.34312499999999996 0.134146
73 0.22843750000000002 0.7950280000000001 0.12187499999999998 0.11538400000000004
73 0.3046875 0.8137894999999999 0.135625 0.1397750000000001
73 0.86375 0.9549719999999999 0.09875 0.08818000000000004
73 0.8671875 0.8433395 0.0943750000000001 0.15759900000000004
