73 0.024375 0.8091665 0.04375 0.11666700000000008
73 0.16625 0.805833 0.215 0.14500000000000002
73 0.3146875 0.8291665 0.015625 0.10833300000000001
73 0.471875 0.84125 0.11249999999999993 0.11249999999999993
73 0.5221875 0.4675 0.104375 0.13999999999999996
73 0.5675 0.8541669999999999 0.0787500000000001 0.10999999999999999
73 0.6378125 0.8574999999999999 0.05687500000000001 0.10666600000000004
73 0.7628125 0.8558334999999999 0.02562500000000001 0.12666699999999997
73 0.80375 0.85875 0.03749999999999998 0.125834
73 0.838125 0.8583335000000001 0.04125000000000001 0.13666699999999998
73 0.900625 0.860417 0.06624999999999992 0.13250000000000006
73 0.958125 0.9575 0.08250000000000002 0.08333400000000002
73 0.9612499999999999 0.8670835 0.07625000000000004 0.10916700000000001
