73 0.154375 0.2104405 0.16999999999999998 0.30995100000000003
73 0.125625 0.508564 0.0775 0.23572599999999994
73 0.22187500000000002 0.4787925 0.10125 0.17944499999999997
73 0.27999999999999997 0.2177815 0.07749999999999999 0.30505699999999997
73 0.32999999999999996 0.220636 0.15375 0.28956000000000004
73 0.328125 0.54323 0.11624999999999996 0.3083199999999999
73 0.4234375 0.539152 0.05687500000000001 0.316476
73 0.4409375 0.2030995 0.05687500000000001 0.316477
73 0.4690625 0.5391520000000001 0.08187500000000003 0.313214
73 0.49750000000000005 0.211664 0.05375000000000002 0.299348
73 0.5181250000000001 0.5399675 0.07375000000000004 0.30831900000000007
73 0.548125 0.209217 0.04249999999999998 0.307504
73 0.594375 0.5464925 0.08125000000000004 0.31810700000000003
73 0.5956250000000001 0.211664 0.04999999999999993 0.29282199999999997
73 0.6412500000000001 0.209217 0.05625000000000002 0.307504
73 0.7284375000000001 0.55261 0.06437499999999996 0.28955999999999993
73 0.7778125 0.210033 0.11562499999999998 0.30261
