73 0.0990625 0.6433335 0.09312500000000001 0.098333
73 0.1021875 0.7375 0.09687500000000002 0.10499999999999998
73 0.108125 0.8341665 0.10125 0.14333300000000004
73 0.19718750000000002 0.621667 0.12437500000000001 0.06500000000000006
73 0.205625 0.7041665 0.10999999999999999 0.05833299999999997
73 0.208125 0.7904165000000001 0.10499999999999998 0.08583299999999994
73 0.22749999999999998 0.5645830000000001 0.07125000000000001 0.03749999999999998
73 0.390625 0.961667 0.09875 0.04500000000000004
73 0.4146875 0.8920835 0.09187499999999998 0.04083300000000001
73 0.5809375 0.63125 0.17312499999999997 0.07416599999999995
73 0.5228125 0.5762499999999999 0.05187499999999995 0.025834000000000024
73 0.5796875 0.71625 0.16562499999999997 0.06916599999999995
73 0.5834375 0.7945835 0.16812499999999997 0.07083299999999992
73 0.5209375 0.56125 0.024374999999999925 0.02416600000000002
73 0.7578125 0.715417 0.17562499999999992 0.0675
73 0.7603125 0.63375 0.17562500000000003 0.06916599999999995
73 0.7596875000000001 0.8033330000000001 0.16437500000000005 0.05999999999999994
