73 0.0175 0.2175 0.035 0.435
73 0.1191665 0.73875 0.238333 0.49499999999999994
73 0.0475 0.221875 0.065 0.42625
73 0.085 0.22875 0.056666 0.405
73 0.1566665 0.216875 0.106667 0.43375
73 0.255 0.22 0.09 0.435
73 0.2858335 0.739375 0.14166700000000002 0.49124999999999996
73 0.32916650000000003 0.2175 0.08166699999999999 0.435
73 0.6441665 0.738125 0.7083330000000001 0.51875
73 0.4308335 0.2175 0.11833299999999997 0.435
73 0.5075000000000001 0.22 0.02833399999999997 0.44
73 0.5525 0.22 0.08166600000000002 0.435
73 0.613333 0.219375 0.050000000000000044 0.43875
73 0.6841665 0.216875 0.088333 0.43375
73 0.770833 0.22 0.07499999999999996 0.44
73 0.8325 0.22 0.04833399999999999 0.44
73 0.89 0.215 0.08000000000000007 0.43
73 0.955 0.215625 0.033333999999999975 0.43125
73 0.9875 0.216875 0.021666000000000074 0.43375
