73 0.265625 0.649444 0.30874999999999997 0.45
73 0.0478125 0.736667 0.095625 0.42000000000000004
73 0.1534375 0.411111 0.24062499999999998 0.37333400000000005
73 0.40249999999999997 0.34500000000000003 0.29374999999999996 0.292222
73 0.578125 0.763333 0.37000000000000005 0.457778
73 0.564375 0.4583335 0.25875 0.13666699999999998
73 0.7115625 0.3211115 0.275625 0.271111
73 0.755625 0.4455555 0.21750000000000003 0.19111100000000003
73 0.778125 0.6788890000000001 0.19374999999999998 0.25777799999999995
73 0.879375 0.7916665 0.24 0.41444500000000006
73 0.9168750000000001 0.5261115 0.16125 0.221111
73 0.9175 0.3277775 0.15749999999999997 0.18888899999999997
