73 0.48812500000000003 0.552486 0.06375000000000003 0.31307599999999997
73 0.16125 0.26611450000000003 0.0625 0.07182300000000003
73 0.2640625 0.276243 0.071875 0.265194
73 0.3040625 0.4834255 0.06187500000000001 0.22651900000000003
73 0.31718749999999996 0.6952119999999999 0.075625 0.2707179999999999
73 0.2996875 0.5082875 0.034375000000000044 0.13259700000000002
73 0.37 0.544199 0.057499999999999996 0.270718
73 0.39749999999999996 0.290976 0.06375000000000003 0.302026
73 0.4084375 0.587477 0.080625 0.31307599999999997
73 0.44999999999999996 0.450276 0.048750000000000016 0.23388600000000004
73 0.5090625 0.443831 0.06937499999999996 0.32044200000000006
73 0.555625 0.5782689999999999 0.06500000000000006 0.279926
73 0.56375 0.1629835 0.053749999999999964 0.086557
73 0.5884375 0.452118 0.0993750000000001 0.259668
73 0.5625 0.034991 0.0462499999999999 0.069982
73 0.579375 0.315838 0.05625000000000002 0.071824
73 0.5718749999999999 0.2587475 0.03500000000000003 0.082873
73 0.58125 0.544199 0.05249999999999999 0.255986
73 0.6571875 0.5211785 0.06187500000000001 0.276243
73 0.6628125 0.220074 0.059374999999999956 0.233886
73 0.6825 0.4797425 0.04875000000000007 0.23756900000000003
73 0.7093750000000001 0.313996 0.04874999999999996 0.08655599999999997
73 0.7371875 0.5009205 0.06562500000000004 0.294659
73 0.7262500000000001 0.2587475 0.015000000000000013 0.05340700000000001
73 0.7475 0.3379375 0.05500000000000005 0.046041
73 0.7609375 0.474217 0.06437499999999996 0.270718
73 0.760625 0.221915 0.04875000000000007 0.20442
73 0.80875 0.452118 0.050000000000000044 0.22652000000000005
73 0.828125 0.2974215 0.05249999999999999 0.08287299999999997
73 0.8318749999999999 0.417127 0.05500000000000005 0.248618
73 0.895625 0.393186 0.05624999999999991 0.23756999999999995
73 0.90125 0.4327805 0.06000000000000005 0.25782700000000003
