73 0.030382 0.5532405 0.060764 0.16666699999999995
73 0.044271 0.7731485 0.088542 0.13888900000000004
73 0.1128475 0.570602 0.08333300000000002 0.13194399999999995
73 0.12326400000000001 0.7905095 0.024306000000000008 0.10416700000000001
73 0.1545135 0.7233795000000001 0.07638899999999998 0.04861100000000007
73 0.15538200000000002 0.792824 0.06076400000000001 0.13194399999999995
73 0.20138899999999998 0.5625 0.097222 0.180556
73 0.19357649999999998 0.8090275 0.02604100000000001 0.12268499999999993
73 0.24566 0.7824075 0.09895799999999999 0.20370299999999997
73 0.309896 0.608796 0.12326400000000001 0.1296299999999999
73 0.34201400000000004 0.806713 0.118056 0.21064799999999995
73 0.449653 0.603009 0.12847200000000003 0.1875
73 0.46875 0.8715275 0.15277800000000002 0.17824099999999998
73 0.5677085 0.6087965 0.1319450000000001 0.21759300000000004
73 0.6171875 0.8854165 0.11979099999999998 0.20138899999999993
73 0.636285 0.313657 0.08854200000000001 0.136574
73 0.7604165 0.642361 0.1631950000000001 0.22916599999999998
73 0.778646 0.923611 0.1475700000000001 0.14351799999999992
73 0.917535 0.672454 0.161458 0.1921299999999999
73 0.9375 0.925926 0.12152800000000008 0.14351800000000003
