73 0.0134375 0.158159 0.026875 0.060252
73 0.01875 0.22510449999999999 0.0375 0.066945
73 0.01875 0.2933055 0.0375 0.09288700000000003
73 0.06375 0.03682 0.1275 0.07364
73 0.083125 0.0849375 0.16625 0.046025
73 0.0528125 0.141841 0.071875 0.044352
73 0.0578125 0.1941425 0.074375 0.04184100000000002
73 0.2284375 0.402092 0.413125 0.08619199999999999
73 0.061875 0.2422595 0.05374999999999999 0.037656999999999996
73 0.065625 0.291632 0.058750000000000004 0.039329999999999976
73 0.0715625 0.335565 0.06812499999999999 0.03514600000000001
73 0.0728125 0.3861925 0.06312499999999999 0.039331000000000005
73 0.113125 0.522176 0.14375 0.065272
73 0.0721875 0.4230125 0.02812499999999999 0.03598299999999999
73 0.09718750000000001 0.5924685000000001 0.060625 0.053556999999999966
73 0.1390625 0.28451899999999997 0.11562499999999999 0.11213400000000001
73 0.15875 0.1891215 0.135 0.04184100000000002
73 0.15812500000000002 0.141841 0.12375 0.042677999999999994
73 0.16625 0.2372385 0.13124999999999998 0.044350999999999974
73 0.12875 0.604184 0.03125 0.06694600000000006
73 0.2990625 0.329289 0.29937499999999995 0.042677999999999994
73 0.1690625 0.0464435 0.024375000000000008 0.034309000000000006
73 0.1796875 0.08159 0.019374999999999976 0.029287999999999995
73 0.29312499999999997 0.530962 0.21625 0.06945600000000002
73 0.2009375 0.0799165 0.02562500000000001 0.035982999999999994
73 0.21375 0.2882845 0.036250000000000004 0.04602499999999998
73 0.281875 0.138494 0.12125000000000002 0.04267800000000001
73 0.284375 0.24142249999999998 0.12124999999999997 0.03933099999999998
73 0.23593750000000002 0.0849375 0.019375000000000003 0.02928900000000001
73 0.28875 0.187448 0.12 0.038494
73 0.2871875 0.28744749999999997 0.113125 0.044350999999999974
73 0.259375 0.603347 0.044999999999999984 0.065272
73 0.3178125 0.061506 0.144375 0.069456
73 0.34468750000000004 0.594979 0.12062500000000004 0.05857800000000002
73 0.40218750000000003 0.140167 0.116875 0.04267800000000001
73 0.4034375 0.2430965 0.106875 0.039331000000000005
73 0.4040625 0.1916315 0.10812500000000003 0.043515
73 0.4128125 0.293305 0.10812499999999997 0.032636
73 0.41500000000000004 0.0585775 0.04250000000000004 0.058577000000000004
73 0.47281249999999997 0.549791 0.09937499999999999 0.07196599999999997
73 0.4515625 0.082427 0.023125000000000007 0.03096199999999999
73 0.52875 0.1945605 0.13875000000000004 0.037656999999999996
73 0.529375 0.1426775 0.1275 0.047699000000000005
73 0.53125 0.0778245 0.12874999999999998 0.043515000000000005
73 0.5440625 0.38535549999999996 0.0618749999999999 0.03430899999999998
73 0.555625 0.2933055 0.07999999999999996 0.042676999999999965
73 0.55625 0.340586 0.08125000000000004 0.03849400000000003
73 0.5575 0.24142249999999998 0.08374999999999999 0.03933099999999998
73 0.68375 0.1217575 0.16625 0.196653
