73 0.01 0.5492495 0.02 0.899625
73 0.0384375 0.5483115 0.033125 0.901501
73 0.060625 0.5492495 0.02124999999999999 0.899625
73 0.09593750000000001 0.5501875 0.038125000000000006 0.897749
73 0.1525 0.5492495 0.048750000000000016 0.899625
73 0.179375 0.55394 0.05124999999999999 0.890244
73 0.19968750000000002 0.5483115 0.045625 0.901501
73 0.22781249999999997 0.5511255 0.045625 0.895873
73 0.2553125 0.5492495 0.029375000000000012 0.899625
73 0.2765625 0.545497 0.030625000000000013 0.90713
73 0.3046875 0.5393995 0.03562500000000002 0.919325
73 0.3284375 0.5375235 0.03687499999999999 0.9080670000000001
73 0.3528125 0.545497 0.026875000000000038 0.90713
73 0.3784375 0.543152 0.03187499999999999 0.91182
73 0.41093749999999996 0.542214 0.033125000000000016 0.9136960000000001
73 0.45406250000000004 0.542683 0.02812500000000001 0.912758
73 0.4896875 0.5384615 0.02937500000000004 0.921201
73 0.5146875 0.5375235 0.03562499999999996 0.923077
73 0.5643750000000001 0.531895 0.04999999999999993 0.934334
73 0.5921875000000001 0.531895 0.03187499999999999 0.934334
73 0.6212500000000001 0.5375235 0.036250000000000004 0.923077
73 0.645 0.533771 0.040000000000000036 0.92683
73 0.67125 0.534709 0.043749999999999956 0.928706
73 0.6896875 0.5281425 0.03687499999999999 0.941839
73 0.7171875000000001 0.5262665 0.04062500000000002 0.945591
73 0.7384375 0.5262665 0.034375000000000044 0.945591
73 0.7640625000000001 0.5262665 0.03187499999999999 0.945591
73 0.7978125 0.521107 0.028125000000000067 0.95591
73 0.8109375 0.5192305 0.028124999999999956 0.948405
73 0.83 0.522045 0.020000000000000018 0.954034
73 0.8684375 0.519231 0.03562500000000002 0.959662
73 0.8965625 0.523921 0.02562500000000001 0.950282
73 0.9159375000000001 0.522045 0.03312499999999996 0.954034
73 0.9525 0.522045 0.03499999999999992 0.954034
