73 0.043750000000000004 0.452006 0.0475 0.611748
73 0.063125 0.450573 0.037500000000000006 0.6088819999999999
73 0.0996875 0.442693 0.061874999999999986 0.6160460000000001
73 0.1709375 0.4448425 0.085625 0.671919
73 0.288125 0.411175 0.15125000000000002 0.7163320000000001
73 0.42000000000000004 0.467765 0.1225 0.626074
73 0.5175000000000001 0.4383955 0.10999999999999999 0.684813
73 0.5884375 0.450573 0.07562499999999994 0.654728
73 0.7078125 0.4563035 0.18312499999999998 0.648997
73 0.8846875000000001 0.43553 0.17812499999999998 0.690544
