73 0.0109375 0.8545835 0.021875 0.089167
73 0.0240625 0.5504165000000001 0.048125 0.08416699999999999
73 0.0375 0.702917 0.075 0.12749999999999995
73 0.04 0.9475 0.08 0.10333400000000004
73 0.075 0.5379164999999999 0.05374999999999999 0.07416699999999998
73 0.1040625 0.9391670000000001 0.04812499999999999 0.09999999999999998
73 0.1125 0.55125 0.05374999999999999 0.08250000000000002
73 0.11124999999999999 0.6816665 0.04875 0.09166700000000005
73 0.1578125 0.79625 0.100625 0.124166
73 0.15375 0.5354165 0.04375000000000001 0.07583299999999998
73 0.17375000000000002 0.90125 0.08125000000000002 0.11749999999999994
73 0.1590625 0.6745829999999999 0.049375 0.07750000000000001
73 0.1925 0.5183335 0.028749999999999998 0.04833299999999996
73 0.22875 0.541667 0.05125000000000002 0.08499999999999996
73 0.2953125 0.65 0.17187499999999997 0.11666599999999994
73 0.26875000000000004 0.7591665000000001 0.11125000000000002 0.13333300000000003
73 0.27375 0.8616665 0.11624999999999996 0.12333299999999991
73 0.286875 0.9425 0.10625000000000001 0.11333400000000005
73 0.2803125 0.5270835 0.030625000000000013 0.059167000000000025
73 0.31937499999999996 0.534583 0.04375000000000001 0.0675
73 0.38125 0.5175000000000001 0.03125 0.056665999999999994
73 0.4040625 0.614167 0.01937500000000003 0.040000000000000036
73 0.4090625 0.6025 0.026874999999999982 0.05500000000000005
73 0.41093749999999996 0.52 0.023125000000000007 0.05499999999999999
73 0.46125000000000005 0.605417 0.03375 0.022499999999999964
73 0.46375 0.5166665 0.036250000000000004 0.06166699999999997
73 0.480625 0.5891664999999999 0.036250000000000004 0.04833300000000007
73 0.5037499999999999 0.5175000000000001 0.028749999999999942 0.056665999999999994
73 0.5271875 0.513333 0.028124999999999956 0.05499999999999999
73 0.5496875 0.5758335 0.06812499999999999 0.053333000000000075
73 0.5706249999999999 0.545 0.04250000000000009 0.10500000000000004
73 0.5653125 0.5004165 0.02187500000000009 0.03916700000000001
73 0.634375 0.8008335 0.028750000000000053 0.208333
73 0.7309375 0.715 0.10812500000000003 0.16833399999999998
73 0.7596875000000001 0.5095835 0.02312499999999995 0.07416700000000004
73 0.7990625 0.48875 0.04312500000000008 0.08749999999999997
73 0.825 0.6808335000000001 0.07374999999999998 0.19666700000000004
73 0.826875 0.855 0.07499999999999996 0.255
73 0.82875 0.952917 0.07125000000000004 0.09250000000000003
73 0.8843749999999999 0.75625 0.04500000000000004 0.17916599999999994
73 0.885 0.628333 0.04125000000000001 0.14
73 0.8887499999999999 0.915833 0.04625000000000001 0.15999999999999992
73 0.9159375000000001 0.69875 0.030625000000000013 0.11583399999999999
73 0.9171875 0.5958330000000001 0.020625000000000004 0.1050000000000001
