73 0.018125 0.050821000000000005 0.03625 0.100078
73 0.025625 0.2228305 0.05125 0.12040700000000001
73 0.0340625 0.195074 0.068125 0.14777199999999996
73 0.1353125 0.3663015 0.266875 0.19781099999999996
73 0.1065625 0.5574665 0.203125 0.17200900000000002
73 0.10781249999999999 0.045348 0.134375 0.08913199999999999
73 0.155 0.1841285 0.18 0.18373699999999998
73 0.16218749999999998 0.758796 0.07312500000000002 0.154026
73 0.3834375 0.039875 0.454375 0.07975
73 0.20687499999999998 0.9022675 0.06625 0.053166999999999964
73 0.365 0.1665365 0.20875 0.17357300000000003
73 0.4346875 0.3498825 0.09062499999999996 0.16184500000000002
73 0.4934375 0.6645814999999999 0.19937500000000002 0.206411
73 0.52125 0.9136045 0.23625000000000002 0.17122700000000002
73 0.4478125 0.7838155 0.078125 0.060203000000000007
73 0.4953125 0.5140735 0.15937499999999993 0.12587900000000002
73 0.519375 0.152072 0.11625000000000002 0.171228
73 0.524375 0.3342455 0.09875 0.16497299999999998
73 0.568125 0.7548870000000001 0.10999999999999999 0.11180599999999996
73 0.6546875 0.163409 0.14812500000000006 0.087568
73 0.6615625 0.08405 0.0881249999999999 0.02892800000000001
73 0.75625 0.08405 0.08499999999999996 0.02892800000000001
73 0.8334375 0.138389 0.21187499999999992 0.089132
73 0.8425 0.2294765 0.20750000000000002 0.096169
73 0.8465625 0.32486349999999997 0.213125 0.105551
73 0.8518749999999999 0.4237685 0.21250000000000002 0.11727900000000002
73 0.8512500000000001 0.5269739999999999 0.20375 0.12353399999999998
73 0.860625 0.667709 0.17874999999999996 0.08913199999999999
73 0.8321875 0.068022 0.07687500000000003 0.048476
73 0.8981250000000001 0.0480845 0.06874999999999998 0.07114899999999999
73 0.969375 0.0820955 0.06000000000000005 0.164191
73 0.9815625 0.8197810000000001 0.03562500000000002 0.358874
73 0.9853125 0.410868 0.02312499999999995 0.47928
