73 0.0909375 0.5091665000000001 0.181875 0.156667
73 0.1684375 0.7095835 0.251875 0.37916700000000003
73 0.44843749999999993 0.7816665 0.26437499999999997 0.223333
73 0.5615625 0.673333 0.16062499999999996 0.12
73 0.66875 0.9008335000000001 0.23749999999999993 0.19666700000000004
73 0.63 0.5208335 0.1087499999999999 0.218333
73 0.7534375 0.5491665 0.140625 0.24833299999999997
73 0.9321875 0.8708335 0.12187500000000007 0.256667
73 0.9478125 0.7275 0.10312500000000002 0.22499999999999998
73 0.9328125 0.9520835 0.06562499999999993 0.08583300000000005
