73 0.3890625 0.395 0.11812499999999998 0.06
73 0.571875 0.58875 0.08250000000000002 0.06916600000000006
73 0.578125 0.510417 0.07499999999999996 0.07749999999999996
73 0.6446875000000001 0.075 0.10187500000000005 0.063334
73 0.635 0.231667 0.07499999999999996 0.05999999999999997
73 0.6387499999999999 0.37 0.07999999999999996 0.065
73 0.6421875 0.155 0.08687500000000004 0.068334
73 0.6409374999999999 0.30125 0.08187500000000003 0.059165999999999996
73 0.6415625 0.4495835 0.083125 0.06583299999999997
73 0.73125 0.21625 0.10999999999999999 0.07083399999999998
73 0.7321875 0.3704165 0.10312499999999991 0.07916699999999999
73 0.7334375 0.28583349999999996 0.10562499999999997 0.07166699999999998
73 0.7334375 0.457083 0.10062499999999996 0.0675
73 0.7346874999999999 0.6112500000000001 0.10312500000000002 0.06916599999999995
73 0.7371875 0.14375 0.10562500000000008 0.074166
73 0.709375 0.5141665 0.030000000000000027 0.05666699999999997
73 0.7534375 0.529583 0.05812499999999998 0.07749999999999996
73 0.844375 0.2920835 0.10624999999999996 0.07083300000000003
73 0.8565625 0.3779165 0.130625 0.08416699999999999
73 0.8571875 0.4570835 0.13187499999999996 0.06416700000000003
73 0.8153125 0.541667 0.04562500000000003 0.06000000000000005
73 0.8981250000000001 0.08791650000000001 0.2025 0.14083299999999999
73 0.899375 0.189167 0.20000000000000007 0.09999999999999998
73 0.964375 0.379583 0.07000000000000006 0.08750000000000002
73 0.9650000000000001 0.47708300000000003 0.06874999999999998 0.08250000000000002
73 0.9678125 0.28125 0.06312499999999999 0.08750000000000002
73 0.95625 0.577917 0.03500000000000003 0.07750000000000001
