73 0.0775 0.5696140000000001 0.155 0.85889
73 0.1746875 0.614299 0.100625 0.76952
73 0.21781250000000002 0.575729 0.186875 0.84666
73 0.3334375 0.5997175 0.114375 0.798683
73 0.4265625 0.619473 0.09812500000000002 0.7591720000000001
73 0.494375 0.6467545 0.08749999999999997 0.704609
73 0.520625 0.0376295 0.04750000000000004 0.075259
73 0.5540625 0.6585135 0.06812499999999999 0.6810910000000001
73 0.5646875 0.0507995 0.038124999999999964 0.101599
73 0.5840625 0.6486355 0.05687500000000001 0.657573
73 0.5846875 0.0644405 0.021874999999999978 0.128881
73 0.6184375 0.0903105 0.03312499999999996 0.180621
73 0.628125 0.626529 0.04999999999999993 0.594544
73 0.6415625 0.100188 0.03312499999999996 0.200376
