73 0.083 0.552 0.09 0.49066599999999994
73 0.11800000000000001 0.5506665 0.096 0.46666700000000005
73 0.534 0.921333 0.872 0.15200000000000002
73 0.161 0.5493335 0.09399999999999999 0.485333
73 0.21000000000000002 0.5333335 0.092 0.501333
73 0.256 0.54 0.05999999999999997 0.530666
73 0.313 0.4893335 0.05400000000000005 0.6533329999999999
73 0.361 0.4893335 0.062 0.6533329999999999
73 0.383 0.5413335 0.02200000000000002 0.554667
73 0.43200000000000005 0.512 0.068 0.6293340000000001
73 0.448 0.586667 0.03200000000000003 0.512
73 0.476 0.5586665 0.03199999999999997 0.562667
73 0.516 0.49866649999999996 0.06000000000000005 0.650667
73 0.524 0.552 0.03200000000000003 0.538666
73 0.544 0.5373335 0.03200000000000003 0.578667
73 0.587 0.536 0.07399999999999995 0.602666
73 0.642 0.5186665 0.08400000000000007 0.669333
73 0.688 0.514667 0.09599999999999997 0.64
73 0.738 0.52 0.10799999999999998 0.634666
73 0.8 0.5213335 0.132 0.6373329999999999
73 0.8420000000000001 0.5186665 0.128 0.6533329999999999
73 0.895 0.5186664999999999 0.14200000000000002 0.626667
73 0.933 0.501333 0.13 0.688
