73 0.0109375 0.246667 0.021875 0.04999999999999999
73 0.0121875 0.175417 0.024375 0.0625
73 0.0140625 0.385833 0.028125 0.05499999999999999
73 0.0178125 0.31875 0.035625 0.07250000000000001
73 0.024375 0.4579165 0.04875 0.07583300000000004
73 0.1725 0.10750000000000001 0.27625 0.046666
73 0.0934375 0.25916700000000004 0.104375 0.06
73 0.0934375 0.19125 0.101875 0.069166
73 0.11781249999999999 0.3183335 0.143125 0.05833299999999997
73 0.12468749999999999 0.4433335 0.131875 0.05666700000000002
73 0.1615625 0.186667 0.02437499999999998 0.04999999999999999
73 0.1640625 0.25458349999999996 0.021874999999999978 0.034167
73 0.25656249999999997 0.186667 0.12437499999999999 0.06
73 0.258125 0.2608335 0.12124999999999997 0.056666999999999995
73 0.259375 0.33125000000000004 0.12125 0.064166
73 0.36906249999999996 0.29 0.09562500000000002 0.05333399999999999
73 0.3678125 0.22999999999999998 0.083125 0.046665999999999985
73 0.38249999999999995 0.3445835 0.11249999999999999 0.12416700000000003
73 0.42718749999999994 0.1033335 0.18062499999999998 0.061667000000000013
73 0.4665625 0.1616665 0.106875 0.068333
73 0.4396875 0.22875 0.021874999999999978 0.037500000000000006
73 0.473125 0.30374999999999996 0.08874999999999994 0.060834
73 0.4846875 0.37083299999999997 0.08187500000000003 0.06
73 0.515625 0.40375 0.06125000000000003 0.057499999999999996
73 0.555 0.379583 0.07250000000000001 0.07750000000000001
73 0.5684374999999999 0.23208299999999998 0.09437499999999999 0.07249999999999998
73 0.57375 0.30791650000000004 0.08125000000000004 0.06916700000000003
73 0.6215625 0.06791649999999999 0.104375 0.074167
73 0.6375 0.4579165 0.11124999999999996 0.04083300000000001
73 0.6525000000000001 0.247917 0.02749999999999997 0.04749999999999999
73 0.7693749999999999 0.2420835 0.20375 0.08416699999999999
73 0.7721875 0.4345835 0.18062500000000004 0.090833
73 0.7109375 0.32375 0.055625000000000036 0.07583400000000001
73 0.7034374999999999 0.1575 0.028125000000000067 0.04999999999999999
73 0.729375 0.0420835 0.03125 0.084167
73 0.8456250000000001 0.33999999999999997 0.04874999999999996 0.08833399999999997
73 0.93875 0.462083 0.12124999999999997 0.08749999999999997
73 0.941875 0.135 0.11499999999999999 0.108334
73 0.9437500000000001 0.36125 0.11124999999999996 0.08250000000000002
73 0.9478125 0.2425 0.10312500000000002 0.09999999999999998
73 0.9546875 0.5654170000000001 0.08937499999999998 0.08750000000000002
