73 0.08125 0.499531 0.1625 0.999062
73 0.1925 0.7213879999999999 0.14500000000000002 0.15384600000000004
73 0.23218750000000002 0.174953 0.09062500000000001 0.10788000000000002
73 0.241875 0.063321 0.10999999999999999 0.11163200000000001
73 0.239375 0.2804875 0.10250000000000004 0.09568500000000002
73 0.2371875 0.5909945 0.09312500000000001 0.09756100000000001
73 0.24125000000000002 0.4929645 0.09875000000000003 0.09849899999999995
73 0.2425 0.3747655 0.09625000000000003 0.11913699999999999
73 0.240625 0.0056285 0.09000000000000002 0.011257
73 0.25406249999999997 0.6852725 0.080625 0.098499
73 0.321875 0.0403375 0.01874999999999999 0.080675
73 0.6753125 0.0497185 0.18562499999999993 0.099437
73 0.6703125000000001 0.14212 0.12437500000000001 0.085366
73 0.6871875000000001 0.49812349999999994 0.07062500000000005 0.09568499999999996
73 0.6890625 0.393058 0.06937499999999996 0.06754199999999999
73 0.6928125 0.2148215 0.07687499999999992 0.07692299999999999
73 0.6934375 0.2959665 0.06812499999999999 0.07223299999999999
73 0.74125 0.520638 0.04625000000000001 0.07317000000000001
73 0.7428125 0.432458 0.038124999999999964 0.06941799999999998
73 0.7496875000000001 0.197936 0.03937500000000005 0.084428
73 0.7496875000000001 0.27579750000000003 0.03937500000000005 0.07879900000000001
73 0.8646875 0.793621 0.26937500000000003 0.41088199999999997
73 0.7490625 0.353659 0.03312499999999996 0.065666
73 0.8728125 0.5159475 0.24687499999999996 0.240151
73 0.784375 0.12382750000000001 0.0625 0.148217
73 0.87875 0.340994 0.24124999999999996 0.17542200000000002
73 0.789375 0.031426 0.05249999999999999 0.062852
73 0.795 0.250938 0.05125000000000002 0.094746
73 0.9325 0.086304 0.13375000000000004 0.172608
73 0.935 0.234522 0.12875000000000003 0.10694200000000001
