73 0.258125 0.604167 0.07999999999999996 0.10000000000000009
73 0.25406249999999997 0.382917 0.06437500000000002 0.08750000000000002
73 0.26125 0.5 0.07625000000000001 0.09166600000000003
73 0.2553125 0.2679165 0.06187500000000001 0.07416699999999998
73 0.3290625 0.51125 0.05687500000000001 0.07250000000000001
73 0.3334375 0.385833 0.06062500000000004 0.09000000000000002
73 0.3296875 0.60625 0.04812500000000003 0.08916599999999997
73 0.3296875 0.2658335 0.043125000000000024 0.066667
73 0.4059375 0.26375000000000004 0.06312499999999999 0.07916600000000001
73 0.438125 0.3879165 0.03749999999999998 0.08083300000000004
73 0.4328125 0.6275 0.016874999999999973 0.046665999999999985
73 0.43875 0.525 0.023749999999999993 0.04166599999999998
73 0.47375 0.2575 0.05125000000000002 0.08833400000000002
73 0.558125 0.265 0.03249999999999997 0.068334
73 0.706875 0.525 0.04249999999999998 0.04166599999999998
73 0.7093750000000001 0.2595835 0.04749999999999999 0.07916700000000002
73 0.754375 0.6008335 0.03749999999999998 0.09666700000000006
73 0.7753125000000001 0.49416649999999995 0.073125 0.086667
73 0.764375 0.260417 0.04625000000000001 0.07750000000000001
73 0.7765625 0.38125 0.06312499999999999 0.09083400000000003
73 0.8384375 0.607083 0.02937500000000004 0.08750000000000002
73 0.8475 0.50125 0.04249999999999998 0.08249999999999996
73 0.8612500000000001 0.261667 0.06500000000000006 0.09000000000000002
73 0.8500000000000001 0.3908335 0.03500000000000003 0.08333299999999999
73 0.938125 0.607083 0.07125000000000004 0.08750000000000002
73 0.9346875 0.2625 0.05687500000000001 0.08166600000000002
73 0.92875 0.5 0.03749999999999998 0.09833399999999998
73 0.93875 0.3841665 0.04125000000000001 0.093333
73 0.984375 0.27125 0.030000000000000027 0.07083400000000004
73 0.9928125 0.607917 0.013125000000000053 0.09250000000000003
