73 0.0146875 0.19874999999999998 0.029375 0.355834
73 0.0196875 0.6816665 0.039375 0.461667
73 0.4996875 0.20375 0.999375 0.394166
73 0.4996875 0.71625 0.999375 0.534166
73 0.0221875 0.73 0.031875 0.458334
73 0.046875 0.22499999999999998 0.07375000000000001 0.311666
73 0.056249999999999994 0.7258330000000001 0.03875 0.48000000000000004
73 0.090625 0.7783335 0.04000000000000001 0.39333299999999993
73 0.093125 0.22833350000000002 0.04250000000000001 0.318333
73 0.13468750000000002 0.2308335 0.06062500000000001 0.29666699999999996
73 0.1453125 0.74875 0.05687499999999998 0.4375
73 0.1965625 0.255 0.070625 0.26166599999999995
73 0.1921875 0.7441665 0.051875000000000004 0.458333
73 0.2009375 0.7816665 0.02562500000000001 0.358333
73 0.2278125 0.7825 0.021874999999999978 0.36333400000000005
73 0.2546875 0.2608335 0.04562500000000003 0.26333300000000004
73 0.24906250000000002 0.7887500000000001 0.020625000000000032 0.37249999999999994
73 0.2740625 0.7591665000000001 0.029374999999999984 0.46166699999999994
73 0.295 0.252083 0.03749999999999998 0.2875
73 0.30125 0.8033334999999999 0.027500000000000024 0.373333
73 0.3190625 0.7975 0.019374999999999976 0.35166600000000003
73 0.358125 0.2345835 0.09125 0.33583300000000005
73 0.34625 0.7829165 0.03249999999999997 0.390833
73 0.3665625 0.755 0.02562500000000001 0.4533339999999999
73 0.3890625 0.8008335 0.014374999999999971 0.358333
73 0.4090625 0.8233334999999999 0.020625000000000004 0.3166669999999999
73 0.414375 0.2625 0.03125 0.27
73 0.433125 0.81375 0.00874999999999998 0.3225
73 0.4396875 0.256667 0.016874999999999973 0.265
73 0.46968750000000004 0.7887500000000001 0.06687500000000002 0.379166
73 0.46281249999999996 0.28458300000000003 0.02437499999999998 0.23249999999999998
73 0.49 0.2904165 0.03750000000000003 0.22916700000000004
73 0.51125 0.8274999999999999 0.028749999999999998 0.308334
73 0.5203125 0.2783335 0.02562500000000001 0.256667
73 0.5621875000000001 0.7670835 0.08687499999999992 0.439167
73 0.540625 0.8033330000000001 0.04125000000000001 0.33999999999999997
73 0.579375 0.23375 0.10375000000000001 0.3325
73 0.6028125 0.7954165 0.06187500000000001 0.37916700000000003
73 0.6428125 0.7929165 0.05437500000000006 0.380833
73 0.6571875 0.2458335 0.06687500000000002 0.31333300000000003
73 0.665 0.787917 0.04375000000000007 0.39749999999999996
73 0.6737500000000001 0.771667 0.04375000000000007 0.41999999999999993
73 0.70875 0.7887500000000001 0.06000000000000005 0.399166
73 0.71 0.2383335 0.03874999999999995 0.32833300000000004
73 0.7371875 0.27291699999999997 0.028124999999999956 0.2425
73 0.7637499999999999 0.8033334999999999 0.06625000000000003 0.35666699999999996
73 0.75875 0.23916700000000002 0.03749999999999998 0.355
73 0.7965625000000001 0.27875 0.04937500000000006 0.275834
73 0.7931250000000001 0.8204165 0.03500000000000003 0.33583300000000005
73 0.82375 0.887917 0.03875000000000006 0.1775
73 0.8425 0.27208350000000003 0.06874999999999998 0.269167
73 0.8571875 0.8291665 0.09562500000000007 0.28833299999999995
73 0.874375 0.27125 0.03875000000000006 0.27749999999999997
73 0.8946875 0.2695835 0.046875 0.274167
73 0.9328125 0.799167 0.08687499999999992 0.355
73 0.9190625 0.83375 0.05687500000000001 0.2825
73 0.9259375000000001 0.26875000000000004 0.051875000000000004 0.2725
73 0.9425 0.24041649999999998 0.08000000000000007 0.339167
73 0.975625 0.2541665 0.04749999999999999 0.30833299999999997
73 0.9806250000000001 0.8091665 0.03749999999999998 0.306667
73 0.9915625 0.7462500000000001 0.015625 0.18416599999999994
