73 0.2590625 0.3066945 0.466875 0.09623500000000001
73 0.26375 0.6171549999999999 0.47624999999999995 0.208368
73 0.2415625 0.2556485 0.426875 0.077825
73 0.2628125 0.7644355 0.46187500000000004 0.09288700000000005
73 0.249375 0.39958150000000003 0.4275 0.07615100000000002
73 0.2490625 0.48284499999999997 0.418125 0.10209200000000002
73 0.2534375 0.5535565 0.414375 0.094561
73 0.2534375 0.6209205 0.414375 0.04686100000000004
73 0.6849999999999999 0.41924700000000004 0.44625 0.122176
73 0.7265625 0.5451885 0.5118750000000001 0.15648499999999993
73 0.709375 0.479498 0.44875 0.11213399999999996
73 0.7246874999999999 0.40125500000000003 0.47187499999999993 0.07949800000000001
73 0.7434375 0.7757324999999999 0.509375 0.12552299999999994
73 0.7196875 0.31045999999999996 0.451875 0.11882799999999999
73 0.7306250000000001 0.65523 0.47375 0.16736400000000007
73 0.7140625 0.37363999999999997 0.42437500000000006 0.10627599999999998
73 0.731875 0.21924700000000003 0.45499999999999996 0.16067
73 0.7246874999999999 0.5966525 0.42562500000000003 0.08033500000000005
