73 0.21875 0.33125 0.39125 0.08750000000000002
73 0.14937499999999998 0.5208335 0.155 0.10833299999999996
73 0.2134375 0.43333350000000004 0.208125 0.10166700000000001
73 0.22781249999999997 0.2145835 0.21812499999999999 0.12583300000000003
73 0.264375 0.099583 0.11125000000000002 0.08250000000000002
73 0.38687499999999997 0.21166649999999998 0.07749999999999996 0.123333
73 0.47531249999999997 0.4425 0.135625 0.11666599999999999
73 0.4390625 0.0816665 0.05687500000000001 0.11166700000000002
73 0.49968749999999995 0.3316665 0.12937499999999996 0.10166700000000001
73 0.56875 0.215417 0.23625000000000002 0.1275
73 0.7965625000000001 0.336667 0.27937500000000004 0.11499999999999999
73 0.7353125 0.0620835 0.08937499999999998 0.124167
73 0.7940625 0.4675 0.12187499999999996 0.14666600000000002
73 0.7690625 0.599167 0.055625000000000036 0.1100000000000001
73 0.8200000000000001 0.7533335 0.07999999999999996 0.14333299999999993
73 0.8812500000000001 0.6320835 0.13 0.07916699999999999
73 0.9768749999999999 0.655833 0.04500000000000004 0.05499999999999994
