73 0.5003125 0.499583 0.998125 0.9975
73 0.134375 0.46749999999999997 0.07874999999999999 0.856666
73 0.20750000000000002 0.46666650000000004 0.08249999999999999 0.833333
73 0.2675 0.465833 0.07375000000000001 0.89
73 0.32375 0.4675 0.07750000000000001 0.925
73 0.39625 0.4658335 0.0675 0.921667
73 0.44718749999999996 0.47333349999999996 0.08687499999999998 0.933333
73 0.49749999999999994 0.48458350000000006 0.07124999999999998 0.900833
73 0.5643750000000001 0.5175 0.12875000000000003 0.788334
73 0.628125 0.48874999999999996 0.10499999999999998 0.850834
73 0.673125 0.5029170000000001 0.10750000000000004 0.7925000000000001
73 0.7324999999999999 0.502083 0.16125 0.8524999999999999
73 0.8981250000000001 0.52875 0.16125 0.8158340000000001
73 0.936875 0.46499999999999997 0.125 0.813334
