73 0.1096875 0.767083 0.218125 0.37750000000000006
73 0.149375 0.93875 0.29875 0.120834
73 0.4559375 0.91125 0.33687500000000004 0.17583400000000005
73 0.50375 0.5449999999999999 0.38625000000000004 0.586666
73 0.62 0.9008335000000001 0.125 0.19666700000000004
73 0.79375 0.83875 0.41125 0.32083400000000006
73 0.8453124999999999 0.16625 0.13687499999999997 0.3325
73 0.9075 0.34375 0.12124999999999997 0.13249999999999995
73 0.930625 0.71375 0.13750000000000007 0.26750000000000007
73 0.94875 0.1516665 0.10125000000000006 0.303333
