73 0.3790625 0.0983335 0.321875 0.196667
73 0.38125 0.72375 0.32 0.22083399999999997
73 0.2671875 0.3 0.08187499999999998 0.17500000000000002
73 0.30093749999999997 0.48875 0.14437499999999998 0.200834
73 0.539375 0.8545834999999999 0.60375 0.28916700000000006
73 0.4225 0.2741665 0.24 0.216667
73 0.7534375 0.49166699999999997 0.485625 0.20999999999999996
73 0.6025 0.275 0.12249999999999994 0.25
73 0.5903125 0.1233335 0.09562500000000007 0.246667
73 0.5840625 0.7120835 0.06687500000000002 0.23083300000000007
73 0.8 0.0520835 0.39875000000000005 0.104167
73 0.80625 0.147917 0.35375 0.1975
73 0.8175 0.6499999999999999 0.36375 0.16166599999999998
73 0.839375 0.3129165 0.32000000000000006 0.180833
73 0.8884375 0.9450000000000001 0.22187500000000004 0.10833400000000004
73 0.950625 0.8220835 0.09750000000000003 0.16916699999999996
