73 0.24000000000000002 0.5063635 0.17697000000000002 0.11454500000000001
73 0.321212 0.585 0.13818200000000003 0.14636400000000005
73 0.381818 0.991818 0.14303 0.014545999999999948
73 0.3951515 0.845909 0.12848500000000002 0.050000000000000044
73 0.407273 0.75 0.082424 0.034545999999999966
73 0.450303 0.5545455 0.06908999999999998 0.049090999999999996
73 0.4527275 0.7877275 0.06909100000000001 0.05545500000000003
73 0.730303 0.521818 0.53697 0.23818199999999995
73 0.606061 0.300909 0.278788 0.17636400000000002
73 0.6133335 0.5 0.17212099999999997 0.07091000000000003
73 0.7696970000000001 0.6263635 0.458182 0.19454499999999997
73 0.7951515 0.9745455 0.407273 0.049090999999999996
73 0.6763635 0.38 0.123637 0.07999999999999996
73 0.7684850000000001 0.81 0.26666599999999996 0.11090999999999995
73 0.71697 0.300909 0.1175759999999999 0.06545400000000001
73 0.767879 0.6527270000000001 0.09818199999999999 0.03818200000000005
73 0.7884850000000001 0.3940905 0.066666 0.059091000000000005
73 0.792727 0.3240905 0.04363600000000001 0.03909099999999999
73 0.9030305000000001 0.16 0.191515 0.178182
73 0.9030305000000001 0.3604545 0.191515 0.08454499999999998
73 0.888485 0.278182 0.06060600000000005 0.04181800000000002
73 0.9666665 0.233182 0.054545000000000066 0.048181999999999975
