73 0.6178125 0.8154170000000001 0.14187499999999997 0.22749999999999992
73 0.541875 0.1904165 0.915 0.380833
73 0.19374999999999998 0.8220835 0.12999999999999998 0.19416699999999998
73 0.19906250000000003 0.436667 0.13062500000000002 0.26
73 0.2215625 0.6541665 0.103125 0.14833300000000005
73 0.3578125 0.8525 0.174375 0.22333400000000003
73 0.348125 0.4383335 0.15250000000000002 0.553333
73 0.4790625 0.605 0.13312500000000005 0.256666
73 0.48 0.8500000000000001 0.08250000000000002 0.15333399999999997
73 0.60375 0.29000000000000004 0.20625000000000004 0.531666
73 0.7975 0.6158330000000001 0.28374999999999995 0.525
