73 0.112857 0.768022 0.19142800000000001 0.07948200000000005
73 0.1285715 0.797597 0.222857 0.053603999999999985
73 0.11000000000000001 0.4574865 0.077142 0.03881699999999999
73 0.2014285 0.634011 0.16857100000000003 0.06654399999999994
73 0.22571449999999998 0.564695 0.137143 0.03511999999999993
73 0.252857 0.701479 0.13428600000000002 0.07948199999999994
73 0.2514285 0.4685765 0.114285 0.03881699999999999
73 0.26571449999999996 0.40573000000000004 0.068571 0.027725999999999973
73 0.2971425 0.5314235 0.10285700000000003 0.053605000000000014
73 0.32 0.6275415 0.131428 0.057301000000000046
73 0.324286 0.573013 0.13428600000000002 0.06654399999999994
73 0.31 0.37800350000000005 0.07714200000000004 0.027727
73 0.35 0.7523105 0.157142 0.0628470000000001
73 0.5114285 0.3456565 0.474285 0.22920499999999996
73 0.3214285 0.18391849999999998 0.05428500000000003 0.024028999999999995
73 0.3585715 0.7116450000000001 0.128571 0.07023999999999997
73 0.377143 0.507394 0.12 0.042513999999999996
73 0.382857 0.374307 0.09142799999999995 0.02772600000000003
73 0.36428550000000004 0.18484299999999998 0.03714299999999998 0.014787999999999996
73 0.37714250000000005 0.431608 0.057143 0.035119999999999985
73 0.41571400000000003 0.6062845 0.13428599999999996 0.055452999999999975
73 0.41000000000000003 0.2439925 0.08285800000000004 0.03696900000000003
73 0.4285715 0.197782 0.057143 0.018484
73 0.48142850000000004 0.6940850000000001 0.16285700000000003 0.07208800000000004
73 0.505714 0.761553 0.20571399999999995 0.07763399999999998
73 0.5857140000000001 0.5194084999999999 0.36 0.12199700000000002
73 0.48 0.5471345000000001 0.14285799999999993 0.04805899999999996
73 0.424286 0.42791100000000004 0.025714000000000015 0.027725999999999973
73 0.4457145 0.1561925 0.051429 0.012939000000000006
73 0.49 0.6016635 0.13428600000000007 0.060999000000000025
73 0.5114285000000001 0.7125695 0.11428500000000003 0.046211
73 0.5485715 0.10166349999999999 0.188571 0.04066499999999999
73 0.5657145 0.961183 0.21714300000000003 0.07393800000000006
73 0.48857150000000005 0.132163 0.051429 0.016635999999999998
73 0.494286 0.17744900000000002 0.03428600000000004 0.014787999999999996
73 0.53 0.19963 0.09428599999999998 0.025878000000000012
73 0.5542855 0.6284655 0.142857 0.07393699999999992
73 0.5585715 0.2227355 0.128571 0.04990699999999998
73 0.5885715 0.732902 0.16571500000000006 0.097966
73 0.5614285 0.138632 0.07142899999999996 0.018484
73 0.5914285 0.16635850000000002 0.08571499999999999 0.036969
73 0.6657145 0.8419595 0.21142899999999998 0.131239
73 0.5914285 0.0619225 0.05142899999999995 0.03142299999999999
73 0.5842855 0.2347505 0.03142899999999993 0.029575000000000018
73 0.6214284999999999 0.6284655 0.07714300000000007 0.055452999999999975
73 0.6485715 0.7199629999999999 0.10857099999999997 0.04620999999999997
73 0.6242855 0.1303145 0.04857100000000003 0.02033299999999999
73 0.642857 0.19685750000000002 0.07428600000000007 0.024028999999999995
73 0.6414285 0.242144 0.04857100000000003 0.014788000000000023
73 0.81 0.516636 0.374286 0.963032
73 0.694286 0.6090575 0.08571399999999996 0.049907000000000035
73 0.6799999999999999 0.2569315 0.039999999999999925 0.02218099999999998
73 0.7042855 0.680222 0.08857099999999996 0.04066600000000009
73 0.7157145 0.6451015 0.111429 0.048059000000000074
73 0.73 0.6996305 0.11714199999999997 0.027726999999999946
73 0.7371430000000001 0.7670980000000001 0.108572 0.08133000000000001
