73 0.32625 0.1875 0.3225 0.10166599999999998
73 0.3359375 0.365 0.339375 0.10833399999999999
73 0.328125 0.7283335 0.04500000000000004 0.098333
73 0.4346875 0.5383335 0.14187499999999997 0.10833300000000001
73 0.6775 0.8512500000000001 0.51875 0.29583400000000004
73 0.59375 0.7779165 0.25249999999999995 0.11083299999999996
73 0.5115625 0.1925 0.04812500000000003 0.08499999999999999
73 0.5684374999999999 0.55 0.06312499999999999 0.09333399999999992
73 0.5625 0.187083 0.0462499999999999 0.0675
73 0.5715625 0.3683335 0.04937499999999995 0.10166700000000001
73 0.61875 0.5516665000000001 0.050000000000000044 0.05833300000000008
73 0.6421874999999999 0.18375 0.09187500000000004 0.07416600000000001
73 0.619375 0.37625 0.03875000000000006 0.07583400000000001
73 0.6653125 0.5654165 0.04312499999999997 0.07583300000000004
73 0.6725 0.35875 0.04875000000000007 0.11083399999999999
73 0.768125 0.733333 0.22499999999999998 0.11499999999999999
73 0.7125 0.5570835 0.043749999999999956 0.07916699999999999
73 0.714375 0.18625 0.04749999999999999 0.065834
73 0.7181249999999999 0.37083299999999997 0.04749999999999999 0.11000000000000004
73 0.7628125 0.370417 0.04437500000000005 0.08250000000000002
73 0.770625 0.56375 0.04875000000000007 0.09250000000000003
73 0.793125 0.1745835 0.06125000000000003 0.089167
73 0.81125 0.37875000000000003 0.04249999999999998 0.07749999999999996
73 0.81375 0.5625 0.04249999999999998 0.11166600000000004
73 0.8534375000000001 0.177917 0.05437499999999995 0.08249999999999999
73 0.863125 0.5654170000000001 0.04249999999999998 0.0824999999999999
73 0.869375 0.375 0.05499999999999994 0.08833400000000002
