73 0.37 0.558 0.134 0.22000000000000003
73 0.0195 0.674667 0.039 0.24
73 0.021 0.3746665 0.042 0.258667
73 0.191 0.546 0.25 0.436
73 0.17149999999999999 0.217333 0.135 0.23199999999999998
73 0.254 0.0206665 0.14800000000000002 0.041333
73 0.4095 0.2893335 0.14899999999999997 0.266667
73 0.4125 0.04 0.10900000000000004 0.08
73 0.546 0.30933299999999997 0.10199999999999998 0.184
73 0.577 0.506 0.12 0.268
73 0.628 0.0446665 0.09600000000000009 0.089333
73 0.6385000000000001 0.2853335 0.07900000000000007 0.170667
73 0.696 0.46866700000000006 0.10399999999999998 0.23600000000000004
73 0.7849999999999999 0.43600000000000005 0.08599999999999997 0.21600000000000003
