73 0.0171875 0.489167 0.034375 0.10999999999999993
73 0.020625 0.356667 0.04125 0.09999999999999998
73 0.059062500000000004 0.8954165000000001 0.080625 0.13416700000000004
73 0.0859375 0.36 0.056875 0.09333400000000003
73 0.090625 0.2341665 0.06625 0.11666699999999999
73 0.084375 0.475 0.042499999999999996 0.11000000000000004
73 0.16125 0.662083 0.08250000000000002 0.07750000000000001
73 0.163125 0.5241665 0.08625 0.10166699999999995
73 0.15468749999999998 0.7729165 0.06687499999999999 0.12416699999999992
73 0.17343750000000002 0.9058335 0.084375 0.11333300000000002
73 0.18562499999999998 0.36666699999999997 0.07499999999999998 0.10000000000000003
73 0.1803125 0.257917 0.05937499999999998 0.08250000000000002
73 0.226875 0.51 0.03875000000000001 0.10666599999999998
73 0.23906249999999998 0.6516665 0.05562499999999998 0.098333
73 0.245 0.7849999999999999 0.04374999999999998 0.10999999999999999
73 0.2534375 0.91125 0.06062500000000001 0.124166
73 0.844375 0.3325 0.18375000000000008 0.10333399999999998
73 0.845 0.566667 0.1825 0.10999999999999999
73 0.8478125000000001 0.452917 0.17937499999999995 0.09250000000000003
73 0.8496875 0.6799999999999999 0.18312499999999998 0.11333399999999993
73 0.8478125000000001 0.8195835 0.17437500000000006 0.13083299999999998
73 0.9678125 0.33125 0.06312499999999999 0.08750000000000002
73 0.9703125 0.828333 0.05812499999999998 0.135
73 0.9728125000000001 0.6791665 0.05312499999999998 0.11166699999999996
73 0.9734375 0.5633334999999999 0.051875000000000004 0.10666699999999996
73 0.9746874999999999 0.4458335 0.04937500000000006 0.10666700000000001
