73 0.006875 0.4491665 0.01375 0.05166699999999996
73 0.0121875 0.51 0.024375 0.05499999999999999
73 0.07906250000000001 0.4370835 0.125625 0.06916699999999998
73 0.042499999999999996 0.51 0.04125 0.04833399999999993
73 0.08625 0.509583 0.03624999999999999 0.027500000000000024
73 0.12937500000000002 0.504583 0.04000000000000001 0.03750000000000003
73 0.1740625 0.424583 0.044375 0.0675
73 0.185 0.490833 0.03999999999999998 0.04500000000000004
73 0.18937500000000002 0.5295835 0.046249999999999986 0.03916699999999995
73 0.24125000000000002 0.416667 0.07250000000000004 0.05499999999999999
73 0.23249999999999998 0.525833 0.04000000000000001 0.040000000000000036
73 0.254375 0.48375 0.03625000000000003 0.03749999999999992
73 0.266875 0.5249999999999999 0.03624999999999998 0.03833399999999998
73 0.28031249999999996 0.48125 0.023125000000000007 0.03249999999999997
73 0.31625000000000003 0.41583349999999997 0.07249999999999995 0.05666699999999997
73 0.301875 0.516667 0.03375 0.03499999999999992
73 0.3053125 0.47875 0.03437499999999999 0.03416600000000003
73 0.3328125 0.5166665 0.030625000000000013 0.038333000000000006
73 0.3296875 0.4758335 0.01687500000000003 0.036667000000000005
73 0.35375 0.473333 0.03875000000000001 0.04500000000000004
73 0.36624999999999996 0.515 0.03375 0.04833399999999993
73 0.4971875 0.4041665 0.08812500000000001 0.058333000000000024
73 0.473125 0.4770835 0.027500000000000024 0.030833
73 0.4759375 0.5029165 0.019374999999999976 0.030833000000000055
73 0.4965625 0.46375 0.029374999999999984 0.03583400000000003
73 0.49906249999999996 0.5016665 0.021875000000000033 0.03333300000000006
73 0.51125 0.46875 0.012499999999999956 0.019166000000000016
73 0.5253125000000001 0.5020830000000001 0.02312499999999995 0.02250000000000002
73 0.53125 0.4645835 0.02750000000000008 0.030833
73 0.5543750000000001 0.50375 0.03500000000000003 0.02250000000000002
73 0.553125 0.4645835 0.030000000000000027 0.02083299999999999
73 0.6056250000000001 0.4008335 0.06999999999999995 0.05833299999999997
73 0.5875 0.5025 0.028750000000000053 0.01666599999999996
73 0.6121875 0.4645835 0.023125000000000062 0.030833
73 0.621875 0.498333 0.03749999999999998 0.030000000000000027
73 0.6384375 0.46125 0.026874999999999982 0.03749999999999998
73 0.6496875 0.467917 0.015625 0.017500000000000016
73 0.6487499999999999 0.5 0.008749999999999925 0.030000000000000027
73 0.6637500000000001 0.4991665 0.026249999999999996 0.031667
73 0.671875 0.467083 0.03750000000000009 0.02250000000000002
73 0.6940625 0.498333 0.026874999999999982 0.040000000000000036
73 0.7290625 0.40166650000000004 0.08687499999999992 0.05666699999999997
73 0.72375 0.50125 0.030000000000000027 0.027500000000000024
73 0.736875 0.46458350000000004 0.032500000000000084 0.034167
73 0.765625 0.4966665 0.03125 0.03333300000000006
73 0.7675 0.462083 0.03249999999999997 0.03250000000000003
73 0.8146875 0.404583 0.023125000000000062 0.0625
73 0.8440624999999999 0.5341670000000001 0.05062500000000003 0.10500000000000004
73 0.8346875 0.4241665 0.021874999999999978 0.06333299999999997
73 0.856875 0.44125000000000003 0.025000000000000022 0.07749999999999996
