73 0.1224205 0.905 0.244841 0.18874999999999997
73 0.38743 0.754375 0.2795500000000001 0.14375000000000004
73 0.38180099999999995 0.2453125 0.26453999999999994 0.170625
73 0.38180099999999995 0.5975 0.26453999999999994 0.16749999999999998
73 0.503752 0.8990625 0.5028140000000001 0.20062500000000005
73 0.3846155 0.41374999999999995 0.253283 0.17624999999999996
73 0.6027205 0.590625 0.1772990000000001 0.16749999999999998
73 0.627111 0.416875 0.22045000000000003 0.17250000000000004
73 0.650094 0.24625000000000002 0.236398 0.1625
73 0.8616325 0.8915625 0.27485899999999996 0.21562500000000007
73 0.8874295 0.42562500000000003 0.22326500000000005 0.14875
73 0.889775 0.2521875 0.21857400000000005 0.16437499999999997
73 0.8972795 0.5775 0.18667900000000004 0.125
73 0.9291745 0.7525 0.10225099999999998 0.08875
