73 0.15812500000000002 0.9574469999999999 0.30125 0.08317199999999991
73 0.15937500000000002 0.4366535 0.29875 0.14796900000000002
73 0.16125 0.80029 0.2925 0.13442999999999994
73 0.16187500000000002 0.6102515 0.29375 0.14313300000000007
73 0.44999999999999996 0.6252415 0.25999999999999995 0.11702100000000004
73 0.450625 0.4555125 0.25625 0.135397
73 0.44687499999999997 0.796422 0.24624999999999997 0.12282399999999993
73 0.45718749999999997 0.947292 0.253125 0.09961399999999998
73 0.700625 0.47630549999999994 0.22250000000000003 0.13249499999999997
73 0.700625 0.6320115 0.21250000000000002 0.11508700000000005
73 0.7059375 0.7886845 0.22312500000000002 0.11508699999999994
73 0.7 0.9414895 0.20125000000000004 0.11121899999999996
73 0.9196875 0.6170215 0.15937500000000004 0.15667300000000006
73 0.92125 0.465184 0.15625 0.14700199999999997
73 0.921875 0.788685 0.15500000000000003 0.12282400000000004
73 0.9212499999999999 0.9424565 0.15125 0.11315299999999995
