73 0.4996875 0.95591 0.999375 0.08630400000000005
73 0.8659375 0.1571295 0.266875 0.100375
73 0.8049999999999999 0.388837 0.14249999999999996 0.113508
73 0.8684375 0.5445595 0.26187499999999997 0.09849900000000006
73 0.8171875 0.776266 0.14312500000000006 0.10787999999999998
73 0.8834375000000001 0.3944655 0.06312499999999999 0.09662299999999996
73 0.9203125 0.3869605 0.024375000000000036 0.10225099999999998
73 0.9396875 0.3954035 0.01187500000000008 0.11538500000000002
73 0.9640625 0.38883650000000003 0.02937500000000004 0.117261
73 0.9840625000000001 0.388837 0.028125000000000067 0.113508
