73 0.059375 0.47420249999999997 0.11875 0.11538500000000002
73 0.076875 0.3316135 0.15375 0.10412699999999997
73 0.0753125 0.605066 0.140625 0.12758000000000003
73 0.099375 0.7415575 0.1525 0.14540299999999995
73 0.1259375 0.8522514999999999 0.18312499999999998 0.18667899999999993
73 0.0603125 0.336304 0.024374999999999994 0.09287000000000001
73 0.235625 0.349906 0.14875 0.06754199999999999
73 0.26375 0.4549715 0.11750000000000002 0.07692300000000002
73 0.2684375 0.5408065 0.12187499999999998 0.10225100000000004
73 0.270625 0.6383675 0.11375000000000002 0.12101300000000004
73 0.270625 0.7359285 0.10124999999999998 0.12288900000000003
73 0.3590625 0.36163199999999995 0.06812499999999999 0.047841999999999996
73 0.36343749999999997 0.4394935 0.07437500000000002 0.05722299999999997
73 0.3675 0.597561 0.07374999999999998 0.08067599999999997
73 0.3703125 0.5126645 0.07687500000000003 0.07223299999999994
73 0.37 0.6712005000000001 0.06374999999999997 0.10225099999999998
73 0.41812499999999997 0.368199 0.044999999999999984 0.04596599999999995
73 0.428125 0.4338645 0.04999999999999999 0.05347099999999999
73 0.4246875 0.6261725 0.03687499999999999 0.053471000000000046
73 0.4234375 0.502345 0.03187500000000004 0.047841999999999996
73 0.4271875 0.563321 0.03937500000000005 0.04784200000000005
73 0.47 0.3752345 0.048750000000000016 0.052532999999999996
73 0.47375 0.43574100000000004 0.036250000000000004 0.04596600000000001
73 0.474375 0.4835835 0.03749999999999998 0.042212999999999945
73 0.47625 0.5375235 0.04125000000000001 0.05440900000000004
73 0.47750000000000004 0.588649 0.04375000000000001 0.06285200000000002
73 0.5053125 0.424484 0.021874999999999978 0.02720399999999995
73 0.5059374999999999 0.47420249999999997 0.02312499999999995 0.034709000000000045
73 0.5071875 0.3719515 0.02062499999999995 0.030957000000000012
73 0.5121875 0.5145405000000001 0.030624999999999958 0.030957000000000012
73 0.5128125 0.564259 0.024375000000000036 0.030955999999999984
73 0.9659375 0.5520635 0.06687500000000002 0.098499
73 0.9671875000000001 0.435741 0.06187500000000001 0.09287000000000001
73 0.9678125 0.6707315 0.06312499999999999 0.08067499999999994
73 0.9696875 0.317542 0.05937500000000007 0.08724199999999999
