73 0.392969 0.196875 0.37656200000000006 0.11874999999999997
73 0.4789065 0.792969 0.5078130000000001 0.15468800000000005
73 0.4742185 0.5648439999999999 0.49218699999999993 0.104688
73 0.4843755 0.70625 0.49687500000000007 0.13750000000000007
73 0.446094 0.6539065 0.41718800000000006 0.09218699999999991
73 0.4398435 0.238281 0.38906300000000005 0.09531200000000001
73 0.47265599999999997 0.5273435 0.439062 0.057813
73 0.44843750000000004 0.37421899999999997 0.38125100000000006 0.08593800000000001
73 0.457031 0.30625 0.385938 0.09687600000000002
73 0.4835935 0.44687499999999997 0.41093699999999994 0.13124999999999998
