73 0.868333 0.89 0.255 0.15999999999999992
73 0.0929165 0.5921875000000001 0.185833 0.13687499999999997
73 0.1133335 0.7440625000000001 0.226667 0.14687499999999998
73 0.1270835 0.8859375 0.254167 0.11937500000000001
73 0.1783335 0.2715625 0.356667 0.12812500000000002
73 0.1895835 0.4284375 0.379167 0.13687500000000002
73 0.5308335 0.6221875 0.26833300000000004 0.22187500000000004
73 0.8316669999999999 0.27625 0.3350000000000001 0.12624999999999997
73 0.835 0.433125 0.328334 0.14000000000000007
73 0.8908335000000001 0.745 0.21666700000000005 0.14874999999999994
73 0.9225 0.5915625 0.15333400000000008 0.13812500000000005
