73 0.0671875 0.5240805 0.024375 0.17950900000000003
73 0.09343749999999999 0.7587565000000001 0.06437499999999999 0.17075300000000004
73 0.141875 0.2561295 0.09000000000000001 0.170753
73 0.1496875 0.5170755 0.094375 0.16549900000000006
73 0.2815625 0.2622595 0.071875 0.15148900000000004
73 0.36031250000000004 0.466287 0.06562499999999999 0.04115599999999997
73 0.3765625 0.265324 0.07687499999999997 0.14886199999999997
73 0.48593749999999997 0.5118214999999999 0.06312499999999999 0.13922899999999994
73 0.5159375 0.9395795 0.07937500000000003 0.119089
73 0.5146875 0.2732045 0.06937499999999996 0.15061300000000002
73 0.5903125 0.594571 0.06937499999999996 0.14710999999999996
73 0.583125 0.4448335 0.050000000000000044 0.134851
73 0.6096874999999999 0.267075 0.07937500000000008 0.15236399999999997
73 0.6140625 0.7526269999999999 0.06062500000000004 0.11821399999999993
73 0.6475 0.44833599999999996 0.05999999999999994 0.13134799999999996
73 0.650625 0.6024514999999999 0.06125000000000003 0.12434299999999998
73 0.698125 0.738179 0.09250000000000003 0.1331
73 0.7153125 0.5901925 0.07562500000000005 0.13485100000000005
73 0.7203125 0.444396 0.07562500000000005 0.12346799999999997
73 0.7615625 0.291156 0.08812500000000001 0.12872200000000003
73 0.8115625 0.732487 0.11937500000000001 0.12171599999999994
73 0.8340624999999999 0.5783715 0.073125 0.13922899999999994
73 0.8853125 0.5766195000000001 0.06937500000000008 0.12521900000000008
73 0.9659375 0.49430799999999997 0.06687500000000002 0.10770600000000002
73 0.9684375000000001 0.6930825 0.06187500000000001 0.10070100000000004
