73 0.3803125 0.36541650000000003 0.021874999999999978 0.07583299999999998
73 0.40875 0.532083 0.07625000000000004 0.03249999999999997
73 0.4353125 0.475 0.06687500000000002 0.06666600000000006
73 0.440625 0.30000000000000004 0.0625 0.05499999999999999
73 0.5153125000000001 0.3441665 0.051875000000000004 0.06333299999999997
73 0.575 0.2870835 0.04625000000000001 0.07416699999999998
73 0.651875 0.23458299999999999 0.06625000000000003 0.11750000000000002
73 0.676875 0.3570835 0.05125000000000002 0.099167
73 0.80625 0.05125 0.14500000000000002 0.1025
73 0.791875 0.38625 0.1087499999999999 0.130834
73 0.888125 0.165833 0.10999999999999999 0.16499999999999998
73 0.8915625 0.58 0.02312499999999995 0.10499999999999998
73 0.9178124999999999 0.578333 0.03187499999999999 0.125
73 0.9328125 0.5845834999999999 0.018125000000000058 0.13416700000000004
