73 0.029375 0.478893 0.05875 0.03658600000000001
73 0.0371875 0.5051595 0.074375 0.04971900000000001
73 0.0453125 0.250938 0.090625 0.045966000000000035
73 0.05625 0.709193 0.1125 0.15009400000000006
73 0.08375 0.37007500000000004 0.0525 0.20356400000000002
73 0.11375 0.6580675 0.06125 0.11350899999999997
73 0.16062500000000002 0.5933395 0.047500000000000014 0.057223000000000024
73 0.5425 0.6885555 0.65 0.621013
73 0.7975 0.0042215 0.06499999999999995 0.008443
73 0.8390625 0.17682900000000001 0.11812499999999992 0.10975599999999999
73 0.848125 0.0590995 0.11499999999999999 0.080675
73 0.9709375 0.3644465 0.05687500000000001 0.11913699999999999
73 0.9750000000000001 0.50985 0.04874999999999996 0.10975600000000002
73 0.979375 0.6318015 0.040000000000000036 0.11913700000000005
