73 0.0128125 0.524743 0.025625 0.694678
73 0.03625 0.4341735 0.0475 0.868347
73 0.0721875 0.5401495 0.019375000000000003 0.633987
73 0.0953125 0.46638650000000004 0.044375 0.800187
73 0.1259375 0.4925305 0.026874999999999996 0.729225
73 0.1534375 0.5014005 0.023125000000000007 0.685341
73 0.1796875 0.496732 0.029374999999999984 0.694678
73 0.19968750000000002 0.385621 0.05937499999999998 0.6255839999999999
73 0.265625 0.38608800000000004 0.0625 0.650794
73 0.3128125 0.379552 0.026874999999999982 0.7068159999999999
73 0.3590625 0.4150325 0.06312499999999999 0.673203
73 0.4009375 0.5009335 0.030625000000000013 0.505135
73 0.4496875 0.4439775 0.07187499999999997 0.639589
73 0.6878125 0.898226 0.48437500000000006 0.20167999999999997
73 0.5 0.4178335 0.040000000000000036 0.633987
73 0.5249999999999999 0.39122349999999995 0.036250000000000004 0.672269
73 0.565625 0.4449115 0.036250000000000004 0.525677
73 0.5956250000000001 0.414099 0.05874999999999997 0.576098
73 0.6653125 0.3464055 0.16562500000000002 0.539683
73 0.6353125 0.40943 0.028125000000000067 0.56676
73 0.6725 0.4505135 0.03875000000000006 0.342671
73 0.6934374999999999 0.43230599999999997 0.073125 0.364146
73 0.67875 0.217087 0.036250000000000004 0.04388399999999998
73 0.7634375 0.1573295 0.018124999999999947 0.11297900000000001
73 0.7665625 0.4243695 0.024375000000000036 0.424837
73 0.7871874999999999 0.41503300000000004 0.024374999999999925 0.464052
