73 0.0284375 0.6241665 0.056875 0.3183329999999999
73 0.0865625 0.315 0.134375 0.10999999999999999
73 0.064375 0.193333 0.0875 0.04999999999999999
73 0.065 0.2575 0.08625 0.04999999999999996
73 0.0890625 0.425 0.126875 0.10999999999999999
73 0.09593750000000001 0.54125 0.125625 0.09583399999999997
73 0.160625 0.17875 0.08625 0.059165999999999996
73 0.161875 0.2529165 0.07375000000000001 0.014167000000000013
73 0.2140625 0.3275 0.103125 0.158334
73 0.21468749999999998 0.489583 0.10437499999999997 0.1225
73 0.4709375 0.9233335 0.596875 0.151667
73 0.494375 0.3154165 0.03624999999999995 0.13083299999999998
73 0.844375 0.37875000000000003 0.31000000000000005 0.2425
73 0.8690625000000001 0.624583 0.260625 0.28750000000000003
73 0.799375 0.8645835 0.1137499999999999 0.229167
73 0.9315625000000001 0.8358335 0.135625 0.11666700000000008
