73 0.438125 0.045966 0.20999999999999996 0.091932
73 0.44062500000000004 0.150563 0.20750000000000007 0.113508
73 0.5046875 0.2673545 0.06187500000000001 0.07504699999999997
73 0.594375 0.2912755 0.11250000000000004 0.12288899999999997
73 0.5634375 0.173546 0.030625000000000013 0.08630399999999999
73 0.6737500000000001 0.072702 0.24125000000000008 0.111632
73 0.6371875 0.181989 0.083125 0.09193199999999999
73 0.7153125 0.198405 0.08062499999999995 0.09099400000000002
73 0.7403125 0.32598499999999997 0.05687500000000001 0.13414600000000004
73 0.81125 0.3513135 0.10624999999999996 0.126641
73 0.8287500000000001 0.2345215 0.10999999999999999 0.14446500000000004
73 0.8975 0.11397750000000001 0.20375 0.117261
73 0.901875 0.0487805 0.19500000000000006 0.097561
73 0.9446875 0.38789850000000003 0.109375 0.12288899999999997
73 0.94625 0.25891200000000003 0.10625000000000007 0.135084
