73 0.4970835 0.3890625 0.11416699999999996 0.049375
73 0.48583350000000003 0.3325 0.08666700000000005 0.04625000000000001
73 0.48458350000000006 0.441875 0.07916700000000004 0.04249999999999998
73 0.5266664999999999 0.4896875 0.06333299999999997 0.03937500000000005
73 0.5325 0.55125 0.03833399999999998 0.050000000000000044
73 0.6079165 0.3375 0.06583300000000003 0.04624999999999996
73 0.6079165 0.4403125 0.06583300000000003 0.03937499999999999
73 0.6225 0.39156250000000004 0.09500000000000008 0.044375
73 0.6283335 0.4778125 0.098333 0.03187500000000004
73 0.6191665 0.541875 0.05666699999999991 0.02750000000000008
73 0.7225 0.436875 0.07333400000000001 0.04249999999999998
73 0.724583 0.471875 0.07750000000000001 0.02749999999999997
73 0.7316665 0.38968749999999996 0.08666700000000005 0.03437499999999999
73 0.7262500000000001 0.3453125 0.06583400000000006 0.04062499999999997
73 0.8033334999999999 0.35375 0.06166700000000003 0.02749999999999997
73 0.8116669999999999 0.3875 0.05500000000000005 0.03249999999999997
73 0.820417 0.43062500000000004 0.07250000000000001 0.03750000000000003
73 0.8216665 0.4684375 0.06666700000000003 0.024375000000000036
