73 0.0540625 0.3983335 0.108125 0.35333299999999995
73 0.14 0.8283335000000001 0.28 0.34166700000000005
73 0.21468749999999998 0.3554165 0.18187499999999998 0.270833
73 0.3128125 0.81375 0.17937500000000003 0.370834
73 0.3509375 0.37541650000000004 0.14437499999999998 0.095833
73 0.4609375 0.8595835000000001 0.36187499999999995 0.27916700000000005
73 0.360625 0.41583349999999997 0.12999999999999995 0.05333300000000002
73 0.36 0.4475 0.11125000000000002 0.03833399999999998
73 0.3721875 0.2841665 0.125625 0.16166699999999998
73 0.443125 0.712917 0.15625 0.3025
73 0.4859375 0.28500000000000003 0.08937500000000004 0.14666600000000002
73 0.515625 0.5270835 0.10749999999999998 0.06916700000000003
73 0.55375 0.614583 0.08250000000000002 0.21750000000000003
73 0.6378125 0.8733335 0.18312499999999998 0.251667
73 0.6590625000000001 0.6725 0.166875 0.22166599999999992
73 0.61375 0.5679164999999999 0.06874999999999998 0.17583300000000002
73 0.6571875 0.51625 0.06437499999999996 0.124166
73 0.9065624999999999 0.52875 0.06187500000000001 0.22416599999999998
73 0.9078125 0.43374999999999997 0.05437500000000006 0.195834
73 0.9096875 0.35625 0.055625000000000036 0.120834
73 0.9625 0.292917 0.07374999999999998 0.027500000000000024
73 0.9665625 0.32375 0.06562500000000004 0.04416599999999998
