73 0.22531250000000003 0.859756 0.13562500000000002 0.21669799999999995
73 0.4096875 0.020638 0.5018750000000001 0.041276
73 0.469375 0.170263 0.6212500000000001 0.21482199999999996
73 0.3509375 0.878987 0.015625 0.16698000000000002
73 0.3584375 0.8742965 0.020625000000000004 0.18011299999999997
73 0.6268750000000001 0.40290800000000004 0.3037500000000001 0.177298
73 0.6634375 0.611632 0.19187500000000002 0.17823599999999995
73 0.7012499999999999 0.850375 0.17499999999999993 0.25609799999999994
73 0.9 0.1444655 0.19874999999999998 0.22889299999999999
73 0.8653125 0.8696060000000001 0.11937500000000001 0.23264600000000002
73 0.903125 0.6041274999999999 0.1925 0.202627
73 0.906875 0.37429650000000003 0.18500000000000005 0.20450300000000005
73 0.9293750000000001 0.8611635 0.04749999999999999 0.24953100000000006
73 0.95375 0.870544 0.040000000000000036 0.234522
73 0.981875 0.8724205 0.03500000000000003 0.22326499999999994
