73 0.025625 0.6954165 0.05125 0.07916699999999999
73 0.0284375 0.607917 0.056875 0.08250000000000002
73 0.0290625 0.5233335 0.058125 0.05833299999999997
73 0.029687500000000002 0.43625 0.056875 0.064166
73 0.081875 0.69625 0.03 0.06416600000000006
73 0.0959375 0.61125 0.050625 0.0625
73 0.1309375 0.5316665 0.11187500000000002 0.05833300000000008
73 0.1334375 0.452083 0.11187499999999999 0.07750000000000001
73 0.2446875 0.5416665 0.08687500000000001 0.05666699999999991
73 0.2484375 0.475 0.08937500000000004 0.05499999999999994
73 0.2490625 0.6125 0.09062500000000001 0.05166599999999999
73 0.27718750000000003 0.48 0.009374999999999967 0.04499999999999993
73 0.33687500000000004 0.7466665 0.07 0.053333000000000075
73 0.3375 0.6825 0.06624999999999998 0.050000000000000044
73 0.341875 0.6120835 0.07250000000000001 0.060832999999999915
73 0.341875 0.8300000000000001 0.07250000000000001 0.08999999999999997
73 0.33968750000000003 0.4941665 0.06437500000000002 0.04166700000000001
73 0.3421875 0.5541665 0.06937500000000002 0.05166699999999991
73 0.6740625 0.59375 0.06687500000000002 0.06583399999999995
73 0.6765625 0.667917 0.06937500000000008 0.08250000000000002
73 0.69875 0.5104165 0.10875000000000001 0.06416699999999997
73 0.7503124999999999 0.64375 0.018125000000000058 0.03416600000000003
73 0.8362499999999999 0.579167 0.14374999999999993 0.08499999999999996
73 0.8090625 0.5008334999999999 0.08187500000000003 0.06166700000000003
73 0.8440625 0.669583 0.140625 0.08250000000000002
73 0.89375 0.47583299999999995 0.07500000000000007 0.07
73 0.9640625 0.56625 0.07062500000000005 0.09250000000000003
