73 0.19125 0.235 0.020000000000000018 0.027777999999999997
73 0.19187500000000002 0.3183335 0.02125000000000002 0.07888899999999999
73 0.1946875 0.4088885 0.02687500000000001 0.088889
73 0.1984375 0.511111 0.024375000000000008 0.07777800000000007
73 0.2271875 0.327778 0.030624999999999986 0.08000000000000002
73 0.2296875 0.4255555 0.028124999999999983 0.08444500000000005
73 0.2296875 0.5438890000000001 0.028124999999999983 0.11666600000000005
73 0.2259375 0.23277799999999998 0.015625 0.04555600000000001
73 0.26625 0.21444449999999998 0.035 0.07777699999999999
73 0.27 0.34333349999999996 0.03750000000000003 0.10666700000000001
73 0.27375 0.46277749999999995 0.04500000000000004 0.11888899999999997
73 0.27437500000000004 0.6133335 0.03875000000000001 0.10888900000000001
73 0.33781249999999996 0.706667 0.075625 0.177778
73 0.3346875 0.505 0.06187499999999996 0.15222200000000002
73 0.33562499999999995 0.375 0.04999999999999999 0.138888
73 0.3375 0.208889 0.048750000000000016 0.12
73 0.4403125 0.8261115 0.12187499999999996 0.22111100000000006
73 0.4396875 0.39777799999999996 0.11562499999999998 0.175556
73 0.4425 0.5877775000000001 0.10999999999999999 0.17333300000000007
73 0.448125 0.19166650000000002 0.09375 0.14555500000000002
