73 0.0625 0.2493675 0.125 0.093671
73 0.185811 0.049367 0.371622 0.098734
73 0.251689 0.48481 0.32094599999999995 0.8430380000000001
73 0.4983105 0.5721514999999999 0.20608099999999996 0.663291
73 0.695946 0.036709 0.601352 0.073418
73 0.658784 0.6518984999999999 0.14189200000000002 0.45316499999999993
73 0.6655405 0.2101265 0.114865 0.11139299999999996
73 0.768581 0.7392405 0.07770200000000005 0.28860699999999995
73 0.8631759999999999 0.5025315 0.266892 0.15949299999999994
73 0.802365 0.213924 0.125 0.09873399999999999
