73 0.091 0.29835100000000003 0.182 0.152924
73 0.1235 0.547976 0.203 0.18740600000000002
73 0.163 0.801349 0.20400000000000001 0.28035999999999994
73 0.476 0.1956525 0.22799999999999998 0.226387
73 0.5125 0.5997005 0.239 0.305847
73 0.5695 0.9070465 0.21900000000000003 0.182909
73 0.643 0.1529235 0.274 0.254873
73 0.6890000000000001 0.626687 0.2819999999999999 0.34782599999999997
73 0.7505 0.928036 0.21099999999999997 0.14093
73 0.8594999999999999 0.117691 0.279 0.235382
73 0.885 0.6686654999999999 0.22799999999999998 0.41379299999999997
73 0.9279999999999999 0.9752624999999999 0.11599999999999999 0.04647699999999999
