73 0.8416665000000001 0.7790625 0.24833300000000003 0.22187500000000004
73 0.0833335 0.8356250000000001 0.166667 0.24250000000000005
73 0.14125 0.5325 0.2825 0.3125
73 0.17875 0.1959375 0.3575 0.30562500000000004
73 0.19583299999999998 0.975625 0.36 0.04749999999999999
73 0.22125 0.81125 0.23750000000000004 0.21375
73 0.3866665 0.54125 0.19833300000000004 0.2
73 0.5470835000000001 0.210625 0.31916700000000003 0.23875000000000002
73 0.534583 0.7821875 0.2525 0.18937499999999996
73 0.605 0.525625 0.198334 0.25125
73 0.7541665 0.9578125 0.24666699999999997 0.083125
73 0.8841665000000001 0.5115625 0.228333 0.24937499999999996
73 0.889167 0.1875 0.21999999999999997 0.2925
