73 0.024438 0.052514 0.048876 0.042648000000000005
73 0.0254155 0.09961800000000001 0.050831 0.033736
73 0.030792 0.14895 0.061584 0.044557999999999987
73 0.034702 0.2030555 0.069404 0.04583100000000001
73 0.040078 0.252705 0.080156 0.03564599999999998
73 0.0478985 0.39688049999999997 0.095797 0.041374999999999995
73 0.0493645 0.4465305 0.098729 0.04392099999999999
73 0.0562075 0.506365 0.11045899999999999 0.07574800000000004
73 0.06696 0.5671550000000001 0.104594 0.035645999999999955
73 0.0879765 0.6890514999999999 0.09970700000000002 0.05155900000000002
73 0.08895399999999999 0.7387015 0.091886 0.04137499999999994
73 0.0957965 0.7848505 0.074291 0.05092300000000005
73 0.111437 0.8239974999999999 0.08993199999999998 0.027370999999999923
73 0.1168135 0.955124 0.09481900000000001 0.04264800000000002
73 0.119257 0.9197965 0.08406599999999999 0.03437299999999999
73 0.1236555 0.9888604999999999 0.08699899999999999 0.02100500000000005
73 0.1769305 0.0490135 0.18377299999999996 0.04583100000000001
73 0.179863 0.098027 0.18963799999999997 0.040737999999999996
73 0.1891495 0.15085949999999998 0.18084099999999997 0.044556999999999986
73 0.19403700000000002 0.20114549999999998 0.18084 0.039465
73 0.1930595 0.2517505 0.17302099999999998 0.047741000000000006
73 0.21114349999999998 0.402928 0.16813299999999998 0.04964999999999997
73 0.211144 0.4516235 0.162268 0.04392099999999999
73 0.21652 0.5133675 0.16715599999999997 0.07192900000000002
73 0.22434 0.5668365 0.15738000000000002 0.03246300000000002
73 0.239003 0.6849145 0.14955999999999997 0.05346899999999999
73 0.2390025 0.7326545 0.14369500000000002 0.03946500000000008
73 0.242913 0.780395 0.13587400000000002 0.04965000000000008
73 0.247801 0.8227245 0.14173999999999998 0.027371000000000034
73 0.257087 0.920751 0.14467200000000002 0.03246400000000005
73 0.2585535 0.9557605 0.13587499999999997 0.03373700000000002
73 0.25953099999999996 0.985996 0.13391999999999998 0.026734000000000036
73 0.391007 0.056652 0.19745800000000002 0.044558
73 0.39491699999999996 0.200191 0.193548 0.037556000000000006
73 0.39491699999999996 0.1037555 0.177908 0.039465
73 0.39784949999999997 0.1508595 0.18377300000000002 0.048377
73 0.40127100000000004 0.24729449999999997 0.18670599999999998 0.05283299999999999
73 0.4042035 0.40738399999999997 0.17106500000000002 0.05474200000000001
73 0.40420350000000005 0.460853 0.165201 0.04964999999999997
73 0.406647 0.5706555 0.17008799999999996 0.03246300000000002
73 0.405181 0.520051 0.15738000000000002 0.061107999999999996
73 0.41349 0.7148315000000001 0.16226800000000002 0.04455700000000007
73 0.4105575 0.6744114999999999 0.152493 0.03246300000000002
73 0.4105575 0.7943985 0.152493 0.029281
73 0.4159335 0.7539785 0.157381 0.037555000000000005
73 0.4120235 0.8217695 0.14369500000000002 0.029281
73 0.5855325 0.7336095 0.16031299999999993 0.04137500000000005
73 0.5855325 0.780713 0.16031299999999993 0.046467999999999954
73 0.5918865 0.5681095 0.16715499999999994 0.037555000000000005
73 0.593353 0.461808 0.17008800000000002 0.051559999999999995
73 0.605083 0.1559515 0.19354799999999994 0.050922999999999996
73 0.5840665 0.822406 0.147605 0.03055399999999997
73 0.5879765 0.6858690000000001 0.15542499999999992 0.05155999999999994
73 0.5943305000000001 0.5210060000000001 0.16813299999999998 0.056652000000000036
73 0.6114364999999999 0.098982 0.19648100000000002 0.04264799999999999
73 0.605083 0.252387 0.17790800000000007 0.04264799999999999
73 0.605083 0.4124765 0.17790800000000007 0.050922999999999996
73 0.6080155 0.2046465 0.18377300000000008 0.03628300000000001
73 0.5826 0.053468999999999996 0.12903200000000004 0.044558
73 0.6793745 0.052832500000000004 0.041055000000000064 0.03946500000000001
73 0.7399804999999999 0.9519409999999999 0.138807 0.09484400000000004
73 0.7478005000000001 0.8122214999999999 0.138807 0.048377
73 0.7561095 0.7609805000000001 0.14956100000000006 0.05155900000000002
73 0.757087 0.716423 0.15151599999999998 0.037556000000000034
73 0.769306 0.5617445 0.160312 0.046467000000000036
73 0.7639294999999999 0.677276 0.14369500000000002 0.038192000000000004
73 0.7033235 0.0525145 0.012707000000000024 0.036282999999999996
73 0.7536655 0.5089115 0.10752699999999993 0.06301699999999999
73 0.7883675 0.450032 0.157381 0.044557999999999987
73 0.79521 0.3987905 0.15933600000000003 0.057925000000000004
73 0.813783 0.20401000000000002 0.18670600000000004 0.037556000000000006
73 0.8147605 0.2517505 0.17888499999999996 0.047741000000000006
73 0.8191595 0.15531499999999998 0.17595300000000003 0.04965
73 0.8264905 0.10661999999999999 0.18084100000000003 0.04773999999999999
73 0.8318669999999999 0.0525145 0.185728 0.052833000000000005
73 0.8333335 0.504774 0.047899000000000025 0.06492599999999998
73 0.864614 0.9519409999999999 0.08895399999999998 0.09484400000000004
73 0.891007 0.8096755 0.08895399999999998 0.056014999999999926
73 0.899316 0.7600255 0.08406599999999997 0.049649000000000054
73 0.911046 0.683323 0.09188600000000002 0.04264800000000002
73 0.911046 0.721515 0.09188600000000002 0.027371999999999952
73 0.9213100000000001 0.565245 0.08113399999999993 0.04583000000000004
73 0.9437925 0.5063655 0.11045899999999997 0.057925000000000004
73 0.9462364999999999 0.45162349999999996 0.10557099999999997 0.041374999999999995
73 0.953079 0.401973 0.09188599999999991 0.051559999999999995
73 0.964809 0.256843 0.06842599999999999 0.03373599999999999
73 0.9672529999999999 0.21419500000000002 0.06353799999999998 0.037556000000000006
73 0.968719 0.161999 0.06060599999999994 0.05665200000000001
73 0.9765395 0.098982 0.04496499999999992 0.04264799999999999
73 0.9789829999999999 0.0407385 0.04007799999999995 0.056015
