73 0.3421875 0.8486324999999999 0.109375 0.09179700000000002
73 0.364844 0.70459 0.114062 0.08300800000000008
73 0.5609375000000001 0.678711 0.11718700000000004 0.06054599999999999
73 0.561719 0.7441409999999999 0.11093799999999998 0.058593999999999924
73 0.5746095 0.969238 0.09296900000000008 0.05957000000000001
73 0.5828125 0.891113 0.109375 0.06933599999999995
73 0.5804685 0.8237304999999999 0.09531300000000009 0.05175699999999994
73 0.6675785000000001 0.8090820000000001 0.03671900000000006 0.022460000000000035
73 0.66875 0.8471679999999999 0.03749999999999998 0.040039999999999965
73 0.673828 0.8833005 0.03046799999999994 0.022460999999999953
73 0.6773435 0.9248045 0.034375000000000044 0.05664100000000005
73 0.679297 0.9760745 0.03359400000000001 0.030272999999999994
