73 0.1234375 0.139906 0.174375 0.215962
73 0.1525 0.7446010000000001 0.10749999999999998 0.21783999999999992
73 0.161875 0.4976525 0.08625 0.15774699999999997
73 0.2759375 0.120188 0.17562500000000003 0.219718
73 0.2578125 0.751174 0.11937500000000001 0.22723000000000004
73 0.26187499999999997 0.498122 0.10125 0.13990599999999997
73 0.3021875 0.94554 0.12812500000000002 0.10704199999999997
73 0.3515625 0.5061035 0.08812500000000001 0.15586899999999992
73 0.37906249999999997 0.758216 0.10562500000000002 0.201878
73 0.41500000000000004 0.961033 0.09749999999999998 0.07605600000000001
73 0.44937499999999997 0.11831 0.16375 0.212206
73 0.44437499999999996 0.5032865 0.09500000000000003 0.14647899999999997
73 0.49906249999999996 0.7492955 0.13187499999999996 0.20845099999999994
73 0.5328124999999999 0.9568075 0.10562499999999997 0.084507
73 0.5621875000000001 0.49436650000000004 0.11812499999999992 0.16807500000000003
73 0.60625 0.12206550000000001 0.15000000000000002 0.212207
73 0.60625 0.7553989999999999 0.09875 0.20375599999999994
73 0.6915625 0.94554 0.181875 0.10704199999999997
73 0.670625 0.5136149999999999 0.10624999999999996 0.125822
73 0.7221875 0.7492955 0.125625 0.20845099999999994
73 0.7462500000000001 0.134742 0.15249999999999997 0.19812200000000002
73 0.76 0.5079815 0.10875000000000001 0.14835700000000002
73 0.8609375 0.9338029999999999 0.18437499999999996 0.13051599999999997
73 0.858125 0.748357 0.16874999999999996 0.178404
73 0.8909374999999999 0.1441315 0.198125 0.160563
73 0.850625 0.5023475 0.11249999999999993 0.14835699999999996
73 0.9371875000000001 0.5004695 0.11687499999999995 0.14084499999999994
73 0.9621875 0.7455400000000001 0.07437499999999997 0.17276999999999998
73 0.9678125 0.9338029999999999 0.06312499999999999 0.13051599999999997
73 0.9762500000000001 0.1295775 0.04625000000000001 0.180281
73 0.9859375 0.48591549999999994 0.026874999999999982 0.10422499999999996
