73 0.0996875 0.658216 0.199375 0.056338
73 0.10125 0.7234745 0.2025 0.06666700000000003
73 0.1253125 0.8840375 0.250625 0.230047
73 0.13874999999999998 0.504225 0.275 0.056338000000000055
73 0.0965625 0.5830985 0.188125 0.07887299999999997
73 0.23249999999999998 0.7657275 0.09874999999999998 0.17183100000000007
73 0.233125 0.861972 0.09749999999999998 0.16337999999999997
73 0.23625000000000002 0.694366 0.10124999999999998 0.102348
73 0.239375 0.6042255 0.09750000000000003 0.094835
73 0.3178125 0.9694834999999999 0.12812500000000004 0.05915499999999996
73 0.4075 0.7859155 0.15625 0.14272299999999993
73 0.4046875 0.9164319999999999 0.145625 0.16525800000000002
73 0.4059375 0.649296 0.145625 0.13051600000000008
73 0.4009375 0.5018775 0.125625 0.11361499999999997
