73 0.34125 0.141667 0.17000000000000004 0.11000000000000001
73 0.34750000000000003 0.026111 0.15750000000000003 0.052222
73 0.349375 0.308889 0.14625 0.12444400000000003
73 0.37375 0.4772225 0.09749999999999998 0.13888900000000004
73 0.39031249999999995 0.7544445 0.023125000000000007 0.17333300000000007
73 0.4134375 0.7805555 0.023125000000000007 0.19888899999999998
73 0.5528125 0.0855555 0.22437500000000005 0.171111
73 0.48343749999999996 0.282778 0.07812499999999994 0.15
73 0.8246875 0.235 0.28437500000000004 0.21888799999999997
73 0.8196874999999999 0.45999999999999996 0.271875 0.17777799999999994
73 0.826875 0.067222 0.28625 0.134444
73 0.7240625 0.826111 0.078125 0.16555599999999993
73 0.828125 0.6538885 0.2775000000000001 0.15888900000000006
73 0.9403125 0.8500000000000001 0.059374999999999956 0.182222
