73 0.189062 0.3007815 0.13749999999999998 0.15156299999999998
73 0.216406 0.632031 0.160938 0.042188
73 0.2453125 0.7593755 0.19374900000000003 0.15312499999999996
73 0.24687549999999997 0.4999995 0.196875 0.12812499999999993
73 0.255469 0.9289065000000001 0.214062 0.13906300000000005
73 0.5484375 0.4203125 0.771875 0.840625
73 0.8179685 0.875 0.15468700000000002 0.050000000000000044
73 0.839063 0.303125 0.1937500000000001 0.16875
73 0.841406 0.723438 0.19531199999999993 0.16874999999999996
73 0.8125 0.957813 0.103124 0.08125000000000004
73 0.914844 0.9695315 0.03281200000000006 0.057813
