73 0.43875 0.3147945 0.04250000000000004 0.066741
73 0.44 0.2541715 0.04500000000000004 0.085651
73 0.44 0.4994435 0.04249999999999998 0.08008899999999997
73 0.443125 0.441046 0.04625000000000001 0.07675200000000004
73 0.444375 0.38209150000000003 0.04625000000000001 0.067853
73 0.446875 0.5778639999999999 0.05124999999999996 0.11457200000000001
73 0.48531250000000004 0.4822025 0.018125000000000002 0.15016699999999994
73 0.5096875000000001 0.404338 0.030625000000000013 0.23247999999999996
73 0.6603125 0.46941049999999995 0.06812499999999999 0.09343699999999994
73 0.6675 0.387653 0.06125000000000003 0.05228000000000005
73 0.6799999999999999 0.33314750000000004 0.03874999999999995 0.04783100000000001
73 0.8565625 0.809789 0.285625 0.37819800000000003
73 0.8678125 0.096218 0.22312500000000002 0.192436
73 0.8796875 0.3286985 0.23687500000000006 0.150167
73 0.884375 0.17853200000000002 0.22999999999999998 0.250278
73 0.889375 0.6902115 0.21999999999999997 0.33481700000000003
73 0.895 0.5422695 0.20875 0.23470500000000005
