73 0.04 0.07375000000000001 0.08 0.07875
73 0.0479165 0.5771875 0.095833 0.08062500000000006
73 0.10625 0.4534375 0.2125 0.08187500000000003
73 0.1141665 0.2003125 0.228333 0.071875
73 0.1195835 0.696875 0.239167 0.08374999999999999
73 0.062917 0.3259375 0.0425 0.073125
73 0.195 0.0703125 0.21666600000000003 0.071875
73 0.1391665 0.31375 0.08166699999999999 0.09749999999999998
73 0.1504165 0.3421875 0.09583300000000002 0.06812499999999999
73 0.1766665 0.5728125 0.11166700000000002 0.07187500000000002
73 0.2633335 0.199375 0.061667 0.08000000000000002
73 0.4616665 0.0646875 0.16666700000000007 0.076875
73 0.4708335 0.3209375 0.14833300000000005 0.07687500000000003
73 0.500417 0.44906250000000003 0.09749999999999998 0.07687499999999997
73 0.515 0.1928125 0.04166599999999998 0.080625
73 0.6129165000000001 0.0796875 0.145833 0.03937500000000001
73 0.61625 0.19 0.15249999999999997 0.07874999999999999
73 0.645 0.4446875 0.191666 0.075625
73 0.63 0.32 0.125 0.08499999999999996
73 0.6470834999999999 0.5403125 0.09083300000000005 0.04812499999999997
73 0.8441665 0.04625 0.30333299999999996 0.0925
73 0.7575 0.31843750000000004 0.125 0.08187499999999998
73 0.7791669999999999 0.1790625 0.1050000000000001 0.09437500000000001
73 0.880833 0.54625 0.07999999999999996 0.03249999999999997
73 0.892083 0.1790625 0.10249999999999992 0.08062499999999997
73 0.904583 0.426875 0.12250000000000005 0.10750000000000004
73 0.9091670000000001 0.3165625 0.09999999999999998 0.078125
