73 0.1040625 0.200417 0.09312500000000001 0.13249999999999998
73 0.164375 0.1758335 0.027499999999999997 0.096667
73 0.2715625 0.0058335 0.130625 0.011667
73 0.283125 0.1558335 0.13249999999999998 0.063333
73 0.27749999999999997 0.0845835 0.11874999999999997 0.075833
73 0.28125 0.218333 0.11624999999999999 0.044999999999999984
73 0.4071875 0.0104165 0.130625 0.020833
73 0.411875 0.06375 0.11875000000000002 0.0925
73 0.4125 0.16375 0.1175 0.08249999999999999
73 0.374375 0.157917 0.034999999999999976 0.0625
