73 0.6625000000000001 0.5281425 0.14125 0.277673
73 0.2521875 0.528143 0.150625 0.131332
73 0.2715625 0.628987 0.030625000000000013 0.05910000000000004
73 0.2878125 0.5783305000000001 0.023125000000000007 0.10037499999999999
73 0.3290625 0.6369605 0.09437499999999999 0.09380899999999992
73 0.315625 0.5811445 0.03749999999999998 0.13227099999999992
73 0.3728125 0.5272045000000001 0.06937499999999996 0.05628500000000003
73 0.39437500000000003 0.7288935000000001 0.10000000000000003 0.14071299999999998
73 0.3853125 0.4530955 0.07937499999999997 0.146341
73 0.4046875 0.6580675 0.07937500000000003 0.20544099999999998
73 0.42 0.5605065 0.08750000000000002 0.04596699999999998
73 0.411875 0.349906 0.05499999999999999 0.08255199999999996
73 0.4359375 0.46857400000000005 0.083125 0.177298
73 0.48343749999999996 0.8095685 0.12937499999999996 0.14821700000000004
73 0.48812500000000003 0.707317 0.09500000000000003 0.23077000000000003
73 0.4675 0.34052499999999997 0.048750000000000016 0.10881800000000003
73 0.5125000000000001 0.491557 0.09500000000000003 0.20075000000000004
73 0.561875 0.3527205 0.10375000000000001 0.157599
73 0.621875 0.9057225 0.21875 0.18667900000000004
73 0.6121875 0.781895 0.13812500000000005 0.31988799999999995
73 0.655 0.30863 0.05249999999999999 0.15009399999999998
73 0.7171875 0.319418 0.11812500000000004 0.19793599999999997
73 0.8525 0.7617259999999999 0.29375000000000007 0.23264600000000002
73 0.749375 0.4591935 0.07125000000000004 0.11913699999999994
73 0.83375 0.8588180000000001 0.2025 0.28048799999999996
73 0.8671875 0.5628515000000001 0.2593749999999999 0.38086300000000006
73 0.8353125 0.23968099999999998 0.12312499999999993 0.03846199999999997
73 0.8628125 0.314728 0.13937500000000003 0.169794
73 0.98125 0.239681 0.036250000000000004 0.10788000000000003
