73 0.161875 0.8754165 0.32375 0.12583299999999997
73 0.18125 0.737917 0.23374999999999996 0.1775
73 0.24156249999999999 0.4125 0.060624999999999984 0.10166599999999998
73 0.2934375 0.482917 0.163125 0.24749999999999994
73 0.339375 0.125 0.20125 0.15666600000000003
73 0.3453125 0.0325 0.210625 0.065
73 0.33999999999999997 0.275417 0.195 0.1175
73 0.2903125 0.4183335 0.05437500000000001 0.11333299999999996
73 0.2934375 0.5320830000000001 0.060624999999999984 0.11750000000000005
73 0.336875 0.42874999999999996 0.04125000000000001 0.10749999999999998
73 0.5384375 0.3133335 0.17562499999999998 0.12333300000000003
73 0.5453125 0.1808335 0.161875 0.13833299999999998
73 0.6084375 0.527083 0.055625000000000036 0.08249999999999996
73 0.7281249999999999 0.4091665 0.11124999999999996 0.098333
73 0.766875 0.1058335 0.18874999999999997 0.111667
73 0.7675 0.227083 0.1875 0.1175
73 0.9134375 0.6691665 0.171875 0.156667
