73 0.5027245 0.5505415 0.790191 0.772563
73 0.026567 0.1597475 0.053134 0.193141
73 0.038147 0.15703999999999999 0.021797999999999998 0.19855599999999998
73 0.06812 0.1669675 0.040872 0.178701
73 0.09673 0.166065 0.049046000000000006 0.180506
73 0.1294275 0.15342999999999998 0.05177100000000001 0.20216599999999998
73 0.1498635 0.1516245 0.043597 0.205777
73 0.1716625 0.152527 0.024523000000000017 0.247292
73 0.1941415 0.154332 0.031335 0.211192
73 0.21594000000000002 0.1435015 0.031336 0.21119100000000002
73 0.24455 0.1416965 0.020435999999999982 0.189531
73 0.2711175 0.13537949999999999 0.043597 0.231047
73 0.30040900000000004 0.141697 0.034060000000000035 0.229242
73 0.325613 0.1299635 0.029972 0.234657
73 0.3773845 0.145307 0.09809299999999999 0.211192
73 0.496594 0.137184 0.012261999999999995 0.21660600000000002
73 0.5108995 0.142599 0.010898999999999992 0.198556
73 0.5258855 0.1453065 0.016348999999999947 0.193141
73 0.5388284999999999 0.1281585 0.012260999999999966 0.238267
73 0.5531335 0.125451 0.010899000000000103 0.225632
73 0.5735695000000001 0.1209385 0.008174999999999932 0.241877
73 0.5885555 0.1398915 0.016348999999999947 0.21119100000000002
73 0.6103545 0.1435015 0.010898999999999992 0.196751
73 0.634196 0.1227435 0.028610000000000024 0.223827
73 0.657357 0.138989 0.025885999999999965 0.22021600000000002
73 0.6798365 0.1209385 0.03269700000000009 0.241877
73 0.7023159999999999 0.129061 0.014986000000000055 0.232852
73 0.7316075 0.135379 0.03542299999999998 0.22743600000000003
73 0.753406 0.127256 0.02452399999999999 0.240072
73 0.7813355 0.1380865 0.031335 0.203971
73 0.7963215 0.131769 0.025884999999999936 0.24548799999999998
73 0.8235695 0.120036 0.02043499999999998 0.240072
73 0.8474109999999999 0.121841 0.02724800000000005 0.243682
73 0.8685285 0.1209385 0.014986999999999973 0.241877
73 0.8923705 0.1227435 0.008174999999999932 0.245487
73 0.9114439999999999 0.129964 0.01362399999999997 0.24909799999999999
73 0.9264304999999999 0.1173285 0.013623000000000052 0.234657
73 0.9393735 0.1209385 0.017711000000000032 0.216607
73 0.9570845 0.1173285 0.023160999999999987 0.231047
73 0.9782015 0.147112 0.016349000000000058 0.16787000000000002
73 0.992507 0.135379 0.012261999999999995 0.15523399999999998
