73 0.0583335 0.048125 0.116667 0.09625
73 0.1504165 0.1240625 0.300833 0.248125
73 0.1654165 0.8671875 0.330833 0.264375
73 0.1720835 0.555625 0.344167 0.13
73 0.1825 0.401875 0.365 0.15375
73 0.1833335 0.7324999999999999 0.366667 0.21375
73 0.1825 0.2634375 0.36 0.188125
73 0.1733335 0.8203125 0.336667 0.34187499999999993
73 0.31875 0.5700000000000001 0.08583400000000002 0.12750000000000006
73 0.775833 0.4996875 0.17500000000000004 0.999375
73 0.93125 0.9450000000000001 0.135834 0.10875000000000001
73 0.9404170000000001 0.7334375 0.11750000000000005 0.24562499999999998
73 0.942917 0.401875 0.11250000000000004 0.20875
73 0.9450000000000001 0.0934375 0.10833400000000004 0.186875
