73 0.0171875 0.30874999999999997 0.034375 0.069166
73 0.0178125 0.2158335 0.035625 0.10666699999999998
73 0.16499999999999998 0.21999999999999997 0.11875 0.088334
73 0.1790625 0.3216665 0.134375 0.088333
73 0.16 0.51625 0.08125 0.08083400000000002
73 0.174375 0.38375 0.1025 0.015834000000000015
73 0.1609375 0.45166700000000004 0.06687499999999999 0.034999999999999976
73 0.24874999999999997 0.40375 0.03624999999999998 0.07583399999999996
73 0.28031249999999996 0.22958299999999998 0.026875000000000038 0.07249999999999998
73 0.445 0.352083 0.07250000000000001 0.07250000000000001
73 0.9703125 0.3283335 0.05812499999999998 0.10833300000000001
