73 0.15187499999999998 0.2719545 0.1 0.075543
73 0.42374999999999996 0.2521245 0.04375000000000001 0.030216999999999994
73 0.5184375 0.2648725 0.06437500000000002 0.05193499999999998
73 0.584375 0.4154865 0.10624999999999996 0.09442899999999999
73 0.5909375 0.5014164999999999 0.046875 0.07365499999999997
73 0.60625 0.4556185 0.011249999999999982 0.031160999999999994
73 0.6140625 0.4782815 0.021874999999999978 0.05004700000000001
73 0.6287499999999999 0.47356 0.01749999999999996 0.05948999999999999
73 0.7684375 0.7436259999999999 0.2693749999999999 0.282342
73 0.67875 0.384797 0.05125000000000002 0.05193599999999998
73 0.6775 0.45892350000000004 0.04625000000000001 0.08120900000000003
73 0.6781250000000001 0.5476865 0.04500000000000004 0.07554300000000003
73 0.7050000000000001 0.2908405 0.03749999999999998 0.05854499999999996
73 0.8215625 0.4339 0.16562500000000002 0.10103799999999996
73 0.7984375 0.3267235 0.03687499999999999 0.09065100000000004
73 0.816875 0.2917845 0.04875000000000007 0.04910300000000001
73 0.8512500000000001 0.3064215 0.04999999999999993 0.042493
73 0.859375 0.6713884999999999 0.06125000000000003 0.07554300000000003
73 0.8515625 0.269594 0.038124999999999964 0.034938000000000025
73 0.910625 0.338999 0.15375000000000005 0.073654
73 0.9428125 0.30406 0.07437499999999997 0.06610000000000005
73 0.9606250000000001 0.661473 0.07750000000000001 0.09914999999999996
73 0.9653125 0.432956 0.06812499999999999 0.09159600000000001
73 0.968125 0.5472144999999999 0.06125000000000003 0.114259
73 0.9896875 0.32058549999999997 0.01937500000000003 0.09537299999999999
