73 0.2228125 0.17917450000000001 0.11812499999999998 0.06754299999999999
73 0.2334375 0.4212005 0.13437499999999997 0.07504700000000003
73 0.2321875 0.340525 0.129375 0.06754199999999999
73 0.22968750000000002 0.262664 0.12187500000000001 0.058161999999999964
73 0.41812499999999997 0.2664165 0.03250000000000003 0.06941900000000001
73 0.420625 0.19559100000000001 0.034999999999999976 0.05346999999999999
73 0.4253125 0.434803 0.023125000000000007 0.040337999999999985
73 0.5021875 0.350844 0.133125 0.06941799999999998
73 0.5028125 0.26923050000000004 0.12437499999999996 0.07879900000000001
73 0.4584375 0.5089115 0.03312499999999996 0.03470899999999999
73 0.5021875 0.2002815 0.12062499999999998 0.05534699999999998
73 0.5034375 0.4212005 0.12062499999999998 0.06003700000000001
73 0.49624999999999997 0.653846 0.07249999999999995 0.07129399999999997
73 0.5309375 0.4962475 0.06562499999999999 0.05628500000000003
73 0.5884375 0.9155725 0.13937499999999992 0.166979
73 0.6168750000000001 0.425891 0.10875000000000001 0.06191399999999997
73 0.6259375 0.2110695 0.12687499999999996 0.06941900000000001
73 0.595625 0.48968100000000003 0.06374999999999997 0.050656000000000034
73 0.625 0.3424015 0.12250000000000005 0.07504700000000003
73 0.6309374999999999 0.26829250000000004 0.114375 0.07692300000000002
