73 0.1446875 0.5980300000000001 0.174375 0.25609800000000005
73 0.1428125 0.25797349999999997 0.165625 0.317073
73 0.1609375 0.8925890000000001 0.141875 0.21294599999999997
73 0.50625 0.2837715 0.5075000000000001 0.338649
73 0.5221875 0.6205445 0.536875 0.35741100000000003
73 0.6265625 0.0187615 0.745625 0.037523
73 0.534375 0.878987 0.5325 0.24014999999999997
73 0.65375 0.5919325 0.039999999999999925 0.255159
73 0.874375 0.24530949999999999 0.25 0.287993
73 0.974375 0.564728 0.050000000000000044 0.208256
