73 0.13187500000000002 0.41583349999999997 0.04500000000000001 0.05666699999999997
73 0.1325 0.4941665 0.04625000000000001 0.06166700000000003
73 0.5240625 0.7516665 0.821875 0.266667
73 0.2290625 0.4975 0.135625 0.04500000000000004
73 0.2290625 0.4225 0.130625 0.043333999999999984
73 0.2321875 0.3370835 0.134375 0.07583299999999998
73 0.358125 0.34791649999999996 0.125 0.06916700000000003
73 0.36531250000000004 0.4175 0.13937499999999997 0.07
73 0.3625 0.4933335 0.11375000000000002 0.06666699999999998
73 0.6940625 0.4891665 0.135625 0.05166700000000002
73 0.688125 0.344167 0.11375000000000002 0.06499999999999995
73 0.691875 0.4175 0.12124999999999997 0.05333399999999999
