73 0.1184375 0.7428785 0.18312499999999998 0.334333
73 0.20218750000000002 0.16679149999999998 0.16187500000000002 0.288605
73 0.25093750000000004 0.43215899999999996 0.20437500000000003 0.23913
73 0.2859375 0.7443775 0.163125 0.334333
73 0.3453125 0.173538 0.14437499999999998 0.267616
73 0.44781249999999995 0.43628199999999995 0.17187499999999994 0.295352
73 0.45625 0.7425035 0.18374999999999997 0.3380810000000001
73 0.48906249999999996 0.163418 0.15187499999999993 0.268366
73 0.6031249999999999 0.439655 0.17000000000000004 0.2991
73 0.6643749999999999 0.772114 0.22749999999999992 0.376312
73 0.6359375 0.1731635 0.150625 0.272863
73 0.7525 0.444153 0.16875000000000007 0.29310400000000003
73 0.776875 0.173538 0.17125 0.267616
73 0.8612500000000001 0.7814840000000001 0.23749999999999993 0.38455800000000007
