73 0.4209375 0.027582 0.03687499999999999 0.055164
73 0.454375 0.034317 0.02999999999999997 0.054522
73 0.48343749999999996 0.027582 0.021875000000000033 0.055164
73 0.5 0.1523415 0.024999999999999967 0.04425899999999999
73 0.499375 0.0933295 0.020000000000000018 0.035279000000000005
73 0.506875 0.035279 0.021249999999999936 0.046184
73 0.5203125 0.091405 0.021874999999999978 0.039127999999999996
73 0.5209375 0.1411165 0.02312499999999995 0.039769
73 0.524375 0.1956385 0.02375000000000005 0.046183
73 0.5234375 0.0368825 0.018124999999999947 0.039127
73 0.5709375 0.0676715 0.05687500000000001 0.039126999999999995
73 0.5709375 0.1969215 0.05687500000000001 0.03078900000000001
73 0.571875 0.1520205 0.05125000000000002 0.03078900000000001
73 0.5734375 0.1144965 0.05437499999999995 0.033997
73 0.5743750000000001 0.0266195 0.05625000000000002 0.032713
73 0.6434375 0.1122515 0.08812500000000001 0.035920999999999995
73 0.645 0.07023750000000001 0.08875 0.037845000000000004
73 0.645 0.1966005 0.08875 0.03784499999999999
73 0.646875 0.153945 0.08499999999999996 0.034638
73 0.6499999999999999 0.0234125 0.08875 0.039127
73 0.7259375 0.072162 0.06687500000000002 0.033996000000000005
73 0.7375 0.027582 0.08625000000000005 0.041052
73 0.8834375 0.512187 0.23187500000000005 0.9730599999999999
