73 0.0334375 0.43791650000000004 0.066875 0.07083299999999998
73 0.045625 0.5645830000000001 0.09125 0.0824999999999999
73 0.08031250000000001 0.31708349999999996 0.10937500000000001 0.07583299999999998
73 0.073125 0.192917 0.031249999999999993 0.0625
73 0.0840625 0.6799999999999999 0.050625 0.09333399999999992
73 0.08625 0.8154165 0.04625 0.08083299999999993
73 0.125 0.4425 0.11375 0.068334
73 0.1959375 0.31166649999999996 0.11937499999999998 0.07166699999999998
73 0.19125 0.1804165 0.03999999999999998 0.07916699999999999
73 0.2559375 0.177917 0.09437499999999999 0.07749999999999999
73 0.2465625 0.43625 0.05437500000000001 0.07083400000000001
73 0.3 0.6904165 0.14375000000000002 0.06916699999999998
73 0.264375 0.7966664999999999 0.06250000000000003 0.05666699999999991
73 0.264375 0.5570835000000001 0.05375000000000002 0.08083300000000004
73 0.376875 0.3004165 0.16249999999999998 0.08083299999999999
73 0.34781249999999997 0.5620835 0.08437500000000003 0.08416699999999999
73 0.3621875 0.43374999999999997 0.021874999999999978 0.07583400000000001
73 0.45999999999999996 0.16541699999999998 0.16624999999999995 0.08249999999999999
73 0.4734375 0.9366669999999999 0.17562500000000003 0.09999999999999998
73 0.4359375 0.43125 0.09812499999999996 0.07749999999999996
73 0.46781249999999996 0.6912499999999999 0.15062499999999995 0.08083399999999996
73 0.4328125 0.5554165 0.05312499999999998 0.08083299999999993
73 0.5471874999999999 0.2825 0.16812499999999997 0.10333399999999998
73 0.531875 0.8195835 0.12624999999999997 0.089167
73 0.5075000000000001 0.5595829999999999 0.07500000000000007 0.0724999999999999
73 0.5196875000000001 0.419167 0.05062500000000003 0.09499999999999997
73 0.6284375 0.15625 0.17062500000000003 0.079166
73 0.56875 0.42375 0.04249999999999998 0.08250000000000002
73 0.57125 0.6766665000000001 0.040000000000000036 0.11333300000000002
73 0.5778125000000001 0.5645835 0.026875000000000093 0.06916699999999998
73 0.7128125 0.286667 0.17062500000000003 0.07
73 0.8096875 0.1366665 0.18062500000000004 0.101667
73 0.9025000000000001 0.2683335 0.19125000000000003 0.10333300000000001
