73 0.17589100000000002 0.4865625 0.08161399999999999 0.226875
73 0.27251400000000003 0.57375 0.11538399999999999 0.37749999999999995
73 0.2528145 0.370625 0.05159500000000003 0.03250000000000003
73 0.27720449999999996 0.34468750000000004 0.023453 0.021875000000000033
73 0.31097549999999996 0.321875 0.03846100000000002 0.027500000000000024
73 0.315666 0.4028125 0.04408999999999996 0.043125000000000024
73 0.31801100000000004 0.353125 0.043152000000000024 0.04624999999999996
73 0.3489685 0.47875 0.054408999999999985 0.04125000000000001
73 0.3513135 0.630625 0.053471000000000046 0.03750000000000009
73 0.35788 0.33375 0.04596600000000001 0.05499999999999999
73 0.35788 0.5846875 0.04033800000000004 0.06187500000000001
73 0.35788 0.6778124999999999 0.04033800000000004 0.03937500000000005
73 0.3644465 0.7334375 0.05347099999999999 0.04437499999999994
73 0.358818 0.4328125 0.038461999999999996 0.04062500000000002
73 0.356473 0.294375 0.028142 0.01749999999999996
73 0.3616325 0.3840625 0.03846100000000002 0.043125000000000024
73 0.3630395 0.534375 0.035646999999999984 0.04999999999999993
73 0.4169795 0.77625 0.07223299999999999 0.06125000000000003
73 0.424484 0.415 0.07223200000000002 0.04625000000000001
73 0.422139 0.8290625 0.061914000000000025 0.05812499999999998
73 0.4183865 0.239375 0.043150999999999995 0.05125000000000002
73 0.4183865 0.536875 0.043150999999999995 0.04125000000000001
73 0.4249535 0.2953125 0.056284999999999974 0.05312500000000003
73 0.4258915 0.5925 0.054408999999999985 0.04625000000000001
73 0.4296435 0.359375 0.061912999999999996 0.05500000000000005
73 0.4282365 0.7121875 0.05347099999999999 0.05312499999999998
73 0.4310505 0.653125 0.05909900000000001 0.04749999999999999
73 0.433865 0.469375 0.05910000000000004 0.04249999999999998
73 0.5131330000000001 0.6131249999999999 0.10506599999999999 0.06999999999999995
73 0.5145405000000001 0.1715625 0.10225099999999998 0.081875
73 0.5131335 0.7606250000000001 0.09568500000000002 0.08875
73 0.5168855 0.906875 0.09756100000000001 0.10749999999999993
73 0.5056285 0.536875 0.06941900000000001 0.05125000000000002
73 0.5131330000000001 0.4653125 0.08442800000000006 0.06812499999999999
73 0.5131330000000001 0.8290625 0.08442800000000006 0.09562499999999996
73 0.5159475 0.240625 0.09005700000000005 0.08000000000000002
73 0.5182925 0.315625 0.09474700000000003 0.06625000000000003
73 0.5131335 0.6871875000000001 0.07879900000000006 0.07562499999999994
73 0.518293 0.3840625 0.08911800000000003 0.05937500000000001
73 0.6463415 0.240625 0.15572300000000006 0.13125000000000003
73 0.652908 0.7384375 0.168856 0.11937500000000001
73 0.651501 0.33625 0.15666000000000002 0.12124999999999997
73 0.6566605 0.5325 0.16135100000000002 0.09750000000000003
73 0.665572 0.43 0.169794 0.09375
73 0.66182 0.64125 0.15666000000000002 0.11250000000000004
73 0.652908 0.9256249999999999 0.133208 0.13875000000000004
73 0.6580675 0.835 0.14352699999999996 0.13875000000000004
73 0.664634 0.145625 0.1566599999999999 0.13624999999999998
73 0.664634 0.061875 0.15103199999999994 0.12375
73 0.8527205 0.954375 0.292683 0.08999999999999997
73 0.8747655000000001 0.8265625000000001 0.24859299999999995 0.18937499999999996
73 0.8452155 0.050625 0.18011299999999997 0.10125
73 0.878518 0.110625 0.24108799999999997 0.20625
73 0.8799250000000001 0.26375 0.23827399999999999 0.14375000000000002
73 0.8799250000000001 0.675 0.23827399999999999 0.15374999999999994
73 0.880863 0.536875 0.236398 0.11624999999999996
73 0.8939965000000001 0.39437500000000003 0.21013099999999996 0.12125000000000002
73 0.95075 0.3871875 0.08724200000000004 0.116875
