73 0.0976805 0.0525 0.06333699999999999 0.1025
73 0.101695 0.20625000000000002 0.06601199999999999 0.10625000000000001
73 0.106155 0.28625 0.06065999999999999 0.10250000000000004
73 0.105263 0.1190625 0.053524 0.126875
73 0.107493 0.8 0.057983999999999994 0.09750000000000003
73 0.10883100000000001 0.499375 0.060660000000000006 0.07000000000000006
73 0.10883100000000001 0.7306250000000001 0.060660000000000006 0.06500000000000006
73 0.1101695 0.436875 0.06333699999999999 0.07874999999999999
73 0.1132915 0.5625 0.06601300000000002 0.05624999999999991
73 0.1146295 0.6325000000000001 0.068689 0.06625000000000003
73 0.11106150000000001 0.361875 0.05619900000000001 0.10250000000000004
73 0.5655665 0.04125 0.21944699999999995 0.06999999999999999
73 0.6070475 0.53 0.30240900000000004 0.2
73 0.5 0.4009375 0.07760999999999996 0.12312500000000004
73 0.720785 0.6621875 0.5102579999999999 0.05812499999999998
73 0.751115 0.306875 0.46743999999999997 0.31125
73 0.803301 0.786875 0.348796 0.29374999999999996
73 0.8206955 0.08125 0.31043699999999996 0.12625
73 0.802409 0.5384375 0.088314 0.17562499999999998
73 0.893845 0.51625 0.11418400000000006 0.22749999999999998
73 0.9678855 0.5221875 0.039251000000000036 0.20187500000000003
