73 0.5028125 0.6132770000000001 0.044375 0.10748199999999997
73 0.5290625 0.5605899999999999 0.09437500000000004 0.14120199999999994
73 0.545625 0.4099055 0.12 0.08640700000000001
73 0.596875 0.555848 0.04625000000000001 0.11485799999999996
73 0.68875 0.658061 0.13749999999999996 0.21391000000000004
73 0.7437499999999999 0.5711275 0.15249999999999997 0.162277
73 0.7146874999999999 0.421496 0.07187500000000002 0.10537400000000002
73 0.7596875000000001 0.396733 0.06937500000000008 0.064278
73 0.764375 0.714963 0.050000000000000044 0.10431999999999997
73 0.7931250000000001 0.6728135 0.04874999999999996 0.11064299999999994
