73 0.115625 0.37916700000000003 0.23125 0.22500000000000003
73 0.227344 0.115625 0.454688 0.23125
73 0.330469 0.546875 0.301562 0.24374999999999997
73 0.290625 0.7864585 0.13437400000000002 0.14791699999999997
73 0.285156 0.34062499999999996 0.11093800000000001 0.164584
73 0.4078125 0.730208 0.12187500000000001 0.19374999999999998
73 0.7289065 0.084375 0.5390630000000001 0.16875
73 0.6695315000000001 0.289583 0.41718700000000003 0.18749999999999997
73 0.51875 0.5291665 0.08124999999999993 0.12916699999999998
73 0.525 0.9 0.09062400000000004 0.19583400000000006
73 0.5531250000000001 0.703125 0.14062600000000003 0.17291600000000007
73 0.589844 0.510417 0.057811999999999975 0.125
73 0.8632815 0.41041649999999996 0.07031299999999996 0.058333000000000024
73 0.9523440000000001 0.2510415 0.09218800000000005 0.13958299999999998
73 0.955469 0.41041700000000003 0.08593800000000007 0.16250000000000003
