73 0.2165625 0.621224 0.354375 0.42527800000000004
73 0.4565625 0.61248 0.044375 0.04689999999999994
73 0.44906250000000003 0.48330700000000004 0.021875000000000033 0.042926000000000075
73 0.45718749999999997 0.5468995 0.03812500000000002 0.06359300000000001
73 0.46562499999999996 0.6744835 0.048750000000000016 0.05961899999999998
73 0.4634375 0.7348965000000001 0.03937500000000005 0.053259000000000056
73 0.5315624999999999 0.4777425 0.021874999999999978 0.04133500000000001
73 0.5359375 0.5310015 0.021874999999999978 0.03815499999999994
73 0.6196875 0.5850555 0.07062500000000005 0.04928499999999991
73 0.6440625 0.43441949999999996 0.078125 0.05484899999999998
73 0.6378125 0.4801275 0.05812499999999998 0.04292499999999999
73 0.6481250000000001 0.5254375 0.06500000000000006 0.04451500000000008
73 0.7190624999999999 0.47774249999999996 0.03937500000000005 0.038154999999999994
73 0.7278125 0.5230525 0.038124999999999964 0.04928500000000002
73 0.73375 0.436407 0.050000000000000044 0.041335999999999984
73 0.8659375 0.4213035 0.07562500000000005 0.04292499999999999
73 0.859375 0.5385535 0.014999999999999902 0.053258999999999945
73 0.8925000000000001 0.477345 0.08124999999999993 0.058028000000000024
73 0.8940625 0.6577905 0.08437499999999998 0.051669000000000076
73 0.8975 0.5997615000000001 0.08750000000000002 0.05484900000000004
73 0.88375 0.7106520000000001 0.04749999999999999 0.022258
