73 0.0353125 0.21166649999999998 0.070625 0.056666999999999995
73 0.05375 0.3041665 0.0775 0.05666700000000002
73 0.0696875 0.401667 0.06312500000000001 0.065
73 0.0990625 0.2175 0.064375 0.04833399999999999
73 0.106875 0.30874999999999997 0.0775 0.059165999999999996
73 0.1040625 0.5975 0.05437500000000001 0.05333399999999999
73 0.10343749999999999 0.498333 0.031875 0.05499999999999999
73 0.1234375 0.4 0.051875000000000004 0.058334
73 0.1284375 0.69625 0.05187500000000002 0.07250000000000001
73 0.135 0.489583 0.033750000000000016 0.0625
73 0.175 0.6833335 0.026249999999999996 0.05666700000000002
73 0.535625 0.64125 0.37999999999999995 0.34416599999999997
