73 0.0190625 0.40677949999999996 0.038125 0.07721300000000003
73 0.0646875 0.219868 0.074375 0.04613999999999999
73 0.1978125 0.3154425 0.080625 0.08286300000000002
73 0.215625 0.4882295 0.065 0.061204999999999954
73 0.224375 0.591337 0.0675 0.060264000000000095
73 0.218125 0.460452 0.04874999999999999 0.015065999999999968
73 0.22375 0.400188 0.05625000000000002 0.06403000000000003
73 0.2103125 0.227872 0.024375000000000008 0.08851199999999998
73 0.8034375 0.306968 0.06562500000000004 0.05837999999999999
73 0.91 0.3074385 0.040000000000000036 0.032957000000000014
73 0.935 0.19774 0.06375000000000008 0.07533000000000001
73 0.9478125 0.282486 0.038125000000000075 0.079096
73 0.984375 0.2749525 0.030000000000000027 0.07156300000000002
73 0.9846874999999999 0.4467985 0.02312499999999995 0.066855
73 0.9875 0.361582 0.02375000000000005 0.07533000000000001
73 0.9896875 0.18126150000000002 0.01937500000000003 0.08568699999999999
