73 0.053125 0.6228895000000001 0.10625 0.12382700000000002
73 0.054375 0.7950280000000001 0.10875 0.17542200000000008
73 0.08 0.1393055 0.16 0.09474700000000001
73 0.08125 0.445591 0.1625 0.23077000000000003
73 0.081875 0.031426 0.16375 0.062852
73 0.0825 0.262195 0.165 0.11350799999999997
73 0.060625 0.8170729999999999 0.04125 0.037524
73 0.173125 0.9732645 0.09125 0.05159500000000006
73 0.1809375 0.8452155 0.09312500000000001 0.1407130000000001
73 0.17531249999999998 0.6815195000000001 0.06687499999999999 0.14727900000000005
73 0.21687499999999998 0.19606 0.04000000000000001 0.07692400000000002
73 0.2565625 0.1862105 0.031875000000000014 0.09662300000000001
73 0.3628125 0.0365855 0.198125 0.073171
73 0.30437499999999995 0.18808599999999998 0.04375000000000001 0.10788
73 0.35125 0.184334 0.05249999999999999 0.104128
73 0.39749999999999996 0.18058200000000002 0.03750000000000003 0.10788
73 0.4403125 0.1777675 0.059374999999999956 0.11726099999999999
73 0.5984375 0.011257 0.219375 0.022514
73 0.52375 0.39915599999999996 0.06375000000000003 0.113508
73 0.5396875 0.213884 0.09312500000000007 0.15197
73 0.596875 0.9629455 0.20750000000000007 0.07223299999999999
73 0.5890625 0.430582 0.06437499999999996 0.15384599999999998
73 0.6453125 0.20544099999999998 0.08187500000000003 0.17260799999999998
73 0.6646875 0.425891 0.08187499999999992 0.15572199999999997
73 0.7946875 0.1894935 0.026874999999999982 0.14071300000000003
73 0.8934375 0.045028 0.21187500000000004 0.090056
73 0.8934375 0.564259 0.21187500000000004 0.413696
73 0.85625 0.2016885 0.09124999999999994 0.165103
73 0.8928125 0.8489685 0.13812500000000005 0.14071299999999998
73 0.9459375 0.22560950000000002 0.08562500000000006 0.13602300000000003
73 0.9940625000000001 0.23123849999999999 0.010624999999999996 0.12101299999999998
