73 0.28400000000000003 0.7968515 0.11800000000000002 0.235383
73 0.558 0.9205399999999999 0.882 0.155922
73 0.488 0.7503744999999999 0.13600000000000007 0.2503749999999999
73 0.601 0.7473765 0.08599999999999997 0.21439300000000006
73 0.8085 0.73988 0.08099999999999996 0.19040400000000002
73 0.901 0.455772 0.062000000000000055 0.17691200000000007
73 0.9199999999999999 0.688156 0.06399999999999995 0.17691199999999996
73 0.958 0.45952000000000004 0.06999999999999995 0.148426
73 0.972 0.6889055 0.05400000000000005 0.187407
73 0.9935 0.4227885 0.01100000000000001 0.080959
