73 0.02375 0.235417 0.0475 0.19749999999999998
73 0.043125 0.4541665 0.08625 0.18833299999999997
73 0.049375 0.0520835 0.09875 0.09916699999999999
73 0.0540625 0.888333 0.108125 0.19499999999999995
73 0.0578125 0.6679165 0.115625 0.19083300000000003
73 0.0853125 0.222083 0.08687500000000001 0.1325
73 0.2821875 0.25125 0.291875 0.190834
73 0.31125 0.66875 0.3475 0.18583399999999994
73 0.151875 0.45875 0.026249999999999996 0.18916599999999995
73 0.330625 0.879583 0.38125 0.1975
73 0.34218750000000003 0.0654165 0.40437500000000004 0.129167
73 0.1796875 0.45999999999999996 0.020625000000000004 0.17666599999999993
73 0.345 0.457083 0.30625 0.17249999999999993
73 0.48875 0.20124999999999998 0.11125000000000007 0.119166
73 0.7796875000000001 0.957917 0.43937499999999996 0.08250000000000002
73 0.7490625 0.0658335 0.36812500000000004 0.131667
73 0.785 0.83625 0.42874999999999996 0.1775
73 0.730625 0.63 0.30000000000000004 0.188334
73 0.7403124999999999 0.21375 0.3193750000000001 0.18583400000000003
73 0.965625 0.2345835 0.0675 0.16916699999999998
73 0.965625 0.61875 0.0675 0.17583400000000005
73 0.9696875 0.42416699999999996 0.05937500000000007 0.175
73 0.97875 0.0741665 0.04125000000000001 0.148333
