73 0.015306 0.6204425 0.030612 0.10286499999999998
73 0.015816 0.5182295 0.029592 0.078125
73 0.0158165 0.4479165 0.027551 0.05468700000000004
73 0.07551000000000001 0.30403600000000003 0.134694 0.217448
73 0.0846935 0.5436195 0.142857 0.20442699999999997
73 0.09030600000000001 0.752604 0.131632 0.1875
73 0.314796 0.908203 0.531632 0.18098999999999998
73 0.18316300000000002 0.33268200000000003 0.09489800000000001 0.15494800000000003
73 0.19336750000000003 0.5559894999999999 0.101021 0.16406299999999996
73 0.1959185 0.751302 0.087755 0.16666599999999998
73 0.280612 0.3235675 0.106122 0.17838500000000002
73 0.282143 0.7402344999999999 0.09081599999999998 0.17317700000000003
73 0.290306 0.54362 0.09489800000000004 0.18359400000000003
73 0.37704099999999996 0.3333335 0.09898000000000001 0.177083
73 0.37755099999999997 0.5410155 0.09387799999999996 0.16796899999999998
73 0.46836750000000005 0.34765650000000003 0.091837 0.14843699999999999
73 0.54898 0.6614585 0.234694 0.13802100000000006
73 0.5367345 0.531901 0.09387699999999999 0.14713600000000004
73 0.5469385 0.3483075 0.09183699999999995 0.149739
73 0.594898 0.5416665 0.034694 0.135417
73 0.616837 0.3457035 0.07040800000000003 0.14453099999999997
