73 0.01625 0.5014165 0.0325 0.13597700000000007
73 0.024375 0.9645895 0.04875 0.06893300000000002
73 0.031875 0.4140695 0.0625 0.108593
73 0.060625 0.24126550000000002 0.12 0.10292700000000002
73 0.03625 0.0864025 0.06874999999999999 0.10292699999999999
73 0.04375 0.5311615 0.056249999999999994 0.12936699999999995
73 0.068125 0.9754485 0.06375 0.04721500000000001
73 0.0765625 0.10812100000000001 0.078125 0.046270000000000006
73 0.0921875 0.42020749999999996 0.075625 0.128423
73 0.09593750000000001 0.33994349999999995 0.07312500000000001 0.05665700000000001
73 0.12 0.98678 0.05499999999999999 0.024552000000000018
73 0.31375 0.8408875 0.16875 0.08404100000000003
73 0.34750000000000003 0.7469315 0.16250000000000003 0.15486299999999997
73 0.47625 0.8489145 0.34875 0.16808299999999998
73 0.448125 0.7615675 0.15874999999999995 0.14069900000000002
73 0.46343749999999995 0.903683 0.138125 0.13219999999999998
73 0.6171875 0.8999055 0.24062500000000003 0.19830100000000006
73 0.7709375 0.8994335 0.290625 0.199245
73 0.7234375 0.065628 0.02937500000000004 0.131256
73 0.8668750000000001 0.066572 0.265 0.133144
73 0.905 0.873938 0.18874999999999997 0.21812999999999994
73 0.8553125 0.7214355 0.06687500000000002 0.15297500000000008
73 0.936875 0.6558075 0.11125000000000007 0.357885
