73 0.3559375 0.8366665 0.05812499999999998 0.208333
73 0.4625 0.8658335 0.08749999999999997 0.266667
73 0.46906250000000005 0.5816665 0.05937500000000001 0.10833300000000001
73 0.4703125 0.3729165 0.046875 0.07916699999999999
73 0.5696875 0.587083 0.05437500000000006 0.11250000000000004
73 0.5721875000000001 0.39375 0.04937500000000006 0.07750000000000001
73 0.64 0.8520829999999999 0.18500000000000005 0.2875
73 0.6634375 0.6000000000000001 0.06812499999999999 0.09666600000000003
73 0.75 0.6033335 0.06875000000000009 0.09666699999999995
73 0.83 0.610833 0.06374999999999997 0.09499999999999997
73 0.9143749999999999 0.861667 0.17000000000000004 0.275
73 0.8821875 0.771667 0.05062499999999992 0.040000000000000036
