73 0.1896875 0.08416699999999999 0.379375 0.12
73 0.196875 0.22125 0.39375 0.125834
73 0.1403125 0.6370835 0.206875 0.089167
73 0.074375 0.5129165 0.04125 0.12083299999999997
73 0.1021875 0.510417 0.021875000000000006 0.11250000000000004
73 0.1559375 0.5958335 0.080625 0.01333300000000004
73 0.2528125 0.36125 0.265625 0.124166
73 0.248125 0.5095835 0.23625000000000002 0.14416700000000005
73 0.286875 0.7895829999999999 0.22375 0.09750000000000003
73 0.281875 0.595 0.07374999999999998 0.040000000000000036
73 0.3303125 0.6183335000000001 0.12437500000000001 0.06166700000000003
73 0.4659375 0.5966665 0.23562499999999997 0.098333
73 0.7615625 0.5691665 0.20437499999999997 0.043333000000000066
73 0.8871875 0.1316665 0.13937500000000003 0.09166699999999998
73 0.901875 0.2291665 0.14874999999999994 0.093333
73 0.903125 0.3295835 0.13249999999999995 0.094167
73 0.9153125 0.4354165 0.13437500000000002 0.089167
73 0.9721875 0.1416665 0.051875000000000004 0.05666700000000001
73 0.9859375 0.2441665 0.026874999999999982 0.058332999999999996
73 0.9915625 0.3408335 0.015625 0.06166700000000003
