73 0.0530625 0.501064 0.106125 0.13404199999999994
73 0.15349 0.2898935 0.30698 0.192553
73 0.22151 0.068085 0.44302 0.13617
73 0.49465800000000004 0.937234 0.23148200000000002 0.12340400000000007
73 0.647792 0.0845745 0.373932 0.169149
73 0.5876065 0.8574465 0.15099700000000005 0.2829790000000001
73 0.6324784999999999 0.2920215 0.2250709999999999 0.19255299999999997
73 0.673077 0.511702 0.306268 0.17021200000000003
73 0.7257834999999999 0.894149 0.20797699999999997 0.167022
73 0.7297005 0.689362 0.16737899999999994 0.11063800000000001
73 0.920228 0.088298 0.15811999999999993 0.176596
73 0.9615385 0.29946799999999996 0.07549899999999998 0.18404199999999998
