73 0.15869149999999999 0.578776 0.147461 0.08723999999999998
73 0.1640625 0.155599 0.15820299999999998 0.102864
73 0.164551 0.263672 0.15918 0.08203200000000002
73 0.163086 0.363281 0.154296 0.09895799999999999
73 0.16210950000000002 0.472005 0.146485 0.09765599999999997
73 0.140625 0.686849 0.083984 0.08984399999999992
73 0.273926 0.5527345 0.03417999999999999 0.07421900000000003
73 0.32373050000000003 0.1621095 0.12988300000000003 0.08984299999999999
73 0.32470699999999997 0.45572900000000005 0.129882 0.091146
73 0.32910150000000005 0.263021 0.13281300000000001 0.08333400000000002
73 0.45605450000000003 0.2701825 0.11328100000000002 0.07421900000000001
73 0.459961 0.1790365 0.113282 0.09765700000000002
73 0.4609375 0.358073 0.11523499999999998 0.08073000000000002
73 0.446777 0.44466150000000004 0.06542999999999999 0.06901099999999999
73 0.4228515 0.5214845 0.015625 0.05078100000000002
