73 0.1153125 0.3292685 0.230625 0.294559
73 0.1746875 0.707786 0.349375 0.297374
73 0.316875 0.306285 0.18375 0.263602
73 0.5384375 0.8742965 0.278125 0.24953100000000006
73 0.47968750000000004 0.1590055 0.09062500000000001 0.254221
73 0.698125 0.085835 0.06624999999999992 0.100376
73 0.7075 0.1998125 0.04499999999999993 0.08255099999999999
73 0.7146875 0.32692299999999996 0.03562500000000002 0.11725999999999998
73 0.870625 0.045028 0.25750000000000006 0.090056
73 0.871875 0.1608815 0.255 0.137899
73 0.7621875 0.335835 0.030625000000000013 0.05816199999999999
73 0.8118749999999999 0.30909949999999997 0.04625000000000001 0.11913699999999999
