73 0.0453125 0.28125 0.090625 0.26875000000000004
73 0.0992185 0.884375 0.198437 0.22916599999999998
73 0.115625 0.622396 0.23125 0.29479200000000005
73 0.157031 0.28802099999999997 0.1375 0.276042
73 0.28437500000000004 0.27708299999999997 0.11718800000000001 0.27499999999999997
73 0.41093749999999996 0.2630205 0.128125 0.278125
73 0.6308595 0.946875 0.36171899999999996 0.10416599999999998
73 0.5671875 0.2895835 0.17187499999999994 0.333333
73 0.5671875 0.7078125 0.160937 0.35104100000000005
73 0.741797 0.734896 0.17734400000000006 0.348958
73 0.755078 0.2760415 0.19140599999999997 0.34583300000000006
73 0.9132815 0.7572920000000001 0.171875 0.38750000000000007
73 0.9355469999999999 0.2885415 0.127344 0.38333300000000003
