73 0.015 0.1375 0.03 0.146666
73 0.0228125 0.30125 0.045625 0.12916600000000003
73 0.0309375 0.49166699999999997 0.061875 0.15499999999999997
73 0.0309375 0.64625 0.061875 0.134166
73 0.888125 0.45791650000000006 0.19125000000000003 0.11083300000000001
73 0.8340624999999999 0.609583 0.06062500000000004 0.08750000000000002
73 0.900625 0.3441665 0.18500000000000005 0.10333300000000001
73 0.9134375 0.1770835 0.171875 0.13083299999999998
73 0.919375 0.0566665 0.16000000000000003 0.113333
73 0.909375 0.6 0.11625000000000008 0.13833399999999996
