73 0.110625 0.070495 0.21875 0.14099
73 0.1125 0.43697450000000004 0.205 0.15499500000000005
73 0.11812500000000001 0.2436975 0.20625 0.166199
73 0.031875 0.6129785 0.0175 0.05135299999999998
73 0.053125 0.6526609999999999 0.0475 0.07656399999999997
73 0.12406249999999999 0.879552 0.161875 0.15873000000000004
73 0.0965625 0.6535945 0.06562499999999999 0.085901
73 0.143125 0.6582635 0.061249999999999985 0.0802989999999999
73 0.19187500000000002 0.6484595 0.056249999999999994 0.12231500000000006
73 0.37593750000000004 0.60831 0.226875 0.486462
73 0.544375 0.7885154999999999 0.16125 0.34827299999999994
73 0.67375 0.283847 0.21750000000000003 0.48552800000000007
73 0.7484375 0.741363 0.22687499999999994 0.515406
