73 0.365625 0.6023435 0.19791600000000004 0.560937
73 0.702083 0.7359375 0.16249999999999998 0.08750100000000005
73 0.71875 0.8484375 0.15416600000000003 0.14687499999999998
73 0.715625 0.3398435 0.14374999999999993 0.120313
73 0.725 0.939063 0.125 0.08125000000000004
73 0.7333335 0.609375 0.12083299999999997 0.10624999999999996
73 0.734375 0.483594 0.12291600000000003 0.09218800000000005
73 0.730208 0.680469 0.09375 0.051562
73 0.8739585000000001 0.7437505 0.16458300000000003 0.12812500000000004
73 0.8739585 0.9632815 0.16041700000000003 0.07031300000000007
73 0.8833329999999999 0.6054685 0.17499999999999993 0.14218699999999995
73 0.879167 0.8695315 0.16249999999999998 0.13281300000000007
73 0.890625 0.334375 0.16874999999999996 0.125
73 0.8927080000000001 0.4757815 0.14374999999999993 0.11718700000000004
