73 0.0103125 0.405417 0.018125 0.14250000000000002
73 0.0109375 0.5554165 0.014374999999999999 0.13583300000000004
73 0.049374999999999995 0.12041650000000001 0.08 0.144167
73 0.0596875 0.2729165 0.093125 0.139167
73 0.0659375 0.4129165 0.08812500000000001 0.13083300000000003
73 0.0696875 0.5475 0.09062500000000001 0.13833399999999996
73 0.071875 0.6912499999999999 0.08375 0.129166
73 0.1575 0.263333 0.0825 0.13499999999999998
73 0.163125 0.4095835 0.07500000000000001 0.12416700000000003
73 0.15968749999999998 0.120417 0.06312500000000001 0.1375
73 0.16875 0.5387500000000001 0.08125000000000002 0.120834
73 0.1803125 0.6920835000000001 0.08937500000000001 0.12416700000000003
73 0.2475 0.2675 0.08125000000000002 0.143334
73 0.249375 0.4120835 0.08250000000000002 0.12916700000000003
73 0.33187500000000003 0.11624999999999999 0.08249999999999996 0.129166
73 0.33499999999999996 0.2633335 0.07500000000000001 0.128333
73 0.34187500000000004 0.4079165 0.07624999999999998 0.12416699999999997
73 0.9325 0.694167 0.13375000000000004 0.09999999999999998
73 0.934375 0.4175 0.13 0.08833399999999997
73 0.93625 0.120417 0.12624999999999997 0.10749999999999998
73 0.9375 0.26875 0.12375000000000003 0.11750000000000002
73 0.975625 0.5595835 0.04749999999999999 0.08583300000000005
