73 0.3435185 0.7273145 0.624075 0.45833300000000005
73 0.013426 0.64537 0.026852 0.07592599999999994
73 0.015278 0.5680555 0.030556 0.056481
73 0.0171295 0.7314815 0.034259 0.068519
73 0.0180555 0.8194445 0.036111 0.05925899999999995
73 0.6824075000000001 0.539352 0.10555499999999995 0.058334
73 0.6865745000000001 0.6138889999999999 0.11388900000000002 0.07962999999999998
73 0.6773145 0.6921295 0.08796300000000001 0.056481
73 0.688426 0.758796 0.10092600000000007 0.054629999999999956
73 0.7930554999999999 0.5875 0.06388899999999997 0.06203800000000004
73 0.788889 0.703241 0.05185200000000001 0.04536999999999991
73 0.7944445 0.648148 0.057406999999999986 0.0518519999999999
73 0.7953705 0.5273144999999999 0.05925899999999995 0.04166700000000001
73 0.8550925 0.659259 0.039815000000000045 0.022222000000000075
73 0.8560185 0.6212960000000001 0.03796299999999997 0.029629999999999934
73 0.8578705 0.5282405 0.04166700000000001 0.039814999999999934
73 0.8634255 0.5662035000000001 0.039815000000000045 0.043518999999999974
73 0.897685 0.564352 0.02129599999999998 0.03240799999999999
73 0.901852 0.613426 0.029630000000000045 0.04166599999999998
73 0.9032405 0.522685 0.015741000000000005 0.03240799999999999
73 0.926852 0.5546295 0.02407399999999993 0.03148100000000009
73 0.9305559999999999 0.5912035 0.02407400000000004 0.03425900000000004
73 0.9277775 0.624074 0.014815000000000023 0.02777799999999997
73 0.932407 0.5194445 0.02407399999999993 0.03333300000000006
