73 0.2089845 0.706465 0.417969 0.584984
73 0.2097655 0.1715325 0.419531 0.25338900000000003
73 0.2097655 0.447341 0.419531 0.27111599999999997
73 0.211719 0.615224 0.423438 0.506778
73 0.21328149999999998 0.1360795 0.409375 0.272159
73 0.2695315 0.7372259999999999 0.295313 0.523462
73 0.3078125 0.785714 0.207813 0.42648600000000003
73 0.7265625 0.1339935 0.33593699999999993 0.267987
73 0.7796875 0.4144945 0.439063 0.295099
73 0.7796875 0.7127215 0.439063 0.572471
73 0.729297 0.7351405 0.335156 0.527633
73 0.784375 0.1558915 0.42968799999999996 0.311783
73 0.784375 0.6131385 0.42968799999999996 0.504693
73 0.760156 0.7872785 0.36875 0.423357
