73 0.046875 0.501563 0.07500000000000001 0.99375
73 0.1320315 0.50625 0.092187 0.984376
73 0.2046875 0.5000005000000001 0.07500099999999998 0.9968750000000001
73 0.2929685 0.5171875 0.126563 0.962501
73 0.3492185 0.5414065 0.04531299999999999 0.910937
73 0.3984375 0.5382815000000001 0.046875 0.920313
73 0.4382815 0.499219 0.06406299999999998 0.998438
73 0.509375 0.499219 0.08125000000000004 0.998438
73 0.6445315 0.532813 0.20468699999999995 0.93125
73 0.832813 0.499219 0.33125000000000004 0.998438
