73 0.405625 0.6533335 0.036250000000000004 0.016666999999999987
73 0.4075 0.619167 0.03250000000000003 0.05499999999999994
73 0.44125000000000003 0.6533335 0.03999999999999998 0.016666999999999987
73 0.45375 0.7150000000000001 0.03875000000000001 0.04500000000000004
73 0.46468750000000003 0.605 0.060624999999999984 0.08666600000000002
73 0.45687500000000003 0.854583 0.03999999999999998 0.08250000000000002
73 0.50125 0.7091665 0.03374999999999995 0.053332999999999964
73 0.5103125 0.64625 0.03562499999999996 0.01750000000000007
73 0.518125 0.849583 0.036250000000000004 0.07250000000000001
73 0.5478125 0.6316665 0.041874999999999996 0.036667000000000005
73 0.5534375 0.7058335 0.026874999999999982 0.046667000000000014
73 0.778125 0.6058330000000001 0.03500000000000003 0.05999999999999994
73 0.8003125 0.605 0.024375000000000036 0.058334
73 0.8287500000000001 0.5933335 0.03749999999999998 0.04833300000000007
73 0.9412499999999999 0.61375 0.08625000000000005 0.03749999999999998
73 0.9696875 0.69875 0.05312499999999998 0.019166000000000016
73 0.9821875 0.785833 0.034375000000000044 0.020000000000000018
