73 0.05875 0.291745 0.1175 0.45403399999999994
73 0.2828125 0.30581650000000005 0.06187499999999996 0.07879900000000001
73 0.2903125 0.20590999999999998 0.06937500000000002 0.09099399999999999
73 0.5728125 0.32598499999999997 0.27312499999999995 0.11538399999999999
73 0.7184375000000001 0.19559100000000001 0.561875 0.11163199999999998
73 0.5259375 0.6153845 0.08187500000000003 0.06754299999999991
73 0.6278125 0.4512195 0.18062500000000004 0.12757900000000005
73 0.6115625 0.649625 0.05812499999999998 0.042213999999999974
73 0.6415625 0.572702 0.06437499999999996 0.042214000000000085
73 0.8512500000000001 0.3424015 0.29625 0.12570299999999995
73 0.910625 0.47138800000000003 0.1775 0.12851799999999997
