73 0.1634375 0.7887029999999999 0.326875 0.18326399999999998
73 0.266875 0.4564855 0.53375 0.502929
73 0.0553125 0.165272 0.06437499999999999 0.08954000000000001
73 0.05125 0.37531349999999997 0.041249999999999995 0.05439299999999997
73 0.056249999999999994 0.412971 0.04125 0.03431000000000001
73 0.057187499999999995 0.3096235 0.026874999999999996 0.05857699999999999
73 0.0828125 0.41631799999999997 0.048125 0.03096199999999999
73 0.0975 0.302929 0.04875 0.07531399999999999
73 0.1053125 0.17866100000000001 0.05687500000000001 0.07949799999999999
73 0.1471875 0.305439 0.05062499999999999 0.07363999999999998
73 0.1515625 0.1807535 0.056874999999999995 0.06861900000000001
73 0.1471875 0.393305 0.026874999999999982 0.018409999999999982
73 0.17625 0.3711295 0.03875000000000001 0.02928900000000001
73 0.188125 0.3062765 0.047500000000000014 0.06861899999999999
73 0.198125 0.17196650000000002 0.04375000000000001 0.076151
73 0.23531249999999998 0.180753 0.05187499999999998 0.065272
73 0.240625 0.30711299999999997 0.048750000000000016 0.07029199999999997
73 0.475 0.816318 0.3925 0.20669399999999993
73 0.5003125 0.776569 0.383125 0.22092
73 0.5196875 0.6209205 0.14937499999999998 0.12217499999999992
73 0.5215625 0.4991635 0.14062500000000006 0.13138099999999997
73 0.504375 0.4891215 0.04125000000000001 0.28200899999999995
73 0.5375000000000001 0.2238495 0.05625000000000002 0.138075
73 0.5434375 0.0619245 0.03937499999999994 0.123849
73 0.56375 0.071548 0.04249999999999998 0.143096
73 0.714375 0.585774 0.21250000000000002 0.11715399999999998
73 0.715625 0.5200835 0.21499999999999997 0.138075
73 0.7209375 0.648954 0.20187500000000003 0.03765600000000002
73 0.6609375 0.073222 0.028125000000000067 0.146444
73 0.684375 0.2832635 0.04125000000000001 0.225105
73 0.8346875 0.7472805 0.326875 0.21757300000000002
73 0.8362499999999999 0.7912135 0.3137500000000001 0.250209
73 0.843125 0.359833 0.3125 0.279498
73 0.8953125 0.5389120000000001 0.14937499999999992 0.07196600000000009
73 0.8984375 0.51841 0.1456249999999999 0.07949799999999996
73 0.9228125 0.6267785 0.15312500000000007 0.10711300000000001
73 0.9634375 0.5355645 0.07187500000000002 0.11715499999999995
73 0.97375 0.2531385 0.05125000000000002 0.14811700000000003
73 0.979375 0.755649 0.03499999999999992 0.065272
73 0.9871875 0.731799 0.024375000000000036 0.04100400000000004
