73 0.0153125 0.534583 0.030625 0.12249999999999994
73 0.025625 0.4004165 0.05125 0.12583299999999997
73 0.041875 0.6725 0.08375 0.13666599999999995
73 0.08625000000000001 0.8912500000000001 0.12625 0.139166
73 0.2740625 0.36124999999999996 0.08437499999999998 0.07583400000000001
73 0.2940625 0.0625 0.06937499999999996 0.10833400000000001
73 0.358125 0.250417 0.06375000000000003 0.11250000000000002
73 0.45843749999999994 0.10125 0.253125 0.175834
73 0.76625 0.103333 0.33499999999999996 0.145
73 0.840625 0.567083 0.16249999999999998 0.1775
73 0.858125 0.2608335 0.15375000000000005 0.11166699999999999
