73 0.330469 0.5636464999999999 0.114062 0.050700999999999996
73 0.33125000000000004 0.792341 0.071876 0.06364599999999998
73 0.335547 0.6580365 0.07109399999999999 0.045306999999999986
73 0.3316405 0.743797 0.060157000000000016 0.06580399999999997
73 0.3308595 0.7006475000000001 0.055469000000000046 0.04422899999999996
73 0.3472655 0.618123 0.088281 0.04315000000000002
73 0.4308595 0.651564 0.06328100000000003 0.028047999999999962
73 0.633594 0.7783169999999999 0.11250000000000004 0.05717399999999995
73 0.6359375 0.840345 0.11718700000000004 0.049622000000000055
73 0.6398435 0.894822 0.11406300000000003 0.03559800000000002
73 0.7671875 0.7491909999999999 0.08125099999999996 0.07874799999999993
73 0.9582029999999999 0.6920175 0.06015599999999999 0.15641899999999997
