73 0.1325 0.32375 0.07 0.07916600000000001
73 0.1328125 0.4391665 0.064375 0.093333
73 0.1909375 0.49666699999999997 0.051875000000000004 0.07
73 0.18562499999999998 0.41041649999999996 0.03874999999999998 0.07083299999999998
73 0.185625 0.32875 0.03125 0.069166
73 0.9437500000000001 0.7250000000000001 0.10875000000000001 0.068334
73 0.9478125 0.6575 0.10312500000000002 0.05500000000000005
73 0.9503125 0.5845834999999999 0.09812500000000002 0.07083300000000003
73 0.9121874999999999 0.5158335000000001 0.009375000000000022 0.058333000000000024
73 0.958125 0.507083 0.08250000000000002 0.0675
