73 0.1759375 0.258392 0.330625 0.215456
73 0.4746875 0.188915 0.9131250000000001 0.359094
73 0.161875 0.123341 0.28625 0.22014
73 0.4796875 0.5421545 0.783125 0.30210700000000007
73 0.208125 0.5273225 0.22124999999999997 0.28181100000000003
73 0.2578125 0.8384075 0.243125 0.22638499999999995
73 0.47250000000000003 0.8430915 0.6675 0.23731499999999994
73 0.4434375 0.173302 0.30437499999999995 0.32943
73 0.4221875 0.533177 0.25312499999999993 0.290398
73 0.47875 0.8282590000000001 0.23374999999999996 0.20921200000000006
73 0.6146875 0.163544 0.140625 0.29742399999999997
73 0.69 0.8110850000000001 0.2074999999999999 0.16861800000000005
73 0.7462500000000001 0.533177 0.25749999999999995 0.28727600000000003
73 0.8378125000000001 0.147541 0.29437499999999994 0.277908
