73 0.0609755 0.405 0.121951 0.1175
73 0.089118 0.22843750000000002 0.178236 0.16062500000000002
73 0.099437 0.5440625 0.198874 0.12312499999999998
73 0.0727015 0.6725000000000001 0.11538500000000002 0.09875
73 0.838649 0.62375 0.09005600000000002 0.08999999999999997
73 0.8963415 0.5159374999999999 0.20544099999999998 0.104375
73 0.847092 0.41031249999999997 0.05628599999999995 0.09062500000000001
73 0.9179174999999999 0.27875 0.16228900000000002 0.10750000000000001
73 0.9085369999999999 0.6134375000000001 0.066604 0.08062500000000006
73 0.9474670000000001 0.4025 0.10319 0.09875
