73 0.083125 0.7283335 0.16625 0.32666700000000004
73 0.12875 0.36124999999999996 0.25625000000000003 0.38583399999999995
73 0.221875 0.7233335000000001 0.24 0.323333
73 0.26187499999999997 0.9695834999999999 0.20124999999999998 0.05916700000000008
73 0.4128125 0.7470835 0.20687499999999998 0.33083299999999993
73 0.4471875 0.976667 0.176875 0.04500000000000004
73 0.6196875 0.7445835000000001 0.219375 0.33583299999999994
73 0.62625 0.959167 0.19625000000000004 0.08000000000000007
73 0.7053125 0.34166650000000004 0.213125 0.363333
73 0.7953125 0.71375 0.25312500000000004 0.31583399999999995
73 0.8146875 0.9566669999999999 0.18312499999999998 0.08500000000000008
73 0.8578125000000001 0.34750000000000003 0.145625 0.303334
73 0.92125 0.709583 0.15625 0.27249999999999996
73 0.9346875 0.9370835 0.12937500000000002 0.12416700000000003
73 0.9521875 0.4770835 0.09437499999999999 0.17583299999999996
