73 0.0496875 0.6224999999999999 0.099375 0.738334
73 0.108125 0.6016665 0.08750000000000001 0.773333
73 0.2125 0.596667 0.15499999999999997 0.77
73 0.2346875 0.645417 0.054375000000000034 0.6924999999999999
73 0.2715625 0.6375 0.06062500000000001 0.671666
73 0.3325 0.617917 0.10125 0.6875
73 0.3828125 0.594167 0.06312499999999999 0.73
73 0.43374999999999997 0.56375 0.08000000000000002 0.814166
73 0.490625 0.5491665 0.07499999999999996 0.836667
73 0.55125 0.5508335 0.0675 0.888333
73 0.6209374999999999 0.55625 0.083125 0.860834
73 0.67125 0.56125 0.028750000000000053 0.854166
73 0.7150000000000001 0.65625 0.07750000000000001 0.685834
73 0.7359375 0.6041665 0.09812500000000002 0.781667
73 0.766875 0.574167 0.10624999999999996 0.845
73 0.8740625 0.546667 0.17562500000000003 0.87
73 0.840625 0.58875 0.036250000000000004 0.7858339999999999
73 0.978125 0.539167 0.04249999999999998 0.885
