73 0.0315625 0.2455645 0.029375 0.07282899999999998
73 0.115625 0.23809550000000002 0.09249999999999999 0.08029900000000001
73 0.13 0.310458 0.05374999999999999 0.03828199999999998
73 0.1759375 0.4444445 0.06937500000000002 0.16433300000000006
73 0.20906249999999998 0.6157795 0.03812499999999999 0.13165300000000002
73 0.2578125 0.814659 0.11562499999999998 0.18580799999999997
73 0.2403125 0.435574 0.049375 0.172736
73 0.2925 0.62465 0.09500000000000003 0.16059800000000002
73 0.29000000000000004 0.442577 0.05124999999999996 0.17553599999999997
73 0.3346875 0.806256 0.02062499999999995 0.114846
73 0.6515625 0.22409 0.078125 0.076564
73 0.7275 0.223623 0.06999999999999995 0.10177399999999998
73 0.76125 0.3328665 0.11250000000000004 0.10550899999999996
73 0.7575000000000001 0.439776 0.06375000000000008 0.09710600000000003
73 0.8178125 0.222689 0.08687499999999992 0.099906
