73 0.08437499999999999 0.3983335 0.15 0.25333300000000003
73 0.035625 0.7379165000000001 0.07125 0.17916699999999997
73 0.0678125 0.9408335 0.135625 0.11666700000000008
73 0.3721875 0.84875 0.725625 0.30083400000000005
73 0.150625 0.6516664999999999 0.205 0.26833300000000004
73 0.19218749999999998 0.3458335 0.133125 0.153333
73 0.1784375 0.9070834999999999 0.05437500000000001 0.07416699999999998
73 0.19625 0.8858334999999999 0.04375000000000001 0.08333299999999999
73 0.249375 0.6316664999999999 0.08750000000000002 0.146667
73 0.441875 0.47166699999999995 0.20374999999999993 0.24999999999999994
73 0.858125 0.7220835 0.2825 0.285833
