73 0.10593749999999999 0.1629165 0.181875 0.284167
73 0.2046875 0.2329165 0.20187499999999997 0.299167
73 0.2525 0.5358335000000001 0.12125 0.21666700000000005
73 0.46062499999999995 0.76375 0.18749999999999994 0.354166
73 0.45406250000000004 0.364583 0.17312500000000003 0.3425
73 0.526875 0.4758335 0.1875 0.23833299999999996
73 0.6309374999999999 0.0975 0.21187499999999992 0.195
73 0.6909375 0.43083350000000004 0.28312500000000007 0.426667
73 0.66125 0.815833 0.19500000000000006 0.29500000000000004
73 0.814375 0.1054165 0.15500000000000003 0.210833
73 0.88625 0.8295835 0.22124999999999995 0.339167
73 0.9321875 0.1608335 0.13437500000000002 0.31333300000000003
73 0.9606250000000001 0.6445835 0.07750000000000001 0.26916700000000005
