73 0.9309375 0.150094 0.11312500000000003 0.22326400000000002
73 0.1796875 0.4577865 0.359375 0.22701700000000002
73 0.1825 0.1153845 0.365 0.223265
73 0.0425 0.742026 0.0725 0.131332
73 0.12968749999999998 0.729831 0.08562499999999999 0.15572199999999992
73 0.224375 0.7401504999999999 0.05000000000000002 0.1613509999999999
73 0.296875 0.748124 0.05874999999999997 0.12664199999999992
73 0.4453125 0.1679175 0.12562500000000004 0.228893
73 0.5525 0.433396 0.08875 0.15197
73 0.5746875 0.18339550000000002 0.12812500000000004 0.182927
73 0.6856249999999999 0.49718550000000006 0.08625000000000005 0.16697900000000004
73 0.755625 0.17870550000000002 0.19500000000000006 0.235459
73 0.8015625 0.9390244999999999 0.19437500000000008 0.12007500000000004
73 0.7862499999999999 0.4803 0.12 0.234522
73 0.7940625 0.7443715 0.11062499999999997 0.192307
73 0.926875 0.6941835000000001 0.14500000000000002 0.20825499999999997
73 0.9325 0.42401500000000003 0.13375000000000004 0.24765400000000004
