73 0.0661765 0.31209149999999997 0.132353 0.05228700000000003
73 0.0710785 0.228758 0.142157 0.055555999999999994
73 0.0743465 0.377451 0.148693 0.06862799999999997
73 0.0743465 0.468137 0.148693 0.05719000000000002
73 0.0767975 0.5490195 0.153595 0.07189500000000004
73 0.0767975 0.6903595 0.153595 0.08333299999999999
73 0.0833335 0.615196 0.166667 0.08006599999999997
73 0.2263075 0.227124 0.14215699999999998 0.05882399999999999
73 0.2312095 0.3014705 0.14542500000000003 0.06699300000000002
73 0.2369285 0.6683005 0.14705900000000002 0.07516299999999998
73 0.2263075 0.37418300000000004 0.12254899999999999 0.06209199999999998
73 0.2377455 0.5277780000000001 0.14215699999999998 0.06862800000000002
73 0.23611150000000003 0.5996735 0.13562100000000002 0.07843100000000003
73 0.2385625 0.4558825 0.133987 0.068627
73 0.3709155 0.23365999999999998 0.12745099999999998 0.05228799999999997
73 0.3725495 0.3112745 0.12418299999999999 0.040849000000000024
73 0.372549 0.37418300000000004 0.107844 0.06209199999999998
73 0.34232 0.5882350000000001 0.04411799999999999 0.04901999999999995
73 0.343954 0.6503270000000001 0.04411799999999999 0.052288
73 0.34231999999999996 0.4485295 0.03431400000000001 0.04084899999999997
73 0.345588 0.512255 0.04085 0.057190000000000074
73 0.5196075 0.235294 0.14052299999999995 0.055555999999999967
73 0.5277775 0.31209149999999997 0.15032699999999993 0.05228700000000003
73 0.499183 0.8447715 0.06045800000000001 0.11764700000000006
73 0.5 0.5008170000000001 0.062092000000000036 0.08987
73 0.495098 0.7181375 0.04901999999999995 0.08660099999999993
73 0.498366 0.621732 0.04902000000000001 0.10294199999999998
73 0.5522875 0.747549 0.05882299999999996 0.09967400000000004
73 0.5555555000000001 0.631536 0.06209100000000001 0.10947799999999996
73 0.5620915 0.5138885 0.06209100000000001 0.10294099999999995
73 0.5882355 0.8954245000000001 0.07189500000000004 0.13071899999999992
73 0.6715685 0.3537585 0.14705900000000005 0.09640500000000002
73 0.631536 0.6642155000000001 0.05065399999999998 0.10294100000000006
73 0.6348039999999999 0.7802285 0.05718999999999996 0.10947700000000005
73 0.6364380000000001 0.5285945 0.053921999999999914 0.09313699999999997
73 0.6772875 0.286765 0.08006499999999994 0.031046000000000018
73 0.6797385 0.23284299999999997 0.08169899999999997 0.060457999999999984
73 0.6748365000000001 0.9460785 0.032679000000000014 0.10457499999999997
73 0.6862745 0.8071895 0.02287499999999998 0.09803899999999999
73 0.7949345 0.971405 0.12581700000000007 0.053922000000000025
73 0.7883985 0.7058825 0.10294099999999995 0.143791
73 0.7941175 0.229575 0.11437900000000001 0.05719000000000002
73 0.7785945 0.8406864999999999 0.07352899999999996 0.129085
73 0.760621 0.361928 0.02777800000000008 0.04085
73 0.7916665 0.5580065000000001 0.08986900000000009 0.14215699999999998
73 0.8161765 0.39134 0.135621 0.02124200000000004
73 0.764706 0.2949345 0.026143999999999945 0.06045699999999998
73 0.8333335 0.3300655 0.10130699999999992 0.11111100000000002
73 0.9076795 0.7426470000000001 0.13235300000000005 0.15522800000000003
73 0.8897060000000001 0.8897055 0.08987 0.13888899999999993
73 0.9093135000000001 0.5816995 0.129085 0.13725500000000002
73 0.8676470000000001 0.360294 0.009804000000000035 0.034313999999999956
73 0.9354575 0.21813700000000003 0.12581699999999996 0.050654000000000005
73 0.9387255 0.3472225 0.11928099999999997 0.135621
