73 0.29125 0.120632 0.5825 0.15141400000000002
73 0.23249999999999998 0.5723795 0.4325 0.179701
73 0.238125 0.3885195 0.43124999999999997 0.20133099999999998
73 0.23124999999999998 0.782862 0.415 0.19467599999999996
73 0.33125000000000004 0.407654 0.017500000000000016 0.13644
73 0.565 0.8036605 0.2375 0.1597329999999999
73 0.593125 0.591514 0.27375 0.14808599999999994
73 0.6599999999999999 0.41763700000000004 0.38249999999999995 0.19301200000000002
73 0.6087499999999999 0.6514139999999999 0.12 0.09151399999999998
73 0.951875 0.844426 0.09375 0.30782
