73 0.10125 0.25666700000000003 0.2025 0.465
73 0.1146875 0.6983334999999999 0.219375 0.40833299999999995
73 0.30125 0.685417 0.205 0.42750000000000005
73 0.30374999999999996 0.243333 0.20749999999999996 0.46
73 0.5078125 0.2333335 0.20812499999999995 0.446667
73 0.5121875 0.6895835 0.21437499999999998 0.43583299999999997
73 0.71 0.24625 0.20875 0.450834
73 0.7125 0.6970835 0.19874999999999998 0.444167
73 0.895 0.6895830000000001 0.19625000000000004 0.4325
73 0.903125 0.2529165 0.1925 0.44083300000000003
