73 0.06125 0.476124 0.1225 0.11891399999999996
73 0.1196875 0.36891399999999996 0.239375 0.16853999999999997
73 0.1275 0.25 0.255 0.161048
73 0.1390625 0.116105 0.278125 0.14045
73 0.375 0.1329585 0.20750000000000002 0.149813
73 0.49249999999999994 0.3342695 0.3525 0.22284700000000002
73 0.47781250000000003 0.5126405 0.32062500000000005 0.264981
73 0.4840625 0.742977 0.19937499999999997 0.25
73 0.698125 0.9180714999999999 0.5974999999999999 0.16198499999999993
73 0.59125 0.1493445 0.2525 0.193821
73 0.9293750000000001 0.8225655000000001 0.14 0.17509300000000005
73 0.9334375 0.5355805 0.13187499999999996 0.14981300000000003
73 0.9359375000000001 0.6718165 0.12687499999999996 0.17696699999999999
73 0.9403125 0.3955995 0.11812500000000004 0.11516899999999997
73 0.9475 0.261236 0.10375000000000001 0.13857599999999998
