73 0.13247899999999999 0.633813 0.250712 0.23453200000000007
73 0.14672400000000002 0.386331 0.22792 0.223022
73 0.0997155 0.9366905 0.12820499999999999 0.04892099999999999
73 0.385328 0.3769785 0.24358999999999997 0.21870500000000004
73 0.37393149999999997 0.605036 0.217949 0.17985600000000002
73 0.403134 0.2143885 0.17663799999999996 0.09496500000000002
73 0.610399 0.6244605 0.249288 0.23021500000000006
73 0.6125355 0.39568349999999997 0.21937300000000004 0.18705100000000002
73 0.624644 0.856115 0.24073999999999995 0.241726
73 0.6225069999999999 0.15323699999999998 0.22507200000000005 0.19999999999999998
73 0.855413 0.402158 0.22649600000000003 0.2
73 0.8561255 0.13884849999999999 0.21937300000000004 0.22877699999999998
73 0.868946 0.863309 0.23931600000000008 0.24460400000000004
