73 0.129375 0.17875 0.25875 0.23249999999999998
73 0.0309375 0.23583349999999997 0.051875000000000004 0.128333
73 0.5871875 0.00875 0.234375 0.0175
73 0.5918749999999999 0.0608335 0.235 0.08333299999999999
73 0.6003125 0.1308335 0.20812499999999995 0.101667
73 0.6128125 0.19999999999999998 0.171875 0.10333399999999998
73 0.5956250000000001 0.2525 0.11875000000000002 0.101666
73 0.7306250000000001 0.212083 0.03749999999999998 0.07250000000000001
73 0.7428125 0.1220835 0.03562500000000002 0.07083300000000001
73 0.7740625 0.03125 0.09562500000000007 0.0625
73 0.765625 0.207917 0.03750000000000009 0.0675
73 0.768125 0.1245835 0.02749999999999997 0.069167
73 0.9084375 0.4195835 0.181875 0.12916700000000003
73 0.9125000000000001 0.0225 0.17374999999999996 0.045
73 0.915 0.2770835 0.16875000000000007 0.139167
73 0.91625 0.1325 0.16625 0.143334
