73 0.0209375 0.43832399999999994 0.041875 0.24952999999999997
73 0.210625 0.950094 0.20375 0.09792800000000002
73 0.3053125 0.126177 0.388125 0.252354
73 0.24625 0.4472695 0.26499999999999996 0.23540500000000003
73 0.1465625 0.7589455 0.063125 0.22975500000000004
73 0.205625 0.727872 0.04999999999999999 0.28437
73 0.25875 0.7589455 0.056249999999999994 0.21845499999999995
73 0.315 0.8206215 0.05625000000000002 0.09887099999999993
73 0.37 0.145951 0.04625000000000001 0.21280600000000002
73 0.766875 0.012241 0.36250000000000004 0.024482
73 0.7928124999999999 0.45197750000000003 0.291875 0.17514100000000005
73 0.6871875000000001 0.19303199999999998 0.07562499999999994 0.222222
73 0.8209375 0.6944445 0.23812499999999992 0.27024500000000007
73 0.825 0.925612 0.23875000000000002 0.14689200000000002
73 0.74625 0.18926549999999998 0.040000000000000036 0.214689
73 0.8556250000000001 0.236817 0.17374999999999996 0.12335200000000002
