73 0.4896875 0.530417 0.125625 0.08250000000000002
73 0.4615625 0.61625 0.060624999999999984 0.07250000000000001
73 0.4665625 0.443333 0.04812499999999997 0.08500000000000002
73 0.5331250000000001 0.339167 0.17000000000000004 0.10999999999999999
73 0.5215625 0.437083 0.05937500000000001 0.08250000000000002
73 0.5234375 0.6254165 0.05812499999999998 0.07916699999999999
73 0.5718749999999999 0.726667 0.0675 0.09999999999999998
73 0.5803125 0.6354165 0.04812499999999997 0.06916700000000009
73 0.595 0.432083 0.04874999999999996 0.07250000000000001
73 0.5865625 0.52875 0.02937499999999993 0.08583400000000002
73 0.728125 0.4345835 0.11624999999999996 0.015832999999999986
73 0.7306250000000001 0.42000000000000004 0.11124999999999996 0.016666000000000014
73 0.7324999999999999 0.40958300000000003 0.11249999999999993 0.017500000000000016
