73 0.06 0.41721549999999996 0.12 0.31514499999999995
73 0.0628125 0.112888 0.125625 0.225776
73 0.076875 0.777987 0.15125 0.368768
73 0.050312499999999996 0.971778 0.083125 0.054562
73 0.29593749999999996 0.20602099999999998 0.23812499999999998 0.253998
73 0.338125 0.8523045 0.31499999999999995 0.293509
73 0.32343750000000004 0.544685 0.278125 0.31044200000000005
73 0.5509375 0.7441205 0.128125 0.24647300000000005
73 0.5303125 0.888523 0.07687499999999997 0.05362199999999995
73 0.5865625 0.4943555 0.18937500000000002 0.26810900000000004
73 0.570625 0.9402635 0.14750000000000002 0.117591
73 0.593125 0.0324555 0.19249999999999995 0.064911
73 0.5871875 0.2060205 0.17812500000000003 0.231421
73 0.6012500000000001 0.8250235 0.10625000000000007 0.05079900000000004
73 0.6309374999999999 0.6980245 0.073125 0.208843
73 0.7209375 0.6599245 0.07687500000000003 0.18344300000000002
73 0.7234375 0.8955785 0.07437499999999997 0.20696100000000006
73 0.7618750000000001 0.462371 0.15125 0.17403600000000002
73 0.7525 0.054092 0.1137499999999999 0.108184
73 0.7481249999999999 0.23988700000000002 0.10249999999999992 0.15992399999999998
73 0.7678125 0.722013 0.09312500000000001 0.044213999999999976
73 0.87875 0.8659455 0.24124999999999996 0.266227
73 0.8384375 0.6025400000000001 0.02937500000000004 0.12511799999999995
73 0.8653124999999999 0.0663215 0.083125 0.132643
73 0.84625 0.425682 0.04250000000000009 0.11570999999999998
73 0.8518749999999999 0.7982130000000001 0.053750000000000075 0.16651000000000005
73 0.8653124999999999 0.2516465 0.073125 0.128881
73 0.9434375 0.73048 0.05812499999999998 0.10818400000000006
73 0.9493750000000001 0.344779 0.05874999999999997 0.10442200000000001
73 0.951875 0.208843 0.06125000000000003 0.129822
73 0.9537500000000001 0.0672625 0.057499999999999996 0.134525
