73 0.0028125 0.8966985000000001 0.005625 0.04245299999999996
73 0.0115625 0.8396224999999999 0.023125 0.06415099999999996
73 0.01625 0.7910375000000001 0.0325 0.04811299999999996
73 0.0303125 0.9632080000000001 0.060625 0.07169799999999993
73 0.053125 0.9051885 0.09999999999999999 0.05566100000000007
73 0.069375 0.8415095 0.0925 0.05660299999999996
73 0.0765625 0.7872645 0.08312499999999999 0.051887000000000016
73 0.0709375 0.5778304999999999 0.035625 0.03867900000000002
73 0.09187500000000001 0.9679245 0.05 0.062265000000000015
73 0.16749999999999998 0.9127355 0.13749999999999998 0.051887000000000016
73 0.1375 0.618868 0.06625 0.05660399999999999
73 0.1740625 0.8500000000000001 0.12187499999999998 0.05849000000000004
73 0.1490625 0.9688680000000001 0.061875 0.06037799999999993
73 0.16625 0.7910375000000001 0.09125000000000001 0.0632069999999999
73 0.199375 0.9698115 0.04249999999999998 0.05849099999999996
73 0.221875 0.6806605 0.06374999999999997 0.05566099999999996
73 0.23093750000000002 0.7900944999999999 0.03562499999999999 0.05377299999999996
73 0.2475 0.9698115 0.04874999999999999 0.05849099999999996
73 0.2971875 0.913679 0.12687499999999996 0.05377399999999999
73 0.30093749999999997 0.8490565 0.13187500000000002 0.06415100000000007
73 0.27249999999999996 0.7919815 0.05499999999999999 0.057547000000000015
73 0.295625 0.706132 0.08375000000000005 0.05943399999999999
73 0.31343750000000004 0.9688680000000001 0.080625 0.06037799999999993
73 0.3334375 0.7948115 0.06187500000000001 0.051887000000000016
73 0.37593750000000004 0.9759435 0.033125000000000016 0.04622700000000002
73 0.3753125 0.8108489999999999 0.026874999999999982 0.04056599999999999
73 0.37468749999999995 0.9353775 0.023125000000000007 0.03867900000000002
73 0.37906249999999997 0.8792454999999999 0.021875000000000033 0.054717000000000016
73 0.4028125 0.959434 0.015625 0.07924599999999993
73 0.4053125 0.8542449999999999 0.020625000000000004 0.03490599999999999
73 0.4034375 0.8919809999999999 0.014375000000000027 0.03679200000000005
73 0.4096875 0.817453 0.021875000000000033 0.03490599999999999
73 0.41874999999999996 0.903302 0.013749999999999984 0.12924600000000008
73 0.471875 0.9004715000000001 0.08999999999999997 0.108491
73 0.6171875 0.8933964999999999 0.0631250000000001 0.21132099999999998
73 0.7 0.80566 0.11750000000000005 0.047170000000000045
73 0.7025 0.97217 0.11250000000000004 0.05377399999999999
73 0.7134375 0.9113205 0.13437500000000002 0.06792500000000001
73 0.7090624999999999 0.854717 0.12312500000000004 0.05660399999999999
73 0.725 0.690566 0.15500000000000003 0.08301800000000004
73 0.8362499999999999 0.961321 0.16249999999999998 0.07547199999999998
73 0.78625 0.799528 0.06000000000000005 0.050000000000000044
73 0.8300000000000001 0.8500000000000001 0.11625000000000008 0.05849000000000004
73 0.8153125 0.9117919999999999 0.08187499999999992 0.04999999999999993
73 0.8400000000000001 0.803302 0.05500000000000005 0.03490599999999999
73 0.888125 0.5976415 0.1050000000000001 0.08396300000000001
73 0.8875 0.9033015 0.05999999999999994 0.051887000000000016
73 0.88375 0.7957544999999999 0.04249999999999998 0.04245299999999996
73 0.918125 0.8471695 0.05249999999999999 0.04528299999999996
73 0.9215625000000001 0.7966979999999999 0.05437499999999995 0.04056599999999999
73 0.9521875 0.9264155000000001 0.09437499999999999 0.14528299999999994
73 0.9725 0.834434 0.053749999999999964 0.042451999999999934
73 0.9640625 0.791038 0.030625000000000013 0.044340000000000046
73 0.9815625 0.7853775000000001 0.03562500000000002 0.04433900000000002
