73 0.240625 0.2633335 0.48125 0.213333
73 0.5009375 0.075 0.9968750000000001 0.15
73 0.4096875 0.2945835 0.143125 0.030833
73 0.4121875 0.325417 0.130625 0.02749999999999997
73 0.414375 0.34458350000000004 0.11375000000000002 0.024166999999999994
73 0.5231250000000001 0.26416649999999997 0.039999999999999925 0.19166699999999998
73 0.5565625 0.26 0.05687500000000001 0.19999999999999998
73 0.630625 0.32125000000000004 0.08875 0.02250000000000002
73 0.6312500000000001 0.3470835 0.08750000000000002 0.029167
73 0.6331249999999999 0.2970835 0.08625000000000005 0.03916699999999995
