73 0.076875 0.5323745 0.15375 0.25611500000000004
73 0.170625 0.2589925 0.15000000000000002 0.238849
73 0.3134375 0.49856100000000003 0.17687499999999998 0.384172
73 0.338125 0.21870499999999998 0.14375 0.22446
73 0.4615625 0.5230215 0.12937500000000002 0.28920900000000005
73 0.47375 0.23740999999999998 0.10749999999999998 0.244604
73 0.6121875 0.511511 0.12812500000000004 0.297842
73 0.600625 0.26259 0.09999999999999998 0.21150999999999998
73 0.7475 0.24748199999999998 0.13750000000000007 0.24172599999999997
73 0.7806249999999999 0.508633 0.16249999999999998 0.309352
73 0.889375 0.2402875 0.15000000000000002 0.215827
73 0.9275 0.522302 0.14375000000000004 0.28201400000000004
