73 0.4611115 0.18125 0.7511110000000001 0.129166
73 0.4683335 0.39249999999999996 0.718889 0.10333399999999998
73 0.4805555 0.5 0.743333 0.10499999999999998
73 0.477222 0.29000000000000004 0.732222 0.121666
73 0.483889 0.7920834999999999 0.71 0.12416700000000003
73 0.4305555 0.8612500000000001 0.5966670000000001 0.13750000000000007
73 0.491111 0.0816665 0.704444 0.146667
73 0.301667 0.937917 0.312222 0.12250000000000005
73 0.767778 0.9308335000000001 0.124444 0.13666699999999998
73 0.8433335 0.394167 0.004444999999999921 0.08999999999999997
73 0.9522225 0.513333 0.093333 0.10999999999999999
73 0.9555555 0.60625 0.08666700000000005 0.07583400000000007
73 0.957778 0.6266665 0.08222200000000002 0.04166700000000001
