73 0.305625 0.6181734999999999 0.11374999999999999 0.31920899999999996
73 0.0625 0.56968 0.11499999999999999 0.23352199999999995
73 0.113125 0.618644 0.09375 0.16195800000000005
73 0.1503125 0.446328 0.08062499999999999 0.09416199999999997
73 0.20156249999999998 0.5861585 0.11937499999999998 0.274011
73 0.2865625 0.457627 0.17437500000000003 0.22598800000000002
73 0.4321875 0.640301 0.13687499999999997 0.29755200000000004
73 0.5546875 0.502354 0.23562499999999997 0.33050799999999997
73 0.5809375 0.6624295 0.11687500000000006 0.29472699999999996
73 0.7762500000000001 0.673258 0.1925 0.38982999999999995
73 0.8603125 0.5108285 0.17312499999999997 0.424671
73 0.9634375 0.717514 0.07187500000000002 0.37099799999999994
