73 0.0915625 0.7094445 0.183125 0.23888900000000002
73 0.0940625 0.115 0.188125 0.23
73 0.0965625 0.42055549999999997 0.193125 0.20777700000000004
73 0.2425 0.685 0.08625000000000002 0.21222200000000002
73 0.2978125 0.4261115 0.185625 0.20111099999999998
73 0.3040625 0.1322225 0.18062499999999998 0.25111100000000003
73 0.39437500000000003 0.041111 0.14375 0.082222
73 0.545625 0.08 0.14875 0.16
73 0.5546875 0.4433335 0.140625 0.14888899999999994
73 0.5584375 0.2416665 0.12312499999999998 0.20555499999999996
73 0.595 0.621111 0.04749999999999999 0.17555600000000005
