73 0.0187615 0.9053125 0.037523 0.06312499999999999
73 0.035178 0.788125 0.070356 0.05125000000000002
73 0.0379925 0.7359375 0.075985 0.04937499999999995
73 0.027204500000000003 0.8446875 0.050657 0.05812499999999998
73 0.1491555 0.9078125 0.22326500000000002 0.06812499999999999
73 0.1552535 0.846875 0.20544099999999998 0.05625000000000002
73 0.1679175 0.7934375 0.18949300000000002 0.04437500000000005
73 0.1707315 0.74 0.18011300000000002 0.05125000000000002
73 0.4629455 0.674375 0.466229 0.04250000000000009
73 0.3503755 0.854375 0.205441 0.05125000000000002
73 0.3541275 0.9146875 0.21294500000000002 0.05812499999999998
73 0.355535 0.7418750000000001 0.19512200000000002 0.04749999999999999
73 0.35788 0.7940625 0.19981200000000005 0.059374999999999956
73 0.5530015 0.8565625 0.20544100000000004 0.05812499999999998
73 0.5605065 0.9153125 0.21482099999999998 0.05687500000000001
73 0.551126 0.7975 0.19230799999999998 0.050000000000000044
73 0.5576925 0.7384375000000001 0.20544100000000004 0.05437499999999995
73 0.7537525 0.7375 0.21294500000000005 0.05625000000000002
73 0.77439 0.8565625 0.233584 0.05812499999999998
73 0.768293 0.7965625000000001 0.21575999999999995 0.05812500000000009
73 0.7889305 0.9128125 0.230769 0.05812499999999998
