73 0.0440625 0.3366665 0.088125 0.18888900000000003
73 0.0496875 0.676667 0.099375 0.08000000000000007
73 0.2809375 0.717222 0.27312499999999995 0.134444
73 0.2009375 0.3144445 0.071875 0.197777
73 0.2384375 0.316667 0.080625 0.20222199999999999
73 0.30125 0.308333 0.08875 0.21
73 0.3590625 0.313889 0.08812500000000001 0.212222
73 0.5487500000000001 0.281111 0.11625000000000008 0.24666600000000002
73 0.57375 0.7755555000000001 0.14625 0.10444500000000001
73 0.6440625 0.2755555 0.130625 0.271111
73 0.684375 0.797222 0.15499999999999992 0.10777799999999993
73 0.7796875000000001 0.2594445 0.125625 0.285555
73 0.8646875 0.7833330000000001 0.22562500000000008 0.2400000000000001
73 0.9078124999999999 0.25388900000000003 0.135625 0.314444
