73 0.035625 0.034369 0.07125 0.068738
73 0.0459375 0.137947 0.091875 0.119586
73 0.0465625 0.26177 0.090625 0.10357799999999998
73 0.17281249999999998 0.0353105 0.18187499999999998 0.070621
73 0.1790625 0.1219395 0.181875 0.12523499999999999
73 0.2015625 0.23446299999999998 0.190625 0.08851200000000001
73 0.36375 0.0362525 0.15875 0.072505
73 0.36875 0.120998 0.15875 0.108286
73 0.365625 0.23210899999999998 0.13999999999999996 0.11393599999999998
73 0.52 0.112053 0.13874999999999998 0.094162
73 0.50625 0.029661 0.10125 0.059322
