73 0.5425 0.7793749999999999 0.62 0.21000000000000008
73 0.5754165 0.4290625 0.6541669999999999 0.10812500000000003
73 0.5879165 0.2675 0.6741670000000001 0.08875000000000002
73 0.5708335 0.63125 0.608333 0.15375000000000005
73 0.5720835 0.5684374999999999 0.610833 0.13687499999999997
73 0.5800000000000001 0.5040625 0.6266660000000001 0.128125
73 0.565417 0.7065625 0.5925 0.188125
73 0.590417 0.35375 0.6425000000000001 0.08374999999999999
73 0.6950000000000001 0.2115625 0.09166599999999991 0.006874999999999992
73 0.80375 0.18312499999999998 0.07250000000000001 0.047500000000000014
73 0.888333 0.174375 0.09999999999999998 0.06
