73 0.31281250000000005 0.6475 0.546875 0.10333400000000004
73 0.1803125 0.812917 0.180625 0.0625
73 0.2528125 0.5095835 0.13187499999999996 0.07583299999999998
73 0.3084375 0.8145830000000001 0.046875 0.0824999999999999
73 0.415 0.5095835 0.08374999999999999 0.07583299999999998
73 0.5228125 0.744583 0.14437499999999998 0.08749999999999991
73 0.5137499999999999 0.8345830000000001 0.10875000000000001 0.07750000000000001
73 0.65125 0.6145835 0.050000000000000044 0.06583299999999992
73 0.651875 0.6870835 0.05125000000000002 0.05916700000000008
73 0.655 0.7570835 0.04749999999999999 0.07083300000000003
73 0.708125 0.593333 0.03249999999999997 0.050000000000000044
73 0.708125 0.709167 0.030000000000000027 0.05499999999999994
73 0.71 0.6499999999999999 0.028749999999999942 0.056665999999999994
