73 0.0696875 0.114656 0.021875000000000006 0.229312
73 0.0896875 0.110668 0.033125 0.221336
73 0.1190625 0.4621135 0.074375 0.383849
73 0.1003125 0.118644 0.02687500000000001 0.237288
73 0.1278125 0.115653 0.015625 0.231306
73 0.1646875 0.4481555 0.07312500000000002 0.339981
73 0.1459375 0.110668 0.02812500000000001 0.221336
73 0.1703125 0.110668 0.023125000000000007 0.221336
73 0.2065625 0.4596215 0.070625 0.32502499999999995
73 0.19 0.118644 0.01874999999999999 0.237288
73 0.2084375 0.117647 0.023125000000000007 0.235294
73 0.21625 0.515454 0.03375 0.21734800000000004
73 0.2290625 0.501994 0.02812500000000001 0.268196
73 0.233125 0.117647 0.012500000000000011 0.235294
73 0.2428125 0.5174475000000001 0.026874999999999982 0.299103
73 0.2540625 0.118644 0.021875000000000006 0.237288
73 0.26749999999999996 0.506979 0.03375 0.29012999999999994
73 0.2765625 0.12412749999999999 0.015625 0.238285
73 0.308125 0.492024 0.04999999999999999 0.36191400000000007
73 0.29781250000000004 0.120638 0.019374999999999976 0.241276
73 0.32343750000000004 0.492024 0.03937499999999999 0.365902
73 0.3175 0.1241275 0.020000000000000018 0.248255
73 0.340625 0.1271185 0.015000000000000013 0.254237
73 0.36624999999999996 0.5094715000000001 0.05624999999999997 0.350947
73 0.3596875 0.5737785 0.020625000000000004 0.260219
73 0.3609375 0.1271185 0.015625 0.254237
73 0.3784375 0.1291125 0.021875000000000033 0.258225
73 0.3828125 0.552343 0.02312499999999995 0.29910200000000003
73 0.396875 0.1291125 0.014999999999999958 0.258225
73 0.395625 0.5638084999999999 0.010000000000000009 0.28015899999999994
73 0.4165625 0.5638085 0.024375000000000036 0.284147
73 0.41812499999999997 0.1301095 0.021250000000000047 0.260219
73 0.450625 0.526919 0.050000000000000044 0.38185399999999997
73 0.440625 0.1311065 0.010000000000000009 0.262213
73 0.45718749999999997 0.1321035 0.013124999999999998 0.264207
73 0.479375 0.5493515 0.050000000000000044 0.34097700000000003
73 0.47343749999999996 0.1311065 0.02437499999999998 0.262213
73 0.4915625 0.1291125 0.02562500000000001 0.258225
73 0.51 0.556331 0.04875000000000007 0.32701800000000003
73 0.5146875 0.1291125 0.018125000000000058 0.258225
73 0.53875 0.558325 0.05249999999999999 0.31505400000000006
73 0.5384375 0.1380855 0.024375000000000036 0.276171
73 0.5618749999999999 0.568794 0.04749999999999999 0.34396800000000005
73 0.5615625 0.1380855 0.021874999999999978 0.276171
73 0.5778125000000001 0.5787640000000001 0.018125000000000058 0.31006999999999996
73 0.5828125 0.142074 0.02312499999999995 0.284148
73 0.6046875 0.14008 0.020625000000000004 0.28016
73 0.62 0.5448655 0.05125000000000002 0.373879
73 0.6346875000000001 0.5408775 0.06312499999999999 0.36989099999999997
73 0.6303125 0.14008 0.028125000000000067 0.28016
73 0.65625 0.5558325000000001 0.050000000000000044 0.369891
73 0.6453125 0.1390825 0.02562500000000001 0.278165
73 0.6640625 0.567797 0.0318750000000001 0.34596200000000005
73 0.6653125 0.1445665 0.01937500000000003 0.289133
73 0.6934374999999999 0.1455635 0.03437499999999993 0.291127
73 0.7128125000000001 0.5568295 0.073125 0.363909
73 0.7134375 0.1455635 0.03312499999999996 0.291127
73 0.7365625 0.5802594999999999 0.04312500000000008 0.325025
73 0.7440625000000001 0.1495515 0.028125000000000067 0.299103
73 0.7718750000000001 0.560319 0.04749999999999999 0.38883399999999996
73 0.7703125 0.1525425 0.03437499999999993 0.305085
73 0.784375 0.6021934999999999 0.04249999999999998 0.313061
73 0.808125 0.5533399999999999 0.053749999999999964 0.41874399999999995
73 0.8003125 0.1515455 0.02562500000000001 0.303091
73 0.823125 0.5757725 0.050000000000000044 0.41575300000000004
73 0.8240625 0.1495515 0.024375000000000036 0.299103
73 0.8440624999999999 0.5952145 0.05937500000000007 0.37288099999999996
73 0.848125 0.1545365 0.03875000000000006 0.309073
73 0.875 0.6350945 0.05125000000000002 0.301097
73 0.8834375000000001 0.1555335 0.03187499999999999 0.311067
73 0.90875 0.5628115 0.06500000000000006 0.437687
73 0.9115625 0.1555335 0.021874999999999978 0.311067
73 0.9299999999999999 0.1595215 0.007499999999999951 0.319043
73 0.955625 0.5687935 0.04375000000000007 0.391825
73 0.9528125000000001 0.1605185 0.030625000000000013 0.321037
73 0.9684375000000001 0.6021935 0.06187500000000001 0.40677900000000006
73 0.9846874999999999 0.1595215 0.02937500000000004 0.319043
