73 0.0996875 0.34427800000000003 0.199375 0.305816
73 0.105 0.7096625000000001 0.21 0.363039
73 0.017812500000000002 0.708724 0.034375 0.364916
73 0.11125 0.910882 0.2175 0.17635999999999996
73 0.291875 0.454034 0.10499999999999998 0.170732
73 0.305625 0.6533770000000001 0.10375000000000001 0.199812
73 0.314375 0.8606945 0.08875 0.25046900000000005
73 0.32843750000000005 0.9549719999999999 0.070625 0.08818000000000004
73 0.388125 0.5 0.043749999999999956 0.08630399999999999
73 0.393125 0.6364915 0.04625000000000001 0.12476500000000001
73 0.3996875 0.7565664999999999 0.03812500000000002 0.11538499999999996
73 0.40718750000000004 0.8799250000000001 0.043125000000000024 0.14634200000000008
73 0.4240625 0.9704505 0.033125000000000016 0.057223000000000024
73 0.470625 0.60788 0.011249999999999982 0.06379000000000001
