73 0.0468615 0.24406250000000002 0.093723 0.230625
73 0.050301 0.5028125 0.100602 0.23937500000000006
73 0.0631985 0.045625 0.126397 0.09125
73 0.039123000000000005 0.5396875 0.028374000000000003 0.16562500000000008
73 0.072227 0.26968749999999997 0.07566600000000001 0.18937500000000002
73 0.067498 0.5328125 0.03697400000000001 0.17937500000000006
73 0.10877049999999999 0.5175000000000001 0.062769 0.21000000000000008
73 0.123818 0.2746875 0.07566599999999998 0.165625
73 0.16638 0.0465625 0.08512399999999999 0.093125
73 0.156062 0.26375000000000004 0.03525400000000001 0.185
73 0.1569215 0.5175 0.02837500000000001 0.21999999999999997
73 0.20120349999999998 0.264375 0.07050700000000001 0.18624999999999997
73 0.2037835 0.5071875 0.07566700000000001 0.21687499999999998
73 0.20163399999999998 0.5259375 0.023215999999999987 0.17937499999999995
73 0.253224 0.0446875 0.088564 0.089375
73 0.2295785 0.524375 0.037833000000000006 0.17625000000000002
73 0.24849500000000002 0.515 0.03267400000000001 0.20500000000000007
73 0.2850385 0.513125 0.07308699999999999 0.19125000000000003
73 0.357696 0.029375 0.16681 0.05875
73 0.6470335 0.0378125 0.10060100000000005 0.075625
73 0.7360275000000001 0.0390625 0.05846899999999999 0.076875
73 0.7901975 0.0396875 0.058469000000000104 0.079375
73 0.7927774999999999 0.2434375 0.06362900000000005 0.21187499999999998
73 0.88779 0.0684375 0.06620800000000004 0.12812500000000002
73 0.8748925 0.585 0.030094999999999983 0.03749999999999998
73 0.8925195 0.348125 0.037833000000000006 0.19624999999999998
73 0.895959 0.5900000000000001 0.030954000000000037 0.05500000000000005
73 0.907567 0.3696875 0.02149599999999996 0.166875
73 0.9290625 0.5809375 0.04041300000000003 0.07687500000000003
73 0.923044 0.33625 0.023216000000000014 0.21999999999999997
73 0.9565775000000001 0.06875 0.085125 0.1375
73 0.9432499999999999 0.33218749999999997 0.030954000000000037 0.22562500000000002
73 0.9617370000000001 0.5731250000000001 0.030093999999999954 0.08875
73 0.977644 0.3278125 0.04299200000000003 0.234375
73 0.9871025 0.5775 0.02407500000000007 0.08374999999999999
