73 0.19125 0.306667 0.07874999999999999 0.11000000000000004
73 0.19375 0.4166665 0.07624999999999998 0.12333300000000003
73 0.1921875 0.5095835 0.061874999999999986 0.11083299999999996
73 0.19156250000000002 0.20124999999999998 0.053125000000000006 0.0925
73 0.2675 0.556667 0.07875000000000001 0.10499999999999998
73 0.27125 0.1929165 0.07625000000000001 0.07583300000000001
73 0.2815625 0.3125 0.09687500000000002 0.125
73 0.27999999999999997 0.4433335 0.0875 0.13333300000000003
73 0.2871875 0.6954165 0.09687500000000002 0.18583299999999991
73 0.3771875 0.33916650000000004 0.09937499999999999 0.12666700000000003
73 0.3859375 0.16625 0.10812500000000003 0.1325
73 0.3915625 0.7541665 0.104375 0.151667
73 0.38593750000000004 0.48541650000000003 0.09062500000000001 0.144167
73 0.37625 0.6233329999999999 0.06624999999999998 0.10999999999999999
73 0.5521875 0.7370829999999999 0.0981249999999999 0.1825
73 0.5809375 0.36083350000000003 0.14937500000000004 0.16666699999999995
73 0.5640624999999999 0.5416665 0.11312500000000003 0.208333
73 0.5803125 0.125417 0.145625 0.1925
73 0.5759375 0.9041669999999999 0.13187499999999996 0.19000000000000006
73 0.600625 0.5770835000000001 0.06874999999999998 0.12416700000000003
