73 0.41906249999999995 0.5120835 0.833125 0.814167
73 0.1009375 0.57125 0.05562500000000001 0.690834
73 0.159375 0.5266665 0.16 0.738333
73 0.1271875 0.5466665 0.085625 0.716667
73 0.4303125 0.924167 0.47687499999999994 0.15000000000000002
73 0.27 0.567083 0.06375 0.6275
73 0.3409375 0.5145835 0.203125 0.665833
73 0.3225 0.5629165 0.04625000000000001 0.600833
73 0.576875 0.4425 0.31000000000000005 0.676666
73 0.5334375 0.4895835 0.21062500000000006 0.6641670000000001
73 0.4584375 0.572917 0.05062500000000003 0.5325
73 0.5128125 0.5625 0.09437500000000004 0.5149999999999999
73 0.7575000000000001 0.48791650000000003 0.15000000000000002 0.550833
