73 0.1246275 0.6179525 0.012909000000000004 0.02818900000000002
73 0.1320755 0.3508905 0.02581900000000001 0.04302700000000004
73 0.126614 0.5 0.012909999999999991 0.038576
73 0.1633565 0.4005935 0.08639499999999999 0.04451099999999997
73 0.14002 0.4554895 0.033764000000000016 0.04451099999999997
73 0.1643495 0.351632 0.032770999999999995 0.038576000000000055
73 0.1906655 0.347923 0.015889000000000014 0.048962000000000006
73 0.245283 0.5140945 0.11122199999999999 0.06973300000000004
73 0.216981 0.3508905 0.02879799999999999 0.04302700000000004
73 0.23336649999999998 0.5727005000000001 0.05759699999999998 0.05044499999999996
73 0.246276 0.393175 0.07944399999999999 0.029673999999999978
73 0.249255 0.43546 0.07745800000000003 0.051927999999999974
73 0.2204565 0.468843 0.017874999999999974 0.008901999999999965
73 0.2303875 0.655786 0.029791000000000012 0.07418400000000003
73 0.2621645 0.743323 0.06156900000000001 0.07418399999999992
73 0.24230400000000002 0.3501485 0.013901999999999998 0.04154300000000005
73 0.2626615 0.6379825 0.03475700000000001 0.05044500000000007
73 0.2591855 0.352374 0.019861000000000018 0.037092000000000014
73 0.2691165 0.3494065 0.019860999999999962 0.04599500000000001
73 0.2909635 0.6275965 0.023832999999999993 0.04154300000000011
73 0.2989075 0.36201799999999995 0.025819000000000036 0.044509999999999994
73 0.329692 0.353116 0.03972199999999998 0.038576
73 0.331182 0.398368 0.028798000000000046 0.040059999999999985
73 0.347567 0.6305635 0.02184799999999998 0.05934699999999993
73 0.369414 0.38798200000000005 0.04369400000000001 0.054896
73 0.37487550000000003 0.4406525 0.042701000000000044 0.05044499999999996
73 0.3798415 0.593472 0.04270099999999999 0.06231399999999998
73 0.367428 0.6238870000000001 0.015887999999999958 0.06676599999999999
73 0.3763655 0.3353115 0.03376299999999999 0.05341299999999999
73 0.3763655 0.712166 0.03376299999999999 0.07418400000000003
73 0.3783515 0.4873885 0.03574900000000003 0.04302699999999998
73 0.377855 0.5400595 0.02085400000000004 0.04451099999999997
73 0.3843095 0.6209195000000001 0.013902999999999999 0.06083099999999997
73 0.41857 0.3256675 0.05859000000000003 0.06973300000000004
73 0.4210525 0.438427 0.053625000000000034 0.054896
73 0.4250245 0.3768545 0.06156900000000004 0.06231500000000001
73 0.421549 0.5489615 0.04866000000000004 0.05044500000000007
73 0.42850049999999995 0.681009 0.06057499999999999 0.09198799999999996
73 0.42303900000000005 0.4925815 0.04568 0.05341299999999999
73 0.42899699999999996 0.6209195000000001 0.05560999999999999 0.06973299999999993
73 0.4865935 0.333828 0.021847000000000005 0.04747800000000002
73 0.527309 0.7833829999999999 0.07745800000000003 0.02967400000000009
73 0.496028 0.41023750000000003 0.012910000000000033 0.02225499999999997
73 0.5099305000000001 0.3924335 0.032770999999999995 0.04896100000000003
73 0.51142 0.3360535 0.03376400000000007 0.04896100000000003
73 0.512413 0.4651335 0.035750000000000004 0.057863
73 0.513406 0.704006 0.02979200000000004 0.054896000000000056
73 0.52284 0.5890205 0.02283999999999997 0.041543
73 0.5183715 0.6439165 0.009931000000000023 0.05044500000000007
73 0.551142 0.34273 0.033764000000000016 0.038576
73 0.5650445 0.37982150000000003 0.05759700000000001 0.05044500000000002
73 0.549652 0.465875 0.02085400000000004 0.04747800000000002
73 0.560079 0.42507399999999995 0.04170800000000008 0.03412399999999999
73 0.5585895 0.5600890000000001 0.03674299999999997 0.051928000000000085
73 0.553625 0.5126109999999999 0.024826000000000015 0.037092000000000014
73 0.5556110000000001 0.6112755000000001 0.02879799999999999 0.041543
73 0.582423 0.3353115 0.02283999999999997 0.03857499999999997
73 0.6295925 0.3308605 0.06355500000000003 0.04451099999999997
73 0.6330685 0.37388750000000004 0.06653500000000001 0.05044500000000002
73 0.637537 0.4243325 0.05163799999999996 0.04451099999999997
73 0.7030784999999999 0.31676550000000003 0.025818999999999925 0.04005900000000001
73 0.699603 0.36275999999999997 0.016881999999999953 0.028189999999999993
73 0.7447865 0.416172 0.037735000000000074 0.040059999999999985
73 0.745283 0.380564 0.03475600000000001 0.037092000000000014
73 0.7467725000000001 0.3382785 0.0337630000000001 0.041543
73 0.7596825 0.589763 0.05759700000000001 0.04599399999999998
73 0.7462759999999999 0.498516 0.018867999999999996 0.038576000000000055
73 0.754717 0.5393175 0.025819999999999954 0.03412499999999996
73 0.765144 0.4599405 0.04071400000000003 0.03857499999999997
73 0.8718969999999999 0.8575664999999999 0.25422 0.281899
73 0.7730885000000001 0.4191395 0.03078499999999995 0.03115699999999999
73 0.774578 0.4985165 0.033764000000000016 0.041543
73 0.7785500000000001 0.379822 0.02979199999999993 0.038576
73 0.776564 0.3382785 0.023834000000000022 0.041543
73 0.776564 0.5445105 0.023834000000000022 0.04451099999999997
73 0.824727 0.456231 0.02283999999999997 0.037092000000000014
73 0.8262164999999999 0.323442 0.019861000000000018 0.026706000000000008
73 0.8262164999999999 0.35608300000000004 0.019861000000000018 0.044509999999999994
73 0.8282025 0.41023699999999996 0.023832999999999993 0.045994000000000035
73 0.8291955 0.59273 0.025819000000000036 0.037092000000000014
73 0.826713 0.5 0.016881999999999953 0.038576
73 0.8326709999999999 0.5445105 0.026811999999999947 0.05044500000000007
73 0.851539 0.394659 0.018867999999999996 0.047477999999999965
73 0.8535250000000001 0.5155784999999999 0.02085400000000004 0.03115699999999999
73 0.853525 0.482196 0.01489600000000002 0.029673999999999978
73 0.864945 0.32344249999999997 0.03773599999999999 0.05044500000000002
73 0.864945 0.44065299999999996 0.03773599999999999 0.038576
73 0.875869 0.39762600000000003 0.015888000000000013 0.038576
