73 0.033125 0.42843149999999997 0.013750000000000002 0.20588299999999998
73 0.0715625 0.6392154999999999 0.085625 0.596079
73 0.0625 0.34411749999999997 0.06 0.27647099999999997
73 0.14125 0.647059 0.0875 0.6196079999999999
73 0.1621875 0.26862749999999996 0.07562500000000001 0.43921499999999997
73 0.19125 0.0617645 0.048750000000000016 0.10392100000000001
73 0.21281250000000002 0.2764705 0.079375 0.47058900000000004
73 0.216875 0.6911765000000001 0.08500000000000002 0.519607
73 0.2771875 0.689216 0.061874999999999986 0.515686
73 0.27312499999999995 0.170588 0.04375000000000001 0.16078399999999998
73 0.2815625 0.12549 0.046875 0.160784
73 0.32125 0.3411765 0.09375 0.43921499999999997
73 0.3590625 0.6911765 0.09937499999999999 0.46078499999999994
73 0.419375 0.3039215 0.10250000000000004 0.321569
73 0.4121875 0.6764705 0.073125 0.46666699999999994
73 0.47812499999999997 0.6970585 0.09999999999999998 0.401961
73 0.49187499999999995 0.377451 0.10374999999999995 0.382352
73 0.5275000000000001 0.6852944999999999 0.08875 0.417647
73 0.556875 0.34901950000000004 0.057499999999999996 0.349019
73 0.6090625000000001 0.6794115000000001 0.11562499999999998 0.437255
73 0.594375 0.4235295 0.05499999999999994 0.46666699999999994
73 0.6040625 0.194118 0.07437499999999997 0.290196
73 0.6396875 0.269608 0.07437499999999997 0.390196
73 0.6525000000000001 0.687255 0.09999999999999998 0.44509799999999994
73 0.6659375000000001 0.2794115 0.09062500000000007 0.401961
73 0.6953125 0.28921600000000003 0.09062499999999996 0.39019600000000004
73 0.69875 0.737255 0.08999999999999997 0.3215680000000001
73 0.6959375 0.557843 0.023125000000000062 0.06078399999999995
73 0.733125 0.7656864999999999 0.06874999999999998 0.27254900000000004
73 0.7690625 0.8156865 0.05437500000000006 0.21176499999999998
73 0.8446875 0.7166665 0.12812499999999993 0.401961
73 0.8915625 0.715686 0.12437500000000001 0.45490200000000003
73 0.880625 0.5068625 0.05624999999999991 0.07647099999999996
73 0.943125 0.753922 0.11250000000000004 0.40980400000000006
