73 0.24947899999999998 0.2710935 0.486458 0.154687
73 0.2515625 0.6472659999999999 0.430209 0.127344
73 0.2333335 0.770703 0.366667 0.16171800000000003
73 0.41874999999999996 0.1265625 0.164584 0.140625
73 0.6390625 0.483203 0.13229099999999994 0.06015599999999999
73 0.7250000000000001 0.270703 0.29583400000000004 0.08984399999999998
73 0.6994795 0.6667965 0.24062499999999998 0.142969
73 0.777604 0.18164049999999998 0.186458 0.09609300000000001
73 0.746875 0.48398450000000004 0.11875000000000002 0.038281000000000065
73 0.7901045 0.5621095 0.109375 0.05390700000000004
