73 0.3203125 0.6810510000000001 0.18437499999999998 0.10506599999999999
73 0.3303125 0.804878 0.189375 0.10319
73 0.3253125 0.45591 0.17437499999999997 0.10131400000000002
73 0.3125 0.5783305000000001 0.14125 0.10037499999999999
73 0.3015625 0.956379 0.114375 0.03658600000000001
73 0.3303125 0.33114449999999995 0.171875 0.07879900000000001
73 0.5103125 0.49343349999999997 0.188125 0.09943699999999994
73 0.518125 0.599437 0.19125000000000003 0.0919319999999999
73 0.5153125000000001 0.2570355 0.17812499999999998 0.09568499999999999
73 0.52 0.37429650000000003 0.1875 0.09193299999999999
73 0.71625 0.25891200000000003 0.20499999999999996 0.123828
73 0.71625 0.381332 0.20499999999999996 0.113508
73 0.6328125 0.5501875 0.03562500000000002 0.098499
73 0.870625 0.9704505 0.25750000000000006 0.057223000000000024
73 0.77 0.5656665 0.04625000000000001 0.09756100000000001
73 0.7825 0.815666 0.053749999999999964 0.10225200000000001
73 0.7684375000000001 0.7002815 0.020625000000000004 0.06660500000000003
73 0.790625 0.567542 0.05125000000000002 0.08630399999999994
73 0.8078125 0.7049719999999999 0.026874999999999982 0.07223199999999996
73 0.9084375 0.40384600000000004 0.181875 0.12476599999999999
73 0.9115625 0.693715 0.17562500000000003 0.10787999999999998
73 0.9121874999999999 0.8466229999999999 0.17437500000000006 0.12851800000000002
73 0.9146875 0.5576925 0.16937500000000005 0.12101300000000004
73 0.8740625 0.24249549999999997 0.07562499999999994 0.094747
73 0.910625 0.847561 0.04875000000000007 0.10225200000000001
73 0.9512499999999999 0.249531 0.057499999999999996 0.08442799999999998
