73 0.00625 0.7467045 0.0125 0.07721299999999998
73 0.0275 0.629473 0.055 0.0838040000000001
73 0.035 0.2316385 0.07 0.08662900000000001
73 0.0390625 0.5188325 0.078125 0.08474499999999996
73 0.0434375 0.3399245 0.086875 0.067797
73 0.045312500000000006 0.43079100000000004 0.041875 0.06308799999999998
73 0.0396875 0.7372879999999999 0.025625 0.0828620000000001
73 0.1459375 0.7095100000000001 0.130625 0.108286
73 0.13375 0.6195855 0.09875 0.090395
73 0.1559375 0.5136535 0.138125 0.09887099999999993
73 0.17281249999999998 0.44962349999999995 0.171875 0.036723000000000006
73 0.1703125 0.35734449999999995 0.164375 0.095103
73 0.15875 0.267891 0.13624999999999998 0.108286
73 0.210625 0.6129945 0.04500000000000001 0.058381000000000016
73 0.2321875 0.532015 0.03437500000000002 0.06591400000000003
