73 0.0703125 0.139583 0.108125 0.1825
73 0.0659375 0.6733335 0.108125 0.146667
73 0.0596875 0.8375 0.093125 0.15833399999999997
73 0.0609375 0.5066665 0.093125 0.151667
73 0.060625 0.34750000000000003 0.07250000000000001 0.11166599999999999
73 0.105 0.8545834999999999 0.07749999999999999 0.1308330000000001
73 0.1359375 0.5129170000000001 0.098125 0.15249999999999997
73 0.130625 0.34625 0.0725 0.129166
73 0.15812500000000002 0.6904165 0.07375000000000001 0.13583299999999998
73 0.184375 0.168333 0.11250000000000002 0.13999999999999999
73 0.15187499999999998 0.869167 0.0325 0.10499999999999998
73 0.1875 0.8695835000000001 0.07750000000000001 0.13916699999999993
73 0.2025 0.342083 0.07625000000000001 0.1325
73 0.2034375 0.5266665 0.06562499999999999 0.12166700000000003
73 0.224375 0.6979165 0.07374999999999998 0.1308330000000001
73 0.260625 0.8720835 0.07874999999999999 0.12416699999999992
73 0.2765625 0.164167 0.11062499999999997 0.155
73 0.2675 0.52875 0.0675 0.12583400000000006
73 0.2740625 0.34875 0.06937500000000002 0.124166
73 0.291875 0.6954165 0.07250000000000001 0.1358330000000001
73 0.3403125 0.5216665 0.08937499999999998 0.143333
73 0.3303125 0.8841669999999999 0.05312499999999998 0.09999999999999998
73 0.348125 0.350417 0.08124999999999999 0.1375
73 0.3740625 0.1658335 0.109375 0.158333
73 0.3728125 0.7141665 0.08437499999999998 0.10833300000000001
73 0.405 0.8541665 0.10249999999999998 0.16333300000000006
73 0.421875 0.5275 0.07625000000000004 0.14499999999999996
73 0.41781250000000003 0.35875 0.06312500000000004 0.11083399999999999
73 0.4553125 0.8583335000000001 0.09437499999999993 0.15833299999999995
73 0.443125 0.7066665000000001 0.0625 0.11666699999999997
73 0.4734375 0.170833 0.09437499999999999 0.155
73 0.4978125 0.3466665 0.09437500000000004 0.141667
73 0.49312500000000004 0.5379165 0.07375000000000004 0.13083300000000003
73 0.50125 0.8583335 0.08499999999999996 0.151667
73 0.5140625 0.6875 0.09562500000000002 0.1616660000000001
73 0.595625 0.182917 0.15749999999999997 0.13749999999999996
73 0.5496875 0.3666665 0.05812499999999998 0.11166699999999996
73 0.57125 0.53375 0.07999999999999996 0.14249999999999996
73 0.5709375 0.8754165 0.06437500000000007 0.12416700000000003
73 0.594375 0.7170835 0.08000000000000007 0.11416700000000002
73 0.595625 0.35333349999999997 0.08250000000000002 0.148333
73 0.6296875 0.8729165 0.05062500000000003 0.12916700000000003
73 0.653125 0.53625 0.08124999999999993 0.13749999999999996
73 0.653125 0.36750000000000005 0.06375000000000008 0.11666599999999999
73 0.6775 0.71625 0.08875 0.119166
73 0.6978125 0.3508335 0.09562499999999996 0.156667
73 0.7071875000000001 0.8866665 0.09437499999999999 0.10166699999999995
73 0.7003125 0.19708350000000002 0.06437500000000007 0.120833
73 0.7268749999999999 0.54125 0.0737500000000001 0.14083399999999996
73 0.77 0.7058335 0.10624999999999996 0.1366670000000001
73 0.770625 0.19874999999999998 0.07125000000000004 0.12416599999999997
73 0.7953125000000001 0.36166699999999996 0.104375 0.15999999999999998
73 0.8003125 0.8704165 0.08687500000000004 0.14083299999999999
73 0.8046875 0.53875 0.08812500000000001 0.14583399999999996
73 0.850625 0.1720835 0.11249999999999993 0.18416699999999997
73 0.88625 0.7083330000000001 0.13124999999999998 0.12
73 0.8915625 0.8525 0.10062499999999996 0.15000000000000002
73 0.8978125 0.5308335 0.11312499999999992 0.15166699999999994
73 0.8978124999999999 0.361667 0.10312500000000002 0.15000000000000002
73 0.9340625 0.20958349999999998 0.07187500000000002 0.119167
