73 0.1088865 0.656901 0.217773 0.19661399999999996
73 0.15625 0.920573 0.3125 0.15625
73 0.1430665 0.8079430000000001 0.276367 0.251302
73 0.0927735 0.4921875 0.083985 0.11197900000000005
73 0.161133 0.4772135 0.076172 0.11067700000000003
73 0.286621 0.402344 0.07324199999999997 0.24218799999999996
73 0.405762 0.4108075 0.09082000000000001 0.23046900000000003
73 0.6264645 0.28515650000000003 0.174805 0.080729
73 0.6191405000000001 0.573568 0.12304700000000002 0.12109400000000003
73 0.6381835 0.3828125 0.15332100000000004 0.08854099999999998
73 0.6381835 0.4713545 0.15136700000000003 0.11197900000000005
73 0.6171875 0.661458 0.10742099999999999 0.125
73 0.6171875 0.7408855 0.10742099999999999 0.140625
73 0.6933594999999999 0.610026 0.027343000000000006 0.06640600000000008
73 0.8579105 0.30013 0.12011700000000003 0.061197999999999975
73 0.8598635 0.43294299999999997 0.094727 0.06380199999999997
73 0.863281 0.369792 0.10156200000000004 0.0625
73 0.859375 0.485677 0.08593800000000007 0.07031199999999999
73 0.8603514999999999 0.554687 0.08593700000000004 0.09375
73 0.9414065 0.376953 0.046875 0.227864
