73 0.1203125 0.554409 0.079375 0.609756
73 0.5009374999999999 0.5197 0.7943749999999999 0.701688
73 0.173125 0.5506565 0.11625 0.621013
73 0.2284375 0.552533 0.075625 0.6097560000000001
73 0.2634375 0.5487805 0.06437500000000002 0.621013
73 0.29875 0.5487805 0.04749999999999999 0.6022510000000001
73 0.325 0.556285 0.05125000000000002 0.6247659999999999
73 0.371875 0.552064 0.08875 0.650094
73 0.4140625 0.5506565 0.03687499999999999 0.621013
73 0.445625 0.5389305 0.05874999999999997 0.648217
73 0.5078125 0.5304880000000001 0.07562500000000005 0.6500940000000001
73 0.5609375 0.5478425 0.07687500000000003 0.626641
73 0.605625 0.5797375 0.06125000000000003 0.547843
73 0.651875 0.575985 0.04125000000000001 0.547842
73 0.684375 0.582552 0.04749999999999999 0.5197
73 0.7190624999999999 0.5816135 0.03187499999999999 0.5328329999999999
73 0.76 0.5853659999999999 0.06499999999999995 0.536586
73 0.81125 0.5769235 0.08625000000000005 0.5309569999999999
73 0.865 0.5816135 0.06000000000000005 0.5365850000000001
