73 0.055 0.666875 0.11 0.17625000000000002
73 0.0641665 0.878125 0.128333 0.18125000000000002
73 0.1716665 0.45375 0.343333 0.20750000000000002
73 0.600833 0.12125 0.245 0.09000000000000001
73 0.6991670000000001 0.27875 0.245 0.1425
73 0.8200000000000001 0.11499999999999999 0.21000000000000008 0.085
73 0.8408335 0.276875 0.04833299999999996 0.13125000000000003
73 0.9075 0.47500000000000003 0.181666 0.14
73 0.9266665000000001 0.874375 0.14333300000000004 0.13624999999999998
73 0.9325 0.2725 0.13166600000000006 0.13000000000000003
