73 0.12875 0.565 0.2575 0.12124999999999997
73 0.13125 0.7009375 0.2625 0.12687500000000007
73 0.2041665 0.436875 0.408333 0.11125000000000002
73 0.2245835 0.22000000000000003 0.449167 0.08375000000000002
73 0.2258335 0.3215625 0.451667 0.109375
73 0.235 0.12000000000000001 0.433334 0.10250000000000001
73 0.1595835 0.9475 0.140833 0.10375000000000001
73 0.51875 0.956875 0.10249999999999992 0.08499999999999996
73 0.8241670000000001 0.2490625 0.35 0.08687499999999998
73 0.8254170000000001 0.4659375 0.34750000000000003 0.11812500000000004
73 0.82875 0.34750000000000003 0.3408340000000001 0.10249999999999998
73 0.7508330000000001 0.1465625 0.18000000000000005 0.094375
73 0.8620835 0.5778125 0.27416700000000005 0.109375
73 0.889167 0.7068749999999999 0.21999999999999997 0.11750000000000005
