73 0.0109375 0.536667 0.021875 0.15999999999999998
73 0.055 0.12583350000000001 0.11 0.203333
73 0.0653125 0.9179170000000001 0.130625 0.16249999999999998
73 0.0678125 0.745833 0.135625 0.20999999999999996
73 0.029687500000000002 0.5345835 0.056875 0.170833
73 0.059375 0.33999999999999997 0.11624999999999999 0.14666600000000002
73 0.0834375 0.0379165 0.109375 0.075833
73 0.0853125 0.541667 0.06437499999999999 0.14999999999999997
73 0.124375 0.5329165 0.05374999999999999 0.14583299999999993
73 0.24125000000000002 0.2258335 0.19750000000000004 0.216667
73 0.24906250000000002 0.1145835 0.21312500000000004 0.229167
73 0.246875 0.37375 0.19875 0.15916599999999997
73 0.2525 0.6870835 0.19999999999999998 0.16916699999999996
73 0.25125 0.5304165000000001 0.195 0.14416700000000005
73 0.263125 0.8362499999999999 0.2025 0.235834
73 0.4 0.23 0.10500000000000004 0.14666600000000002
73 0.40531249999999996 0.3258335 0.09687499999999999 0.10666699999999996
73 0.4096875 0.4341665 0.09312500000000001 0.086667
73 0.4121875 0.53625 0.08812500000000001 0.08416599999999996
73 0.4165625 0.6383335 0.08687500000000004 0.10166699999999995
73 0.4184375 0.7404165 0.09062500000000001 0.13083299999999998
73 0.538125 0.42874999999999996 0.14375 0.07583400000000001
73 0.563125 0.52 0.19375000000000003 0.04833399999999993
73 0.5240625 0.6475 0.10437500000000005 0.14500000000000002
73 0.7084375 0.5866665 0.05812500000000009 0.098333
73 0.8143750000000001 0.765 0.008749999999999925 0.05499999999999994
73 0.826875 0.65375 0.012499999999999956 0.08416600000000007
73 0.844375 0.8791665 0.03499999999999992 0.15333300000000005
73 0.8421875 0.4616665 0.023125000000000062 0.06166699999999997
73 0.8596874999999999 0.7245835 0.05312499999999998 0.12916699999999992
73 0.933125 0.612083 0.13250000000000006 0.23249999999999998
73 0.89 0.4116665 0.03125 0.11666699999999997
73 0.905625 0.2375 0.03125 0.10333400000000001
73 0.96875 0.32916650000000003 0.06125000000000003 0.206667
73 0.9809375 0.10541650000000001 0.03687499999999999 0.130833
