73 0.0715625 0.358641 0.125625 0.16982999999999998
73 0.1209375 0.230769 0.11937500000000001 0.10989000000000002
73 0.163125 0.49900100000000003 0.175 0.21278800000000003
73 0.16 0.1113885 0.09999999999999999 0.12487500000000001
73 0.190625 0.3241755 0.11750000000000002 0.174825
73 0.22718750000000001 0.171828 0.12187500000000001 0.15184799999999998
73 0.2471875 0.592408 0.079375 0.13386599999999993
73 0.2778125 0.45504500000000003 0.128125 0.17482599999999998
73 0.320625 0.3151845 0.19874999999999998 0.12287699999999996
73 0.3090625 0.21228750000000002 0.12437500000000001 0.146853
73 0.294375 0.6068935 0.08750000000000002 0.12487499999999996
73 0.33999999999999997 0.100899 0.12125000000000002 0.08791200000000002
73 0.3684375 0.458042 0.12687500000000002 0.19280799999999998
73 0.3565625 0.6558444999999999 0.09062499999999996 0.13686300000000007
73 0.44281249999999994 0.197802 0.128125 0.15184800000000004
73 0.44499999999999995 0.5024975 0.11374999999999996 0.173827
73 0.46687500000000004 0.347652 0.10375000000000006 0.14785199999999998
73 0.5421875 0.4755245 0.08062500000000006 0.09990100000000002
73 0.555625 0.191808 0.10750000000000004 0.15584400000000004
73 0.566875 0.36063900000000004 0.10125000000000006 0.16583399999999998
73 0.6615625 0.198801 0.1193749999999999 0.16983000000000004
73 0.7737499999999999 0.210789 0.10124999999999995 0.153846
73 0.8812500000000001 0.35664300000000004 0.10999999999999999 0.15384599999999998
73 0.88375 0.5124875 0.10750000000000004 0.161839
73 0.8740625 0.22777200000000003 0.08062500000000006 0.11188800000000002
73 0.9628125000000001 0.374625 0.073125 0.16383599999999998
