73 0.0409375 0.1144465 0.081875 0.09943700000000001
73 0.0721875 0.2213885 0.144375 0.21388300000000002
73 0.0928125 0.045966 0.134375 0.091932
73 0.16625 0.07879950000000001 0.15875 0.140713
73 0.2740625 0.355066 0.233125 0.25797400000000004
73 0.2565625 0.116323 0.17562499999999998 0.172608
73 0.4065625 0.1913695 0.188125 0.223265
73 0.544375 0.2654785 0.20499999999999996 0.25140699999999994
73 0.6071875 0.628049 0.296875 0.34240200000000004
73 0.68125 0.3447465 0.19500000000000006 0.27485899999999996
73 0.83125 0.44746699999999995 0.22250000000000003 0.311444
73 0.926875 0.878987 0.14500000000000002 0.24014999999999997
73 0.9415625000000001 0.586773 0.11562499999999998 0.31801199999999996
