73 0.28875 0.9509375 0.10250000000000004 0.07687500000000003
73 0.39291699999999996 0.95375 0.10249999999999998 0.07499999999999996
73 0.39166650000000003 0.8171875 0.06833300000000003 0.048125000000000084
73 0.4445835 0.7334375 0.05416700000000002 0.04437499999999994
73 0.459167 0.8078125 0.08000000000000002 0.06312499999999999
73 0.47750000000000004 0.9615625000000001 0.09333400000000003 0.073125
73 0.478333 0.6837500000000001 0.050000000000000044 0.02375000000000005
73 0.4933335 0.73 0.05666699999999997 0.023749999999999938
73 0.53125 0.8171875 0.07749999999999996 0.05812499999999998
73 0.515 0.6581250000000001 0.03666599999999992 0.01749999999999996
73 0.5458335 0.731875 0.06666700000000003 0.02749999999999997
73 0.5379165 0.68625 0.04583300000000001 0.022499999999999964
73 0.5570835000000001 0.65125 0.03416699999999995 0.013749999999999929
73 0.57875 0.6871875000000001 0.04083400000000004 0.020625000000000004
73 0.59375 0.6515625 0.03416599999999992 0.016875000000000084
73 0.755417 0.6515625 0.09749999999999992 0.016875000000000084
73 0.7370835 0.68125 0.03916699999999995 0.022499999999999964
73 0.7545835 0.7340625000000001 0.05916699999999997 0.04937500000000006
73 0.7795835 0.8203125 0.05916699999999997 0.05812499999999998
73 0.79375 0.6837500000000001 0.05249999999999999 0.01749999999999996
73 0.8158335 0.7281249999999999 0.06333300000000008 0.04749999999999999
73 0.834167 0.6803125000000001 0.050000000000000044 0.020625000000000004
73 0.8420835 0.80625 0.06583300000000003 0.07000000000000006
73 0.8679165 0.9646875 0.09083299999999994 0.06937499999999996
73 0.8783335000000001 0.7334375 0.05166700000000002 0.04062500000000002
73 0.925 0.809375 0.068334 0.06375000000000008
73 0.95625 0.9646875 0.08583400000000008 0.06687500000000002
73 0.9579169999999999 0.6434375 0.04749999999999999 0.02562500000000001
