73 0.0184375 0.1954165 0.036875 0.18416699999999997
73 0.025625 0.0258335 0.05125 0.051667
73 0.1434375 0.5379165 0.249375 0.339167
73 0.1365625 0.3825 0.18562499999999998 0.08833400000000002
73 0.2946875 0.235 0.481875 0.301666
73 0.38468749999999996 0.905 0.325625 0.188334
73 0.41375 0.1433335 0.23624999999999996 0.156667
73 0.609375 0.19083350000000002 0.12874999999999992 0.216667
73 0.9146875 0.5404165000000001 0.16437499999999994 0.12416700000000003
73 0.9059375000000001 0.3641665 0.13812499999999994 0.11833300000000002
