73 0.068125 0.532717 0.0575 0.08392599999999995
73 0.0690625 0.6066855 0.059375000000000004 0.07539099999999999
73 0.06937499999999999 0.760313 0.052500000000000005 0.061166000000000054
73 0.06875 0.6820765 0.04625 0.06401100000000004
73 0.1671875 0.401138 0.02687500000000001 0.440968
73 0.1746875 0.7802279999999999 0.029374999999999984 0.095306
73 0.24062499999999998 0.756757 0.10250000000000001 0.190612
73 0.24 0.3342815 0.09625000000000003 0.09103899999999998
73 0.24062499999999998 0.22759600000000002 0.0975 0.08819400000000002
73 0.24375000000000002 0.458037 0.09875000000000003 0.10526400000000002
73 0.246875 0.5846375 0.1 0.15362699999999996
73 0.45406250000000004 0.2887625 0.03437499999999999 0.08250299999999997
73 0.4546875 0.3492175 0.03562499999999996 0.049787000000000026
73 0.45406250000000004 0.403983 0.029374999999999984 0.07396799999999998
73 0.45406250000000004 0.4687055 0.026875000000000038 0.07254699999999997
73 0.4565625 0.5291604999999999 0.03187499999999999 0.08534900000000001
73 0.45781249999999996 0.5817920000000001 0.029374999999999984 0.09672800000000004
