73 0.122697 0.0728125 0.245394 0.145625
73 0.1235345 0.2328125 0.247069 0.164375
73 0.1281405 0.7521875 0.256281 0.166875
73 0.1306535 0.580625 0.261307 0.1725
73 0.132747 0.9203125000000001 0.265494 0.15812499999999996
73 0.512563 0.2396875 0.530988 0.16062500000000002
73 0.503769 0.07125 0.50335 0.1425
73 0.5062815 0.5828125 0.489949 0.17437500000000006
73 0.332077 0.7546875 0.133166 0.155625
73 0.35845899999999997 0.39937500000000004 0.16750400000000004 0.15875
73 0.500419 0.811875 0.24036800000000003 0.05125000000000002
73 0.60469 0.43437499999999996 0.31155799999999995 0.11625000000000002
73 0.6721105 0.9209375 0.15829100000000007 0.156875
73 0.715243 0.769375 0.06197600000000003 0.14375000000000004
73 0.875209 0.926875 0.24790599999999996 0.14500000000000002
73 0.789782 0.2396875 0.06365200000000004 0.14687499999999998
73 0.878559 0.7521875 0.24120600000000003 0.16437499999999994
73 0.8345895 0.40437500000000004 0.14824100000000007 0.14875
73 0.884003 0.1159375 0.23031800000000002 0.066875
73 0.8852595 0.5840624999999999 0.22780500000000004 0.155625
73 0.961055 0.2821875 0.076214 0.06812499999999996
