73 0.0882645 0.6210525 0.176529 0.11578899999999992
73 0.1055225 0.3019735 0.211045 0.12236899999999998
73 0.11785 0.875 0.2357 0.15789399999999998
73 0.1247535 0.0842105 0.249507 0.168421
73 0.4122285 0.8401315 0.167653 0.16447299999999998
73 0.4161735 0.6203945 0.149901 0.11710500000000001
73 0.45364899999999997 0.1388155 0.07495000000000002 0.13289499999999999
73 0.4679485 0.3361845 0.054240999999999984 0.10657899999999998
73 0.7785995 0.34671050000000003 0.4408289999999999 0.167105
73 0.7825445 0.6236845 0.43293899999999996 0.12894700000000003
73 0.628205 0.8447370000000001 0.12228799999999995 0.11315799999999998
73 0.7830375 0.129605 0.4319529999999999 0.22499999999999998
73 0.78501 0.8342105 0.143984 0.13947299999999996
73 0.918146 0.916447 0.14990199999999998 0.05131599999999992
