73 0.0989375 0.1083015 0.197875 0.191793
73 0.1085655 0.3525765 0.217131 0.25286299999999995
73 0.116866 0.6273855 0.233732 0.26049700000000003
73 0.122842 0.8349234999999999 0.245684 0.22900700000000007
73 0.4110225 0.071565 0.40770300000000004 0.14313
73 0.4223105 0.2385495 0.415671 0.208015
73 0.311421 0.5405535 0.14475399999999997 0.30057300000000003
73 0.445551 0.8139315 0.39043799999999995 0.21564899999999998
73 0.456507 0.9575385000000001 0.36852599999999996 0.08301499999999995
73 0.823705 0.0791985 0.35126199999999996 0.158397
73 0.810425 0.562977 0.32204599999999994 0.25190799999999997
73 0.8276895 0.282443 0.34329299999999996 0.25954200000000005
73 0.8273575 0.975191 0.334661 0.040076
73 0.7782205 0.820611 0.22841899999999993 0.21946599999999994
