73 0.4156255 0.0875 0.078125 0.07083400000000001
73 0.421875 0.167708 0.07812600000000003 0.08124999999999999
73 0.4242185 0.3333335 0.067187 0.07083300000000003
73 0.43281250000000004 0.420833 0.03437499999999999 0.04999999999999999
73 0.5000005000000001 0.08958350000000001 0.09062500000000007 0.083333
73 0.5062500000000001 0.178125 0.08750000000000002 0.08124999999999999
73 0.5109375 0.2604165 0.08750099999999994 0.07083300000000001
73 0.6773435 0.31354150000000003 0.07031300000000007 0.052083000000000046
73 0.6875 0.175 0.08125000000000004 0.07083399999999998
73 0.689844 0.1041665 0.08593800000000007 0.05833300000000001
73 0.8617185 0.236458 0.089063 0.05625000000000002
73 0.8656245 0.175 0.09062499999999996 0.058334
73 0.8695315 0.11875 0.09218700000000002 0.06666599999999999
