73 0.055625 0.4141665 0.11125 0.07833299999999999
73 0.045625 0.28 0.08625 0.10333399999999998
73 0.050625 0.1083335 0.09125 0.116667
73 0.685 0.23833300000000002 0.2699999999999999 0.12000000000000002
73 0.606875 0.41000000000000003 0.10875000000000001 0.10666599999999998
73 0.59125 0.0925 0.0724999999999999 0.118334
73 0.655625 0.09 0.04875000000000007 0.10333399999999998
73 0.8325 0.0725 0.04249999999999998 0.145
73 0.8674999999999999 0.2391665 0.02749999999999997 0.14833299999999996
73 0.931875 0.07 0.13375000000000004 0.14
