73 0.07875 0.520417 0.13999999999999999 0.9575
73 0.15437499999999998 0.5058335 0.05374999999999999 0.9866670000000001
73 0.2453125 0.51375 0.130625 0.970834
73 0.270625 0.5395835 0.04374999999999998 0.9191670000000001
73 0.3340625 0.54375 0.06187500000000001 0.910834
73 0.384375 0.547917 0.04624999999999996 0.9025000000000001
73 0.501875 0.5445835 0.18624999999999997 0.9091670000000001
73 0.5449999999999999 0.5808335 0.07874999999999999 0.8333330000000001
73 0.6246875000000001 0.57375 0.06937500000000008 0.8508340000000001
73 0.6646875 0.5625 0.06437500000000007 0.873334
73 0.7071875 0.550417 0.06937499999999996 0.8975000000000001
73 0.7659375 0.5995835 0.109375 0.799167
73 0.808125 0.5129170000000001 0.12375000000000003 0.9725
73 0.89125 0.5108335 0.125 0.9766670000000001
73 0.94875 0.695417 0.10125000000000006 0.6075
