73 0.6319835 0.564595 0.25279300000000005 0.281424
73 0.1064945 0.548883 0.212989 0.25838000000000005
73 0.498254 0.8603355 0.996508 0.277933
73 0.1456005 0.1215085 0.285615 0.243017
73 0.0446925 0.0831005 0.067039 0.166201
73 0.3648745 0.5293295 0.26187099999999996 0.31564299999999995
73 0.44448350000000003 0.118366 0.307961 0.236732
73 0.717179 0.110335 0.21927399999999997 0.22067
73 0.832751 0.5076815 0.32751399999999997 0.31005499999999997
73 0.9137569999999999 0.110335 0.17109000000000008 0.22067
