73 0.075 0.1982195 0.15 0.10028100000000001
73 0.0975 0.501406 0.195 0.23804999999999993
73 0.111875 0.7230555000000001 0.22375 0.17338299999999995
73 0.23625000000000002 0.31865 0.275 0.10871599999999998
73 0.549375 0.508435 0.6437499999999999 0.272728
73 0.531875 0.73149 0.58125 0.21087199999999995
73 0.5193749999999999 0.1940015 0.38125 0.157451
73 0.57625 0.3491095 0.20750000000000007 0.08341100000000001
73 0.555625 0.53702 0.12124999999999997 0.13495800000000002
73 0.7975 0.29896900000000004 0.25249999999999995 0.15182800000000002
73 0.9606250000000001 0.497657 0.07625000000000004 0.17432000000000003
