73 0.5165625 0.35067099999999995 0.41562499999999997 0.379194
73 0.03875 0.049916 0.0775 0.094798
73 0.043437500000000004 0.1287755 0.070625 0.133389
73 0.055625 0.283557 0.053750000000000006 0.11912800000000001
73 0.060625 0.42491650000000003 0.05374999999999999 0.11493300000000001
73 0.1740625 0.0864095 0.17562500000000003 0.172819
73 0.1484375 0.257131 0.12187500000000001 0.15520199999999998
73 0.108125 0.01552 0.03875000000000001 0.03104
73 0.33968750000000003 0.181208 0.116875 0.20302000000000003
73 0.35562499999999997 0.041527 0.14625000000000005 0.083054
73 0.64 0.082215 0.47374999999999995 0.16443
73 0.7234375 0.380453 0.296875 0.274328
