73 0.0103125 0.4291665 0.020625 0.10333300000000001
73 0.01625 0.5533330000000001 0.0325 0.09999999999999998
73 0.023125 0.663333 0.03875000000000001 0.09999999999999998
73 0.32625 0.44625000000000004 0.036250000000000004 0.020833999999999964
73 0.33 0.4866665 0.026249999999999996 0.046667000000000014
73 0.3409375 0.48875 0.016874999999999973 0.05749999999999994
73 0.3959375 0.66125 0.011874999999999969 0.07416599999999995
73 0.4115625 0.43166649999999995 0.024375000000000036 0.10166700000000001
73 0.4121875 0.5570835000000001 0.02562500000000001 0.02416699999999994
73 0.4140625 0.6104165 0.01937500000000003 0.089167
73 0.4146875 0.7091665 0.020625000000000004 0.10833300000000001
73 0.7396875 0.9650000000000001 0.0881249999999999 0.068334
73 0.785625 0.7308334999999999 0.15125 0.30333299999999996
73 0.775625 0.77 0.04125000000000001 0.255
73 0.8459375 0.7704165000000001 0.13812500000000005 0.34083300000000005
73 0.829375 0.8116665000000001 0.04500000000000004 0.29333299999999995
73 0.9028125 0.7958335000000001 0.130625 0.406667
73 0.923125 0.82375 0.15249999999999997 0.34416599999999997
