73 0.031875 0.7837959999999999 0.06375 0.047448000000000046
73 0.035 0.7260519999999999 0.07 0.053715999999999986
73 0.0409375 0.6615935 0.081875 0.05729700000000004
73 0.0421875 0.609669 0.084375 0.06266799999999995
73 0.0459375 0.5286485000000001 0.091875 0.08504900000000004
73 0.1215625 0.8442255000000001 0.13062500000000002 0.059087
73 0.1278125 0.7855865 0.130625 0.05819099999999999
73 0.1328125 0.7269475000000001 0.133125 0.059087
73 0.135 0.663384 0.12125 0.06445800000000002
73 0.1434375 0.6132495 0.12062499999999998 0.066249
73 0.2609375 0.787377 0.12812500000000002 0.05461000000000005
73 0.2675 0.6727845 0.13625 0.04923900000000003
73 0.264375 0.7256045 0.12625 0.03491500000000003
73 0.2678125 0.60564 0.130625 0.06177200000000005
73 0.264375 0.842435 0.11625000000000002 0.055505999999999944
73 0.3509375 0.7229185 0.04062500000000002 0.26051899999999995
73 0.4853125 0.6101165 0.135625 0.04923899999999992
73 0.604375 0.6222019999999999 0.04125000000000001 0.048344000000000054
73 0.6096874999999999 0.7779769999999999 0.045624999999999916 0.06982999999999995
73 0.6128125 0.720233 0.03687499999999999 0.045657999999999976
73 0.6121875 0.674575 0.030624999999999902 0.045657999999999976
73 0.694375 0.6168305 0.14125 0.066249
73 0.7 0.67547 0.13 0.04386800000000002
73 0.7090625 0.7264995000000001 0.14187499999999997 0.04386699999999999
73 0.7425 0.784691 0.20875 0.05281999999999998
73 0.753125 0.836616 0.22499999999999998 0.04386800000000002
73 0.829375 0.616383 0.14749999999999996 0.04386800000000002
73 0.8049999999999999 0.7278425 0.06999999999999995 0.046552999999999956
73 0.8334375 0.6700984999999999 0.12437500000000001 0.054611000000000076
73 0.946875 0.5250670000000001 0.10499999999999998 0.08863000000000004
73 0.95 0.616383 0.09875 0.04386800000000002
73 0.951875 0.669203 0.09499999999999997 0.05282000000000009
73 0.9659375 0.7287375 0.06687500000000002 0.059087
73 0.97375 0.7864815000000001 0.05125000000000002 0.04207700000000003
73 0.97875 0.8357209999999999 0.04125000000000001 0.038495999999999975
