73 0.5475 0.726415 0.175 0.31886800000000004
73 0.7740625 0.754717 0.234375 0.23207599999999995
73 0.8678125000000001 0.729717 0.219375 0.18962200000000007
73 0.8665624999999999 0.820283 0.20937499999999998 0.10094399999999992
73 0.8859375 0.6146229999999999 0.22687500000000005 0.20282999999999995
73 0.8865625 0.7816035 0.22562499999999996 0.07264099999999996
73 0.8890625000000001 0.6462265 0.22062499999999996 0.17735899999999993
73 0.8928125 0.738679 0.213125 0.07735800000000004
73 0.8940625 0.7108490000000001 0.21062500000000006 0.09905599999999992
73 0.895625 0.534906 0.20750000000000002 0.23773599999999995
