73 0.16375 0.6766665000000001 0.3275 0.3166669999999999
73 0.1540625 0.0808335 0.169375 0.07166700000000001
73 0.1553125 0.18583349999999998 0.148125 0.08333300000000002
73 0.16125 0.28125 0.15499999999999997 0.07416599999999998
73 0.165625 0.37625 0.14875 0.07083400000000001
73 0.148125 0.4691665 0.0875 0.07333299999999998
73 0.2184375 0.475 0.029375000000000012 0.061666
73 0.2528125 0.474167 0.03312499999999999 0.050000000000000044
73 0.278125 0.2883335 0.03500000000000003 0.06666699999999998
73 0.281875 0.38125 0.04249999999999998 0.07083400000000001
73 0.28 0.19624999999999998 0.03125 0.047500000000000014
73 0.281875 0.0929165 0.027500000000000024 0.055832999999999994
73 0.296875 0.478333 0.03874999999999995 0.05499999999999999
73 0.3503125 0.0854165 0.09437500000000004 0.080833
73 0.35343749999999996 0.1879165 0.09062500000000001 0.07916700000000002
73 0.378125 0.2891665 0.12624999999999997 0.06166700000000003
73 0.36906249999999996 0.38125 0.10562500000000002 0.07416600000000001
73 0.38656250000000003 0.5762499999999999 0.128125 0.07416600000000007
73 0.3715625 0.4770835 0.09562500000000002 0.06916699999999998
73 0.441875 0.1875 0.03750000000000003 0.058334
73 0.453125 0.475 0.03874999999999995 0.061666
73 0.46187500000000004 0.3829165 0.04375000000000001 0.06416699999999997
73 0.4875 0.285 0.039999999999999925 0.066666
73 0.4875 0.08499999999999999 0.03749999999999998 0.066666
73 0.49624999999999997 0.5733334999999999 0.03999999999999998 0.06166700000000003
73 0.494375 0.1970835 0.02624999999999994 0.04583300000000001
73 0.5046875 0.4716665 0.03562499999999996 0.06166699999999997
73 0.509375 0.3820835 0.034999999999999976 0.06583299999999997
73 0.6034375 0.2883335 0.130625 0.06333300000000003
73 0.6174999999999999 0.0754165 0.15875000000000006 0.07583300000000001
73 0.6234375 0.1808335 0.17062500000000003 0.086667
73 0.5828125 0.4729165 0.08687499999999992 0.08083300000000004
73 0.6040625 0.38125 0.12687499999999996 0.08083400000000002
73 0.589375 0.5725 0.08875 0.08833399999999991
73 0.655625 0.47333349999999996 0.03125 0.05833299999999997
73 0.66875 0.5816669999999999 0.03375000000000006 0.05500000000000005
73 0.7012499999999999 0.3816665 0.036250000000000004 0.05666699999999997
73 0.7124999999999999 0.58 0.036250000000000004 0.05166599999999999
73 0.7112499999999999 0.471667 0.026249999999999996 0.05500000000000005
73 0.7262500000000001 0.28500000000000003 0.03500000000000003 0.06
73 0.734375 0.081667 0.03875000000000006 0.07
73 0.7396875 0.1875 0.03312499999999996 0.058334
73 0.78375 0.43374999999999997 0.0824999999999999 0.14416599999999996
73 0.7740625 0.56125 0.055625000000000036 0.16583400000000004
73 0.78875 0.2925 0.07250000000000001 0.10999999999999999
73 0.7925 0.16 0.07250000000000001 0.113334
73 0.8765625 0.8483335000000001 0.13187499999999996 0.301667
73 0.8875 0.7 0.14625 0.25
73 0.8928125 0.5433335 0.145625 0.26666700000000004
73 0.9103125000000001 0.1420835 0.17812499999999998 0.145833
73 0.9109375 0.3441665 0.17437500000000006 0.213333
73 0.9721875 0.9695834999999999 0.051875000000000004 0.05916700000000008
73 0.9746874999999999 0.86625 0.04937500000000006 0.23083399999999998
73 0.978125 0.6433329999999999 0.04249999999999998 0.20499999999999996
