73 0.37875000000000003 0.98 0.16624999999999995 0.03833399999999998
73 0.3503125 0.9179165 0.07937500000000003 0.11416700000000002
73 0.3859375 0.81625 0.13937500000000003 0.08250000000000002
73 0.51 0.9833335000000001 0.11874999999999997 0.031667
73 0.516875 0.829167 0.10249999999999998 0.07000000000000006
73 0.5209375 0.922917 0.10187500000000005 0.11749999999999994
73 0.6746875 0.8216669999999999 0.20562499999999995 0.09999999999999998
73 0.5931249999999999 0.8270835000000001 0.03749999999999998 0.07083300000000003
73 0.6821875 0.9295835 0.21062499999999995 0.13083299999999998
73 0.7296875 0.8316665 0.08812500000000001 0.08666700000000005
73 0.860625 0.8300000000000001 0.16625 0.10666600000000004
73 0.865625 0.9391665 0.15625 0.11166699999999996
