73 0.105 0.5266665 0.21 0.24333300000000002
73 0.032222 0.7375 0.062222 0.181666
73 0.1733335 0.8525 0.25555500000000003 0.291666
73 0.36611099999999996 0.39 0.09444400000000003 0.15666599999999997
73 0.372222 0.5875 0.08222200000000002 0.16833399999999998
73 0.3594445 0.498333 0.054444999999999966 0.15999999999999998
73 0.511111 0.6125 0.22666599999999998 0.771666
73 0.8127774999999999 0.3875 0.32111100000000004 0.235
73 0.8266665 0.2433335 0.344445 0.23666700000000002
73 0.7633335 0.0783335 0.2088890000000001 0.156667
