73 0.061033 0.76 0.122066 0.11125000000000007
73 0.205634 0.9046875000000001 0.411268 0.18937499999999996
73 0.0784035 0.5531250000000001 0.066667 0.05625000000000002
73 0.271831 0.5137499999999999 0.06854400000000002 0.05625000000000002
73 0.331925 0.596875 0.08732400000000001 0.061249999999999916
73 0.4352115 0.6521874999999999 0.06666699999999998 0.04937500000000006
73 0.4539905 0.5703125 0.06478899999999999 0.04937499999999995
73 0.5605635 0.6146875 0.050705 0.03937500000000005
73 0.6723005 0.6053124999999999 0.084507 0.06187500000000001
73 0.6981219999999999 0.504375 0.07417799999999997 0.05499999999999999
