73 0.13666699999999998 0.46829 0.07499999999999998 0.10758800000000002
73 0.192917 0.2061155 0.1875 0.08833499999999997
73 0.194167 0.335787 0.185 0.07361200000000001
73 0.1945835 0.078709 0.18083299999999997 0.082672
73 0.2270835 0.4739525 0.10083300000000003 0.07814300000000002
73 0.3804165 0.4473385 0.18083300000000002 0.074745
73 0.38125 0.340317 0.1825 0.08267200000000002
73 0.3545835 0.087769 0.12416700000000003 0.07814200000000002
73 0.38749999999999996 0.21234399999999998 0.185 0.07587799999999997
73 0.57375 0.34371450000000003 0.18250000000000005 0.071347
73 0.5733334999999999 0.456965 0.17833299999999996 0.055491999999999986
73 0.5733335 0.09513049999999999 0.17333300000000001 0.070215
73 0.5745835 0.2180065 0.17583299999999996 0.082673
73 0.7516665 0.1024915 0.166667 0.08040699999999998
73 0.7525 0.2265005 0.1683340000000001 0.07927499999999998
73 0.7537499999999999 0.349943 0.16249999999999998 0.08154
73 0.7566665 0.474519 0.16833300000000007 0.09060000000000001
73 0.8741665000000001 0.346546 0.05166700000000002 0.08154
73 0.8795835000000001 0.47735 0.04916700000000007 0.055491999999999986
73 0.8820835 0.216308 0.04916699999999996 0.10872000000000001
73 0.912917 0.0617215 0.0675 0.121177
73 0.9675 0.1681765 0.063334 0.11438300000000001
73 0.9720835 0.3255945 0.054167000000000076 0.07361299999999998
