73 0.1970125 0.3853335 0.14082500000000003 0.20711100000000005
73 0.3524185 0.49066699999999996 0.131579 0.16177799999999998
73 0.4352775 0.6675555 0.256045 0.17777699999999996
73 0.4359885 0.425333 0.09957300000000002 0.03822199999999998
73 0.4256755 0.507111 0.013512999999999997 0.125334
73 0.5003555 0.5053335 0.12019900000000006 0.13955500000000004
73 0.6255335 0.3657775 0.02347100000000002 0.160889
73 0.808677 0.0493335 0.381224 0.098667
73 0.9370555 0.2004445 0.124467 0.148445
73 0.981508 0.3542225 0.03556199999999998 0.11111099999999996
