73 0.23812499999999998 0.611947 0.0925 0.47695200000000004
73 0.3215625 0.619003 0.030624999999999958 0.37441199999999997
73 0.38749999999999996 0.643932 0.11625000000000002 0.582314
73 0.4584375 0.6222955 0.02562500000000001 0.49388499999999996
73 0.5884375 0.82032 0.03937500000000005 0.071496
73 0.5918749999999999 0.739417 0.03874999999999995 0.06397000000000008
73 0.59375 0.6571024999999999 0.040000000000000036 0.05362100000000003
73 0.59625 0.5677325 0.04250000000000009 0.063029
73 0.6000000000000001 0.48729999999999996 0.04500000000000004 0.06961400000000001
73 0.6428125 0.7699905 0.03562500000000002 0.05926699999999996
73 0.645625 0.8339605 0.04125000000000001 0.05550300000000008
73 0.6475 0.695202 0.03749999999999998 0.071496
73 0.651875 0.6208845000000001 0.03374999999999995 0.06585099999999999
73 0.655625 0.4797745 0.04125000000000001 0.05456299999999997
73 0.6540625 0.5540925000000001 0.034375000000000044 0.06020700000000001
