73 0.15125 0.9174485 0.09750000000000002 0.163227
73 0.149375 0.7804880000000001 0.05 0.15197000000000005
73 0.255 0.8194185 0.15625 0.19793699999999992
73 0.2790625 0.9479365 0.13312500000000002 0.10225099999999998
73 0.3365625 0.835366 0.015625 0.15478399999999992
73 0.6984375 0.41088199999999997 0.130625 0.08817999999999998
73 0.7015625 0.501876 0.13187499999999996 0.09005599999999997
73 0.7112499999999999 0.333021 0.10249999999999992 0.06754199999999999
73 0.71375 0.26454 0.08749999999999991 0.065666
73 0.7278125 0.606473 0.07187500000000002 0.10787999999999998
73 0.7321875 0.1913695 0.08062499999999995 0.05816100000000002
73 0.7828124999999999 0.683396 0.04312499999999997 0.038461999999999996
73 0.79375 0.280957 0.06500000000000006 0.04409000000000002
73 0.78625 0.5698875000000001 0.04499999999999993 0.030957000000000012
73 0.794375 0.3194185 0.061249999999999916 0.04784299999999997
73 0.7853125000000001 0.652908 0.04062500000000002 0.04315199999999997
73 0.7865625 0.1580675 0.04062500000000002 0.04033700000000001
73 0.79375 0.3663225 0.05500000000000005 0.03846099999999997
73 0.79375 0.444184 0.05500000000000005 0.03658600000000001
73 0.794375 0.239681 0.05625000000000002 0.04596600000000001
73 0.794375 0.40478400000000003 0.053750000000000075 0.04596600000000001
73 0.789375 0.609287 0.04125000000000001 0.040337999999999985
73 0.79375 0.48546 0.04999999999999993 0.04596599999999995
73 0.79 0.5257974999999999 0.040000000000000036 0.03846099999999997
73 0.798125 0.196529 0.05125000000000002 0.04033800000000001
