73 0.3696875 0.752778 0.021874999999999978 0.0522220000000001
73 0.3746875 0.672222 0.024375000000000036 0.06000000000000005
73 0.3771875 0.5994444999999999 0.026874999999999982 0.06777700000000009
73 0.43281250000000004 0.76 0.018125000000000002 0.066666
73 0.4403125 0.5983335 0.030625000000000013 0.05666700000000002
73 0.4371875 0.673333 0.01937500000000003 0.062222
73 0.6890625 0.747222 0.02562500000000001 0.0722219999999999
73 0.7165625 0.6688890000000001 0.07562500000000005 0.066666
73 0.6909375 0.5844445 0.021874999999999978 0.06222300000000003
73 0.7025 0.8444445 0.04499999999999993 0.097777
73 0.7115625 0.583333 0.026874999999999982 0.06000000000000005
73 0.724375 0.7522225 0.030000000000000027 0.07333299999999998
73 0.7328125000000001 0.8677779999999999 0.030625000000000013 0.0822219999999999
73 0.7465625 0.5644445 0.030625000000000013 0.093333
73 0.7959375 0.7722225 0.06812499999999999 0.07333299999999998
73 0.7759375 0.6777775 0.025624999999999898 0.06666700000000003
73 0.7828125 0.578889 0.023125000000000062 0.07333400000000001
73 0.7984375 0.6699999999999999 0.024375000000000036 0.07777800000000001
73 0.8128124999999999 0.576667 0.024374999999999925 0.08222200000000002
73 0.8234375 0.6894445 0.02312499999999995 0.04777699999999996
73 0.8434375000000001 0.577778 0.03187499999999999 0.08000000000000007
73 0.8421875000000001 0.7722225 0.021874999999999978 0.07333299999999998
73 0.8512500000000001 0.6744445 0.032500000000000084 0.07777699999999999
73 0.8684375 0.7766664999999999 0.03312499999999996 0.08666699999999994
73 0.8696875 0.5844445 0.02312499999999995 0.06666700000000003
73 0.8759375 0.6788885 0.020625000000000004 0.06888899999999998
73 0.8934375 0.78 0.024375000000000036 0.09333400000000003
73 0.8928125 0.584444 0.015625 0.07999999999999996
