73 0.1691775 0.12406249999999999 0.215527 0.179375
73 0.1900345 0.9203125 0.19930499999999995 0.15187499999999998
73 0.20741600000000002 0.7128125000000001 0.234068 0.18062499999999992
73 0.20104299999999997 0.4234375 0.21436799999999998 0.17562499999999998
73 0.41946700000000003 0.6812499999999999 0.234068 0.15249999999999997
73 0.42294350000000003 0.4184375 0.190035 0.16562499999999997
73 0.421205 0.8990625000000001 0.17960600000000004 0.166875
73 0.4449595 0.143125 0.20857500000000007 0.16249999999999998
73 0.715527 0.8834375 0.205098 0.16062500000000002
73 0.7392814999999999 0.41312499999999996 0.19003500000000006 0.14499999999999996
73 0.7282735 0.9809375 0.13557299999999994 0.03687499999999999
73 0.7711475000000001 0.1628125 0.202781 0.140625
73 0.896292 0.846875 0.205098 0.14875000000000005
73 0.874276 0.9750000000000001 0.13557399999999997 0.04874999999999996
73 0.9038235 0.4171875 0.19003499999999995 0.14687499999999998
73 0.9356895000000001 0.17125 0.12630299999999994 0.14375
