73 0.5459375 0.6233584999999999 0.07687500000000003 0.053470999999999935
73 0.548125 0.696529 0.0675 0.04596600000000006
73 0.5278125 0.5717635 0.024375000000000036 0.04033700000000007
73 0.5421875 0.579737 0.020625000000000004 0.024390000000000023
73 0.5890625 0.521107 0.08812500000000001 0.042213999999999974
73 0.60375 0.6233584999999999 0.03374999999999995 0.03846099999999997
73 0.62375 0.6857415 0.0675 0.07504700000000009
73 0.6434375 0.6233584999999999 0.030624999999999902 0.03846099999999997
73 0.6828125 0.643058 0.01937500000000003 0.10975599999999996
73 0.7024999999999999 0.628987 0.015000000000000013 0.08911800000000003
73 0.7203125 0.6242965 0.015625 0.10225099999999998
