73 0.614375 0.23041650000000002 0.08250000000000002 0.07916700000000002
73 0.65875 0.318333 0.15875000000000006 0.10000000000000003
73 0.6909375 0.2083335 0.055625000000000036 0.10666699999999998
73 0.8584375 0.7275 0.281875 0.24666599999999994
73 0.8165625000000001 0.19 0.17437500000000006 0.11499999999999999
73 0.8015625 0.6387499999999999 0.11937500000000001 0.14083400000000001
73 0.8325 0.307083 0.17874999999999996 0.13250000000000003
73 0.835 0.5679164999999999 0.17874999999999996 0.12416700000000003
73 0.8371875 0.436667 0.16937500000000005 0.11500000000000005
73 0.8759375 0.9258335 0.24687500000000007 0.146667
73 0.961875 0.17125 0.07500000000000007 0.109166
73 0.96375 0.52625 0.07125000000000004 0.1225
73 0.964375 0.2916665 0.07000000000000006 0.098333
73 0.9650000000000001 0.4004165 0.06874999999999998 0.11916700000000002
