73 0.0446875 0.5741084999999999 0.035625000000000004 0.05816100000000002
73 0.083125 0.56848 0.04625 0.061914000000000025
73 0.171875 0.6763604999999999 0.10625000000000001 0.07692299999999996
73 0.1409375 0.5595685 0.02562500000000001 0.055347000000000035
73 0.178125 0.5576925 0.04625000000000001 0.055347000000000035
73 0.265625 0.6801124999999999 0.12125 0.061912999999999996
73 0.24 0.5600375 0.05000000000000002 0.07504699999999997
73 0.2740625 0.5572235000000001 0.02812500000000001 0.07317099999999999
73 0.3628125 0.681989 0.083125 0.061913999999999914
73 0.424375 0.5947465000000001 0.04749999999999999 0.071295
73 0.44625 0.5417445000000001 0.0675 0.030957000000000012
73 0.46875 0.5886495 0.04625000000000001 0.07410900000000009
73 0.515 0.556754 0.04624999999999996 0.06097600000000003
73 0.5428124999999999 0.557223 0.030625000000000013 0.06941799999999998
73 0.7825 0.672139 0.21250000000000002 0.06097600000000003
73 0.7340625000000001 0.5684804999999999 0.0668749999999999 0.09193299999999993
73 0.8031250000000001 0.552064 0.05625000000000002 0.06660400000000011
73 0.8875 0.565666 0.04874999999999996 0.08630399999999994
73 0.92875 0.6674485 0.11750000000000005 0.055347000000000035
73 0.9596875 0.5684804999999999 0.07937499999999997 0.09193299999999993
