73 0.0446875 0.476111 0.089375 0.8766660000000001
73 0.0928125 0.5616665000000001 0.185625 0.874445
73 0.2365625 0.4994445 0.213125 0.998889
73 0.375 0.511111 0.14875000000000005 0.975556
73 0.48125 0.5466665 0.11750000000000005 0.904445
73 0.5653125 0.5683335 0.08562500000000006 0.861111
73 0.6478125 0.588889 0.08937499999999998 0.8200000000000001
73 0.7121875 0.615 0.07437499999999997 0.7677780000000001
73 0.7646875 0.623889 0.07937499999999997 0.736666
73 0.8190625 0.637222 0.08812500000000001 0.6944440000000001
73 0.8571875 0.6466665 0.073125 0.6488889999999999
73 0.9046875 0.6511115000000001 0.06812499999999999 0.631111
73 0.9321875 0.6583335 0.08187500000000003 0.5944449999999999
