73 0.085625 0.5077134999999999 0.17125 0.12431899999999996
73 0.11531250000000001 0.4047185 0.135625 0.07078099999999998
73 0.1159375 0.450091 0.12437500000000001 0.058076000000000016
73 0.12 0.48411950000000004 0.10749999999999998 0.04083500000000001
73 0.2771875 0.45462800000000003 0.305625 0.353902
73 0.43343750000000003 0.5553539999999999 0.24937499999999996 0.08167000000000002
73 0.41125 0.6470055 0.1975 0.07259499999999997
73 0.4303125 0.6120685 0.22562499999999996 0.09891099999999997
73 0.4371875 0.4768605 0.239375 0.156987
73 0.4828125 0.3466425 0.20187499999999997 0.163339
73 0.6878124999999999 0.6592560000000001 0.36687499999999995 0.20054399999999994
73 0.7075 0.526316 0.35749999999999993 0.09800399999999998
73 0.7034374999999999 0.5998185 0.33562499999999995 0.14519099999999996
73 0.7190624999999999 0.47686000000000006 0.344375 0.12613400000000002
73 0.7409375 0.357078 0.37312500000000004 0.08802199999999999
73 0.7365625 0.4069875 0.3531249999999999 0.09528099999999995
73 0.7278125 0.5689655 0.28437500000000004 0.08711500000000005
73 0.728125 0.252722 0.24 0.06442800000000001
73 0.7396875 0.299002 0.2243750000000001 0.04627999999999999
73 0.8465625 0.317151 0.028124999999999956 0.026316000000000006
73 0.8896875 0.5517240000000001 0.083125 0.07804
73 0.9140625 0.45372049999999997 0.06562500000000004 0.05807699999999999
73 0.93125 0.47232300000000005 0.08499999999999996 0.08076200000000006
73 0.923125 0.41742250000000003 0.050000000000000044 0.05989099999999997
