73 0.078906 0.529812 0.135938 0.15167399999999998
73 0.3433595 0.563285 0.163281 0.25000000000000006
73 0.386328 0.7458155 0.196094 0.20083700000000004
73 0.48124999999999996 0.330021 0.20156199999999996 0.17259400000000003
73 0.5062495 0.8049165 0.184375 0.23535499999999998
73 0.558984 0.6025105 0.12109400000000003 0.213389
73 0.6160155 0.875 0.17734299999999992 0.24790800000000002
73 0.6738284999999999 0.757845 0.19921899999999992 0.23326399999999992
73 0.6632815000000001 0.532427 0.10156299999999996 0.15690399999999993
73 0.7011719999999999 0.628661 0.17109399999999997 0.14435200000000004
73 0.872266 0.0533475 0.25390599999999997 0.106695
