73 0.04415 0.5803145000000001 0.0883 0.111811
73 0.0469095 0.32362199999999997 0.093819 0.130708
73 0.038079499999999995 0.2110235 0.073951 0.08818900000000002
73 0.044149999999999995 0.45984250000000004 0.086092 0.12598500000000007
73 0.0551875 0.07401550000000001 0.07505500000000001 0.10393700000000002
73 0.0689845 0.21968500000000002 0.045252999999999995 0.06771600000000003
73 0.1512145 0.062992 0.06622499999999999 0.125984
73 0.1898455 0.111024 0.02207500000000001 0.03936999999999999
73 0.2731785 0.455118 0.155629 0.19212600000000002
73 0.2792495 0.3047245 0.16777099999999998 0.111811
73 0.222958 0.2055115 0.04194200000000001 0.06141700000000003
73 0.251104 0.209449 0.04525399999999999 0.050393999999999994
73 0.287528 0.10551150000000001 0.11589399999999997 0.069291
73 0.2869755 0.211811 0.039734999999999965 0.058267999999999986
73 0.32119200000000003 0.21811 0.04194199999999998 0.055118
73 0.34988949999999996 0.22047250000000002 0.030905000000000016 0.05669300000000002
73 0.38189850000000003 0.105512 0.03752700000000003 0.07558999999999999
73 0.40783650000000005 0.115748 0.020971000000000017 0.048818
73 0.5110375 0.20393699999999998 0.07947099999999996 0.08346400000000001
73 0.50883 0.1086615 0.04414999999999997 0.08188899999999999
73 0.5198674999999999 0.293701 0.06181099999999995 0.08976400000000001
73 0.5303534999999999 0.37007900000000005 0.03863099999999997 0.050393999999999994
