73 0.031875 0.7304795 0.06375 0.09313300000000002
73 0.6865625 0.396049 0.07687500000000003 0.12229600000000002
73 0.6865625 0.5338665 0.07187500000000002 0.134525
73 0.76625 0.5677325 0.10250000000000004 0.14769500000000002
73 0.77875 0.406397 0.10249999999999992 0.16933200000000004
73 0.749375 0.6999059999999999 0.03374999999999995 0.12794000000000005
73 0.7646875 0.2920975 0.05937500000000007 0.021637000000000017
73 0.7593749999999999 0.302446 0.04625000000000001 0.008465999999999974
73 0.7621875 0.7017875 0.023125000000000062 0.12417699999999998
73 0.7734375 0.699436 0.020624999999999893 0.12323600000000001
73 0.7865625 0.7064915 0.025624999999999898 0.137347
