73 0.6837500000000001 0.652908 0.05625000000000002 0.09193200000000001
73 0.684375 0.742495 0.05249999999999999 0.08724200000000004
73 0.6903125 0.4699815 0.0618749999999999 0.07317099999999999
73 0.690625 0.5684804999999999 0.053750000000000075 0.07692299999999996
73 0.6890625 0.37992499999999996 0.04562500000000003 0.07317000000000001
73 0.6925 0.282833 0.050000000000000044 0.08348999999999998
73 0.6950000000000001 0.1998125 0.04999999999999993 0.075047
73 0.7546875 0.5769230000000001 0.07437499999999997 0.09005600000000002
73 0.7559375 0.792214 0.07687500000000003 0.11726000000000003
73 0.7578125 0.6899625 0.08062499999999995 0.11163299999999998
73 0.7565625 0.4713885 0.073125 0.08348899999999992
73 0.7609375 0.36866750000000004 0.07687499999999992 0.07692300000000002
73 0.7671875 0.2570355 0.07687500000000003 0.09568499999999999
73 0.7678125 0.15337699999999999 0.06812499999999999 0.10788
73 0.848125 0.870544 0.10749999999999993 0.16510400000000003
73 0.8128124999999999 0.7106005 0.02937500000000004 0.10037499999999999
73 0.85375 0.344747 0.10624999999999996 0.10975600000000002
73 0.854375 0.46575999999999995 0.09749999999999992 0.10225199999999995
73 0.860625 0.09052550000000001 0.10750000000000004 0.136023
73 0.8587499999999999 0.2115385 0.09875 0.13227099999999997
73 0.954375 0.925891 0.08999999999999997 0.14634199999999997
73 0.958125 0.4713885 0.08250000000000002 0.117261
73 0.9596875 0.32692299999999996 0.07937499999999997 0.113508
73 0.9596875 0.7870545 0.07937499999999997 0.14821700000000004
73 0.9609375 0.6261730000000001 0.07687500000000003 0.130394
73 0.9640625 0.1726075 0.07062500000000005 0.14258900000000002
73 0.9806250000000001 0.035178 0.03749999999999998 0.070356
