73 0.6528125 0.7429224999999999 0.14312499999999995 0.26210100000000003
73 0.0084375 0.4940635 0.016875 0.07123300000000005
73 0.014375 0.5634699999999999 0.02875 0.06027400000000005
73 0.014375 0.629224 0.02875 0.06757999999999997
73 0.01875 0.4155255 0.0375 0.07123299999999999
73 0.064375 0.3369865 0.036250000000000004 0.07123299999999999
73 0.064375 0.41552500000000003 0.036250000000000004 0.08584399999999998
73 0.0678125 0.5054795 0.029375000000000005 0.10136899999999999
73 0.0690625 0.6488585 0.026875000000000003 0.09589099999999995
73 0.0721875 0.5776255 0.02562500000000001 0.11050300000000002
73 0.138125 0.6187214999999999 0.09375 0.09589100000000006
73 0.1315625 0.527854 0.078125 0.08949799999999997
73 0.138125 0.4356165 0.08875 0.08036500000000002
73 0.2328125 0.417808 0.03937499999999999 0.05570799999999998
73 0.24062500000000003 0.47671250000000004 0.047500000000000014 0.05844700000000003
73 0.241875 0.5356164999999999 0.04999999999999996 0.05570700000000006
73 0.2340625 0.5945205 0.02687500000000001 0.05479499999999993
73 0.2746875 0.34657550000000004 0.023125000000000007 0.05205500000000002
73 0.2765625 0.407306 0.016874999999999973 0.062100000000000044
73 0.30093749999999997 0.478539 0.03687500000000005 0.06209999999999993
73 0.2990625 0.5406390000000001 0.030625000000000013 0.06940599999999997
73 0.30093749999999997 0.41506849999999995 0.026875000000000038 0.05388100000000001
73 0.3003125 0.34657499999999997 0.020625000000000004 0.06301399999999996
73 0.3003125 0.5917805 0.020625000000000004 0.06392699999999996
73 0.3315625 0.6146115000000001 0.03937499999999999 0.07123299999999999
73 0.3315625 0.5497715 0.03687499999999999 0.08036500000000002
73 0.3315625 0.41872149999999997 0.03437499999999999 0.06118700000000005
73 0.3315625 0.4849315 0.03187499999999999 0.07488499999999998
73 0.3303125 0.348402 0.026874999999999982 0.06301400000000001
73 0.369375 0.6356165 0.05625000000000002 0.07305899999999999
73 0.36687499999999995 0.4283105 0.04375000000000001 0.069407
73 0.366875 0.5739725 0.036250000000000004 0.08858499999999991
73 0.3853125 0.509589 0.073125 0.08584399999999998
73 0.370625 0.352968 0.04125000000000001 0.06484000000000001
73 0.40156250000000004 0.59726 0.033125000000000016 0.08219200000000004
73 0.4046875 0.445662 0.029374999999999984 0.07488600000000001
73 0.4078125 0.352055 0.033125000000000016 0.06301400000000001
73 0.4684375 0.6082194999999999 0.03187499999999999 0.07853900000000003
73 0.4709375 0.5365295 0.03687499999999999 0.09223700000000007
73 0.48124999999999996 0.4456625 0.052499999999999936 0.07123299999999999
73 0.5684374999999999 0.3598175 0.08062500000000006 0.07123299999999999
73 0.5721875000000001 0.416895 0.073125 0.053881999999999985
73 0.6515625 0.3579905 0.073125 0.06392700000000001
73 0.7459375 0.6114155 0.12812500000000004 0.1671229999999999
73 0.714375 0.3607305 0.040000000000000036 0.05844700000000003
73 0.7181249999999999 0.416895 0.03749999999999998 0.03926999999999997
73 0.778125 0.7817350000000001 0.15249999999999997 0.16621000000000008
73 0.7821875 0.3703195 0.014375000000000027 0.035616999999999954
73 0.7834375 0.412329 0.014375000000000027 0.04109600000000002
73 0.8528125 0.725571 0.11687499999999995 0.12511400000000006
