73 0.2178125 0.0354165 0.253125 0.070833
73 0.220625 0.1325 0.2425 0.106666
73 0.2353125 0.2920835 0.256875 0.180833
73 0.2584375 0.6270835 0.246875 0.17916700000000008
73 0.2534375 0.485417 0.22562500000000002 0.21750000000000003
73 0.268125 0.7383335 0.2325 0.20666700000000005
73 0.2759375 0.8725 0.224375 0.25333400000000006
73 0.43499999999999994 0.04125 0.15499999999999997 0.0825
73 0.4509375 0.189583 0.169375 0.12749999999999997
73 0.45625000000000004 0.3175 0.16625000000000006 0.10833400000000004
73 0.4615625 0.43375 0.16687500000000005 0.16916600000000004
73 0.4609375 0.557917 0.13937500000000003 0.16250000000000003
73 0.458125 0.670833 0.12874999999999998 0.15000000000000002
73 0.46968750000000004 0.8033334999999999 0.13187500000000002 0.228333
73 0.48593749999999997 0.1320835 0.06312499999999999 0.030832999999999985
73 0.56 0.0429165 0.036250000000000004 0.085833
73 0.5775 0.13624999999999998 0.07125000000000004 0.07916599999999999
73 0.578125 0.23041699999999998 0.07000000000000006 0.08249999999999999
73 0.5725 0.37083350000000004 0.04499999999999993 0.153333
73 0.573125 0.5058335 0.043749999999999956 0.10333300000000001
73 0.6653125 0.2475 0.104375 0.10333400000000001
73 0.666875 0.04625 0.10499999999999998 0.0925
73 0.6584375 0.147917 0.08562500000000006 0.0825
73 0.6699999999999999 0.36583350000000003 0.10875000000000001 0.13333299999999998
73 0.670625 0.49916649999999996 0.09999999999999998 0.096667
