73 0.0121875 0.0345835 0.024375 0.069167
73 0.09625 0.2495835 0.1925 0.125833
73 0.1053125 0.39208350000000003 0.210625 0.23583300000000001
73 0.15187499999999998 0.045 0.04250000000000001 0.09
73 0.41500000000000004 0.0558335 0.41500000000000004 0.111667
73 0.2940625 0.19666699999999998 0.12812500000000002 0.145
73 0.6109375 0.16083350000000002 0.018124999999999947 0.05166699999999999
73 0.8196875 0.160833 0.359375 0.215
73 0.82375 0.0216665 0.35125000000000006 0.043333
73 0.8290625 0.3733335 0.34062500000000007 0.20333299999999999
73 0.725625 0.358333 0.03125 0.16999999999999998
73 0.859375 0.554583 0.28 0.17750000000000005
