73 0.1746875 0.6520835 0.349375 0.694167
73 0.14125 0.04375 0.195 0.0875
73 0.1559375 0.24625 0.20687500000000003 0.289166
73 0.30125 0.0170835 0.12000000000000002 0.034167
73 0.305 0.10375 0.12250000000000003 0.07749999999999999
73 0.31281250000000005 0.2004165 0.111875 0.064167
73 0.3121875 0.29874999999999996 0.10562499999999997 0.07083400000000001
73 0.2928125 0.390833 0.041874999999999996 0.065
73 0.6446875000000001 0.71125 0.16937499999999994 0.575834
73 0.823125 0.6633335 0.35250000000000004 0.671667
73 0.8615625 0.8854165 0.156875 0.224167
