73 0.148125 0.24791649999999998 0.14 0.134167
73 0.166875 0.385417 0.11499999999999999 0.1275
73 0.1740625 0.5166664999999999 0.12187499999999998 0.11666699999999997
73 0.2475 0.630417 0.16249999999999998 0.12749999999999995
73 0.3840625 0.2366665 0.05312500000000003 0.10833300000000001
73 0.5446875 0.3466665 0.06437500000000007 0.10833300000000001
73 0.6893750000000001 0.21958350000000001 0.14750000000000008 0.11583300000000002
73 0.6934375 0.34416650000000004 0.14187499999999997 0.11666700000000002
73 0.6715625000000001 0.45458350000000003 0.09562499999999996 0.08916700000000005
73 0.923125 0.3125 0.14500000000000002 0.09166600000000003
73 0.9271875 0.2004165 0.14437500000000003 0.11583299999999999
73 0.9878125 0.4 0.023125000000000062 0.04666600000000004
