73 0.1958525 0.051213 0.228111 0.102426
73 0.187788 0.18396200000000001 0.16359400000000002 0.10107799999999997
73 0.202765 0.31671150000000003 0.17281200000000002 0.11590300000000003
73 0.1653225 0.0471695 0.058755 0.086253
73 0.229263 0.44407 0.186636 0.12803200000000003
73 0.4009215 0.0390835 0.14516099999999998 0.078167
73 0.4182025 0.17318050000000001 0.168203 0.07142899999999999
73 0.423963 0.2877355 0.14746600000000004 0.125337
73 0.4291475 0.4090295 0.134793 0.103773
73 0.8070275 0.045822 0.13248900000000008 0.091644
73 0.8185485 0.1927225 0.13709700000000002 0.113207
73 0.8519585000000001 0.32884100000000005 0.07949299999999992 0.12398999999999999
73 0.9591015 0.042453 0.07949299999999992 0.084906
73 0.9631335 0.16374650000000002 0.07142899999999996 0.154987
73 0.970046 0.3126685 0.05760399999999999 0.140161
