73 0.050625 0.5901894999999999 0.10125 0.12974699999999995
73 0.05125 0.31645599999999996 0.1025 0.12341799999999997
73 0.0525 0.454905 0.105 0.09968399999999994
73 0.05375 0.7484175 0.1075 0.167721
73 0.0753125 0.1693035 0.06937499999999999 0.120253
73 0.1259375 0.720728 0.04437500000000001 0.11234200000000005
73 0.1690625 0.568038 0.120625 0.11392400000000003
73 0.17125 0.205696 0.10500000000000001 0.113924
73 0.1746875 0.3204115 0.09312500000000001 0.09651900000000002
73 0.179375 0.4454115 0.10250000000000001 0.10601300000000002
73 0.2790625 0.456487 0.071875 0.39715199999999995
73 0.38093750000000004 0.386867 0.05562499999999998 0.295886
73 0.445 0.3314875 0.04249999999999998 0.166139
73 0.4865625 0.388449 0.038124999999999964 0.27373400000000003
73 0.775625 0.47231 0.05249999999999999 0.33702600000000005
73 0.853125 0.488924 0.03125 0.234178
73 0.98 0.5015825 0.03875000000000006 0.24683500000000003
