73 0.065197 0.6365624999999999 0.12289 0.08562499999999995
73 0.2551595 0.309375 0.363977 0.135
73 0.2471855 0.1703125 0.338649 0.11937500000000001
73 0.1871485 0.708125 0.166041 0.1399999999999999
73 0.315197 0.75875 0.18761799999999998 0.09375
73 0.694653 0.293125 0.505628 0.13000000000000003
73 0.703565 0.4675 0.49718599999999996 0.11250000000000004
73 0.719043 0.6734374999999999 0.477486 0.18937499999999996
73 0.771576 0.1103125 0.31988800000000006 0.136875
73 0.6688555 0.2975 0.037523000000000084 0.10874999999999999
