73 0.051111 0.7525930000000001 0.102222 0.31999999999999995
73 0.0794445 0.496296 0.158889 0.21037000000000006
73 0.081111 0.2792595 0.162222 0.17925900000000003
73 0.1644445 0.757037 0.262223 0.34666600000000003
73 0.1766665 0.0814815 0.171111 0.157037
73 0.2005555 0.48222200000000004 0.214445 0.21185199999999998
73 0.213889 0.29259250000000003 0.172222 0.17333300000000001
73 0.3766665 0.776296 0.226667 0.31407399999999996
73 0.377778 0.48444450000000006 0.17555600000000005 0.21629700000000002
73 0.5138885 0.299259 0.141111 0.142222
73 0.5561115 0.4888885 0.17888900000000002 0.21925899999999998
73 0.5905555 0.765185 0.214445 0.3274079999999999
73 0.6538889999999999 0.291111 0.16555599999999993 0.16148200000000001
73 0.715 0.479259 0.19888799999999995 0.22370400000000007
73 0.786111 0.75037 0.23666600000000004 0.303704
73 0.8138890000000001 0.2807405 0.22555599999999998 0.18518500000000002
73 0.8844445000000001 0.46370350000000005 0.228889 0.25481500000000007
73 0.922778 0.745926 0.15222200000000008 0.32444399999999995
