73 0.7946875 0.7987500000000001 0.104375 0.15249999999999997
73 0.0221875 0.14125 0.018125000000000002 0.034166
73 0.0228125 0.0225 0.019375000000000003 0.045
73 0.0240625 0.08708350000000001 0.016875 0.03583299999999999
73 0.0253125 0.195417 0.016875 0.04250000000000001
73 0.093125 0.0783335 0.03125 0.036667000000000005
73 0.11499999999999999 0.11625 0.0725 0.039166000000000006
73 0.11499999999999999 0.2104165 0.0725 0.034167
73 0.115625 0.16375 0.07375 0.04416600000000001
73 0.131875 0.08625 0.03374999999999999 0.030834
73 0.17531249999999998 0.035417000000000004 0.053125000000000006 0.0425
73 0.17625000000000002 0.09125 0.04000000000000001 0.034166
73 0.1796875 0.14041700000000001 0.044375 0.0325
73 0.1796875 0.1904165 0.044375 0.03916699999999998
73 0.22312500000000002 0.1945835 0.035 0.034167
73 0.22375 0.09375 0.03125 0.035834000000000005
73 0.224375 0.042917 0.0325 0.0375
73 0.22562500000000002 0.14541700000000002 0.0325 0.0325
73 0.42625 0.15000000000000002 0.028749999999999998 0.04166600000000001
73 0.4253125 0.1954165 0.020625000000000004 0.035833000000000004
73 0.42781250000000004 0.110417 0.023125000000000007 0.027499999999999997
73 0.4296875 0.0629165 0.026874999999999982 0.035833000000000004
73 0.4578125 0.075833 0.016874999999999973 0.034999999999999996
73 0.4584375 0.14958300000000002 0.015625 0.027499999999999997
73 0.46125 0.11375 0.02124999999999999 0.034166
73 0.46125 0.1904165 0.02124999999999999 0.025833000000000023
73 0.4821875 0.1579165 0.020625000000000004 0.029167
73 0.48531250000000004 0.12041650000000001 0.01687500000000003 0.030833000000000013
73 0.4859375 0.192917 0.013124999999999998 0.037500000000000006
73 0.4896875 0.0716665 0.020625000000000004 0.036667
73 0.521875 0.3383335 0.03374999999999995 0.053332999999999964
73 0.5434375 0.18083349999999998 0.05062500000000003 0.058332999999999996
73 0.5471874999999999 0.0179165 0.048125000000000084 0.035833
73 0.5484375 0.2616665 0.024375000000000036 0.06166699999999997
73 0.5515625 0.09833349999999999 0.030625000000000013 0.051667000000000005
73 0.5909375 0.34958350000000005 0.0631250000000001 0.08583299999999999
73 0.6009375 0.1825 0.05687500000000001 0.061666
73 0.6012500000000001 0.27208350000000003 0.04500000000000004 0.06916700000000003
73 0.6121875000000001 0.01625 0.051875000000000004 0.0325
73 0.6112500000000001 0.08875 0.04375000000000007 0.07083400000000001
73 0.8209375 0.47125 0.04562500000000003 0.019166000000000016
73 0.81125 0.2508335 0.015000000000000013 0.046666999999999986
73 0.8165625 0.1875 0.015625 0.044999999999999984
73 0.830625 0.4529165 0.03874999999999995 0.02416700000000005
73 0.8215625 0.120833 0.018124999999999947 0.044999999999999984
73 0.8275 0.059583 0.011249999999999982 0.0425
73 0.8428125 0.2575 0.026874999999999982 0.04999999999999996
73 0.85125 0.1883335 0.03125 0.046666999999999986
73 0.8571875 0.06625 0.026874999999999982 0.025834000000000003
73 0.8578125 0.125833 0.028124999999999956 0.045
73 0.869375 0.49041650000000003 0.04125000000000001 0.02583300000000005
73 0.875625 0.2470835 0.03875000000000006 0.025833000000000023
73 0.8809374999999999 0.463333 0.018125000000000058 0.020000000000000018
73 0.8834375 0.430833 0.015625 0.05499999999999999
73 0.9009375 0.21958299999999997 0.02937500000000004 0.06749999999999998
73 0.93125 0.34625 0.07499999999999996 0.02416600000000002
73 0.9540625 0.4816665 0.08937499999999998 0.10833300000000001
73 0.9521875 0.29541649999999997 0.05687500000000001 0.08416700000000005
73 0.9762500000000001 0.31375 0.04625000000000001 0.08249999999999996
73 0.9784375000000001 0.1341665 0.041874999999999996 0.061667000000000013
73 0.9790625 0.02 0.04062500000000002 0.04
73 0.9853125 0.35625 0.028125000000000067 0.02416600000000002
73 0.9918750000000001 0.5183335 0.015000000000000013 0.08666700000000005
