73 0.00125 0.4258335 0.0025 0.14166700000000004
73 0.0065625 0.6108335 0.013125 0.156667
73 0.1028125 0.7995829999999999 0.205625 0.1825
73 0.115 0.944167 0.23 0.10999999999999999
73 0.0490625 0.2245835 0.093125 0.14416700000000002
73 0.019375000000000003 0.42000000000000004 0.03125 0.15333400000000003
73 0.0315625 0.425833 0.019375000000000003 0.14500000000000002
73 0.039999999999999994 0.6125 0.0075 0.15666600000000008
73 0.0453125 0.41666650000000005 0.018125000000000002 0.153333
73 0.0553125 0.613333 0.019375000000000003 0.15500000000000003
73 0.06343750000000001 0.418333 0.013125000000000005 0.15000000000000002
73 0.08281250000000001 0.4166665 0.035625000000000004 0.156667
73 0.07500000000000001 0.6075 0.015 0.15666599999999997
73 0.09312500000000001 0.6083335 0.015 0.151667
73 0.113125 0.419167 0.02499999999999998 0.15500000000000003
73 0.1265625 0.6108335 0.018125000000000002 0.146667
73 0.190625 0.2166665 0.11250000000000002 0.163333
73 0.1496875 0.6058330000000001 0.020625000000000004 0.16000000000000003
73 0.1825 0.4191665 0.08000000000000002 0.141667
73 0.214375 0.6008335 0.07500000000000001 0.13666699999999998
73 0.2240625 0.8066665 0.019375000000000003 0.11666699999999997
73 0.30625 0.22083350000000002 0.11125000000000002 0.161667
73 0.3125 0.77125 0.07750000000000001 0.13250000000000006
73 0.3153125 0.5979165 0.080625 0.13083299999999998
73 0.298125 0.420833 0.03750000000000003 0.135
73 0.323125 0.4166665 0.026249999999999996 0.146667
73 0.3415625 0.424167 0.01937500000000003 0.135
73 0.3528125 0.41375 0.023125000000000007 0.14083400000000001
73 0.3675 0.4191665 0.02749999999999997 0.141667
73 0.4928125 0.2529165 0.20812500000000006 0.13583299999999998
73 0.4765625 0.7683335 0.17062500000000003 0.15833300000000006
73 0.5025 0.4225 0.22250000000000003 0.14166600000000001
73 0.4828125 0.59375 0.17687500000000006 0.14583400000000002
73 0.534375 0.9191670000000001 0.2700000000000001 0.16000000000000003
73 0.589375 0.7437499999999999 0.07750000000000001 0.129166
73 0.634375 0.2675 0.07000000000000006 0.1
73 0.6399999999999999 0.58375 0.06874999999999998 0.12250000000000005
73 0.6325000000000001 0.42458300000000004 0.04999999999999993 0.1275
73 0.6628125 0.74125 0.083125 0.12750000000000006
73 0.673125 0.43 0.0625 0.10499999999999998
73 0.695 0.87375 0.04125000000000001 0.0625
73 0.816875 0.9620835000000001 0.18999999999999995 0.07416699999999998
73 0.806875 0.8779165 0.16625 0.16416699999999995
73 0.8165625000000001 0.273333 0.17812499999999998 0.11499999999999999
73 0.8396875 0.7362500000000001 0.22187500000000004 0.12750000000000006
73 0.85 0.5858335 0.24 0.10666700000000007
73 0.85375 0.4375 0.23750000000000004 0.10499999999999998
