73 0.1557615 0.4934895 0.27246099999999995 0.986979
73 0.0029295 0.9576825 0.005859 0.022135000000000016
73 0.0131835 0.9134115 0.026367 0.08463500000000002
73 0.0214845 0.7447919999999999 0.042969 0.182292
73 0.123047 0.13737 0.246094 0.27474
73 0.125 0.39518200000000003 0.25 0.16015600000000002
73 0.008789 0.9420575 0.013672 0.048176999999999914
73 0.022949 0.907552 0.038086 0.11197999999999997
73 0.136719 0.608724 0.21875 0.19401000000000002
73 0.145508 0.8372395 0.197266 0.19270900000000002
73 0.46582 0.0683595 0.3925779999999999 0.136719
73 0.349121 0.934896 0.030274000000000023 0.12760399999999994
73 0.3823245 0.468099 0.08105499999999999 0.175782
73 0.4951175 0.255208 0.30078099999999997 0.192708
73 0.3686525 0.8919275 0.04589900000000002 0.11197900000000005
73 0.6850585 0.8066409999999999 0.07910099999999998 0.12109399999999992
73 0.6660159999999999 0.3945315 0.017577999999999983 0.140625
73 0.6943360000000001 0.1640625 0.07226600000000005 0.22135499999999997
73 0.681152 0.4016925 0.02050799999999997 0.13671900000000003
73 0.6967775 0.6158855000000001 0.04394500000000001 0.14843700000000004
73 0.701172 0.41862 0.04101599999999994 0.12630200000000003
73 0.8212889999999999 0.0911455 0.2246100000000001 0.16666699999999998
73 0.806152 0.590495 0.09082000000000001 0.15494800000000009
73 0.7978515 0.8235680000000001 0.04492099999999999 0.09505200000000003
73 0.838379 0.824219 0.045897999999999994 0.10156200000000004
73 0.849121 0.597656 0.04199200000000003 0.15364600000000006
73 0.9575195000000001 0.07487 0.07910099999999998 0.14974
73 0.989746 0.708333 0.01855399999999996 0.15625
73 0.989746 0.9095055 0.01855399999999996 0.17578099999999997
73 0.991699 0.2975265 0.014647999999999994 0.139323
73 0.991699 0.4798175 0.014647999999999994 0.17838500000000002
