73 0.25968749999999996 0.985097 0.128125 0.028316000000000008
73 0.23031249999999998 0.35245899999999997 0.05187499999999998 0.14604999999999996
73 0.38437499999999997 0.16877799999999998 0.33999999999999997 0.128912
73 0.2828125 0.33308499999999996 0.021875000000000033 0.11326399999999998
73 0.31937499999999996 0.326006 0.03750000000000003 0.09612599999999999
73 0.35624999999999996 0.326751 0.065 0.04247400000000001
73 0.4625 0.9161699999999999 0.09375 0.10953800000000002
73 0.6396875 0.0324145 0.353125 0.064829
73 0.63125 0.1397165 0.12250000000000005 0.10506700000000001
73 0.79125 0.7429209999999999 0.41625 0.1445599999999999
73 0.7984375 0.9184055 0.401875 0.16169900000000004
73 0.910625 0.5536515 0.1775 0.14605100000000004
73 0.9128125 0.17585699999999999 0.17312499999999997 0.12220600000000001
73 0.9215625000000001 0.362891 0.155625 0.13561800000000002
