73 0.422083 0.7753125 0.25249999999999995 0.23562499999999997
73 0.2554165 0.9303125 0.24583299999999997 0.13812500000000005
73 0.27791699999999997 0.7528125 0.22749999999999998 0.15187499999999998
73 0.47875 0.2275 0.5058339999999999 0.28375
73 0.32125 0.5196875 0.18249999999999997 0.16062499999999996
73 0.415833 0.938125 0.22500000000000003 0.12250000000000005
73 0.47291700000000003 0.5303125 0.1975 0.16062499999999996
73 0.58125 0.7803125 0.20916600000000002 0.19687500000000002
73 0.61875 0.9534374999999999 0.284166 0.09187500000000004
73 0.61875 0.5284375 0.18916599999999995 0.18062500000000004
73 0.8545830000000001 0.846875 0.1825 0.3025
73 0.8625 0.5643750000000001 0.17499999999999993 0.29375000000000007
73 0.8658334999999999 0.2209375 0.17833299999999996 0.280625
