73 0.5570309999999999 0.9177085 0.26406199999999996 0.16041700000000003
73 0.739063 0.01875 0.51875 0.0375
73 0.63125 0.092708 0.3 0.08125000000000002
73 0.629688 0.234375 0.2875 0.12291600000000003
73 0.617969 0.5208335 0.254688 0.158333
73 0.609375 0.5989585 0.228124 0.10208300000000003
73 0.6156250000000001 0.3625 0.23437600000000003 0.15416600000000003
73 0.9343755 0.252083 0.12812500000000004 0.13749999999999998
73 0.9375 0.10520850000000001 0.1218760000000001 0.06458300000000002
73 0.9390625 0.6 0.11875100000000005 0.15416600000000003
73 0.9500005 0.751042 0.09687500000000004 0.11875000000000002
73 0.9625 0.42395800000000006 0.07187600000000005 0.16875
