73 0.09468750000000001 0.2801315 0.091875 0.106403
73 0.0775 0.4114875 0.0525 0.07156300000000004
73 0.079375 0.5221279999999999 0.048749999999999995 0.11205199999999993
73 0.126875 0.5541435 0.04875 0.051789000000000085
73 0.1259375 0.41054599999999997 0.04187500000000001 0.08474600000000004
73 0.2271875 0.5386065 0.08312499999999998 0.07156300000000004
73 0.215 0.398776 0.05125000000000002 0.11205199999999998
73 0.23812499999999998 0.2909605 0.0975 0.07721299999999998
73 0.270625 0.44585699999999995 0.05249999999999999 0.029189999999999994
73 0.2784375 0.5461395 0.011874999999999969 0.060262999999999955
73 0.8525 0.4477405 0.04999999999999993 0.036723000000000006
73 0.8934375000000001 0.299435 0.114375 0.07533000000000001
73 0.8953125 0.5513185 0.08437499999999998 0.04613900000000004
73 0.90625 0.443032 0.07250000000000001 0.023540000000000005
