73 0.0470835 0.30125 0.094167 0.08374999999999999
73 0.0654165 0.0675 0.130833 0.05125
73 0.1225 0.625625 0.245 0.25125
73 0.1495835 0.1353125 0.299167 0.18312499999999998
73 0.1508335 0.3940625 0.301667 0.221875
73 0.5 0.115625 0.17333400000000004 0.1875
73 0.81 0.1090625 0.37833400000000006 0.198125
73 0.816667 0.3353125 0.365 0.230625
73 0.715417 0.584375 0.15249999999999997 0.19624999999999998
73 0.8258335 0.6399999999999999 0.023333000000000048 0.03749999999999998
73 0.8483335000000001 0.6409375 0.031667 0.02562500000000001
