73 0.1271875 0.5131330000000001 0.254375 0.13508400000000004
73 0.119375 0.2115385 0.23750000000000002 0.11913699999999999
73 0.12625 0.3461535 0.24875 0.165103
73 0.08125 0.1008445 0.1525 0.12476500000000001
73 0.039375 0.021107 0.06624999999999999 0.042214
73 0.5303125 0.7870545 0.938125 0.42401500000000003
73 0.19375 0.1388365 0.07250000000000001 0.07879900000000001
73 0.3153125 0.072702 0.22187500000000002 0.126642
73 0.34187500000000004 0.24296450000000003 0.20500000000000002 0.10131300000000001
73 0.34625 0.5164165000000001 0.19125000000000003 0.12851700000000005
73 0.35187500000000005 0.3681985 0.195 0.13977499999999998
73 0.49874999999999997 0.1998125 0.15249999999999997 0.09568499999999999
73 0.500625 0.12382750000000001 0.14125000000000004 0.125703
73 0.5115625 0.272983 0.13937500000000003 0.08067600000000003
73 0.48343749999999996 0.512664 0.07812499999999994 0.113508
73 0.6428125 0.4390245 0.08687500000000004 0.06003700000000001
73 0.6481250000000001 0.369137 0.09500000000000008 0.06472800000000001
73 0.6446875000000001 0.5787990000000001 0.08562499999999995 0.061913999999999914
73 0.68625 0.2345215 0.16625 0.09568499999999999
73 0.6465624999999999 0.5131334999999999 0.08437499999999998 0.07692299999999996
73 0.7153125 0.165103 0.219375 0.131332
73 0.6421875 0.30534700000000004 0.06812499999999999 0.049717999999999984
73 0.700625 0.303002 0.053750000000000075 0.07879999999999998
73 0.7637499999999999 0.39212 0.10625000000000007 0.05065599999999998
73 0.7740625 0.3325515 0.09562500000000007 0.06848100000000001
73 0.78125 0.5140715 0.08749999999999991 0.07129499999999994
73 0.785625 0.44699849999999997 0.08624999999999994 0.05534699999999998
73 0.80125 0.2659475 0.05249999999999999 0.05534700000000001
73 0.8234375 0.393527 0.015625 0.040337999999999985
73 0.8821875 0.508443 0.07937499999999997 0.06754199999999999
73 0.8828125 0.4000935 0.078125 0.05347099999999999
73 0.8834375 0.4507505 0.07937499999999997 0.04784299999999997
73 0.8846875000000001 0.3424015 0.07437499999999997 0.06566699999999998
73 0.8909374999999999 0.22420250000000003 0.083125 0.075047
73 0.8812500000000001 0.568011 0.05874999999999997 0.04784200000000005
73 0.8896875 0.2795495 0.07562499999999994 0.052532999999999996
73 0.9546875 0.5586305 0.078125 0.051594999999999946
73 0.9565625 0.507505 0.07437499999999997 0.06191399999999997
73 0.9578125 0.453565 0.07437499999999997 0.04596600000000001
73 0.9606250000000001 0.3499065 0.07750000000000001 0.05065700000000001
73 0.9612499999999999 0.41041300000000003 0.07625000000000004 0.04409000000000002
73 0.9640625 0.29315199999999997 0.07062500000000005 0.04409000000000002
73 0.9659375 0.2439025 0.06687500000000002 0.05816099999999996
