73 0.0484375 0.87375 0.096875 0.250834
73 0.0678125 0.6233335 0.135625 0.263333
73 0.210625 0.5575 0.1475 0.15666599999999997
73 0.346875 0.665417 0.22375 0.3025
73 0.38593750000000004 0.5249999999999999 0.138125 0.15333399999999997
73 0.4971875 0.7324999999999999 0.29437500000000005 0.22666599999999992
73 0.54125 0.5575 0.15500000000000003 0.09499999999999997
73 0.57875 0.9391665 0.03875000000000006 0.10666700000000007
73 0.6000000000000001 0.919167 0.03749999999999998 0.10499999999999998
73 0.61625 0.8987499999999999 0.036250000000000004 0.09416600000000008
73 0.6487499999999999 0.5783335000000001 0.07500000000000007 0.166667
73 0.639375 0.7266665 0.036250000000000004 0.05666700000000002
73 0.654375 0.7841665 0.011249999999999982 0.05166700000000002
73 0.675625 0.79 0.04125000000000001 0.040000000000000036
73 0.6756249999999999 0.7325 0.036250000000000004 0.05166599999999999
73 0.725625 0.5862499999999999 0.07874999999999999 0.16583399999999993
73 0.8634375000000001 0.61875 0.271875 0.23750000000000004
73 0.9846874999999999 0.9358335 0.02937500000000004 0.11666700000000008
73 0.9865625 0.6616664999999999 0.02562500000000001 0.10333300000000001
73 0.9865625 0.8049999999999999 0.02562500000000001 0.11333399999999993
