73 0.709375 0.3125 0.4175 0.581666
73 0.0784375 0.0379165 0.095625 0.075833
73 0.096875 0.10833300000000001 0.07625000000000001 0.05500000000000001
73 0.09843750000000001 0.1504165 0.07312500000000001 0.035833000000000004
73 0.109375 0.21000000000000002 0.07250000000000001 0.04166600000000001
73 0.6221875 0.2533335 0.16312499999999996 0.213333
73 0.6178125000000001 0.454583 0.145625 0.1725
73 0.628125 0.0704165 0.16374999999999995 0.140833
73 0.7637499999999999 0.4375 0.12249999999999994 0.16500000000000004
73 0.7875000000000001 0.24333349999999998 0.16000000000000003 0.20833299999999996
73 0.7940625 0.0670835 0.14937500000000004 0.134167
73 0.9199999999999999 0.22708299999999998 0.09124999999999994 0.17249999999999996
73 0.944375 0.06375 0.10999999999999999 0.1275
