73 0.35898450000000004 0.403427 0.046092999999999995 0.01972999999999997
73 0.3683595 0.5482864999999999 0.019530999999999965 0.056074999999999986
73 0.4464845 0.40186900000000003 0.066407 0.029076000000000046
73 0.4796875 0.566459 0.13281299999999996 0.077882
73 0.48750000000000004 0.30218100000000003 0.12031200000000003 0.08307400000000004
73 0.678125 0.34267899999999996 0.012499999999999956 0.08515
73 0.8765624999999999 0.2123575 0.245313 0.16095500000000001
73 0.8765624999999999 0.6194185 0.245313 0.15680099999999997
73 0.879297 0.42159949999999996 0.23984399999999995 0.15991699999999998
73 0.9320314999999999 0.3187955 0.13437500000000002 0.06438299999999997
73 0.9765625 0.772586 0.04531299999999994 0.1287640000000001
