73 0.0078125 0.1835205 0.015625 0.08052500000000001
73 0.013125 0.49250950000000004 0.02625 0.08426899999999998
73 0.015 0.0805245 0.03 0.078651
73 0.0175 0.5809925 0.035 0.10767700000000002
73 0.05 0.0121725 0.1 0.024345
73 0.05 0.2907305 0.1 0.088951
73 0.0634375 0.7162919999999999 0.126875 0.07490600000000003
73 0.06625 0.811798 0.1325 0.13670399999999994
73 0.06374999999999999 0.6601125000000001 0.12374999999999999 0.097379
73 0.033125 0.184457 0.0475 0.086142
73 0.04625 0.0889515 0.046250000000000006 0.07677900000000001
73 0.0509375 0.4695695 0.053125 0.10018699999999997
73 0.06375 0.556648 0.06 0.12078599999999995
73 0.0784375 0.18632949999999998 0.038125000000000006 0.078651
73 0.1003125 0.5444755 0.045625 0.11516900000000002
73 0.114375 0.3820225 0.07375 0.059925000000000006
73 0.1478125 0.7392325 0.130625 0.10580500000000004
73 0.325 0.5889515000000001 0.4525 0.31647900000000007
73 0.14875 0.0215355 0.0975 0.043071
73 0.13874999999999998 0.093165 0.07125000000000001 0.085206
73 0.18312499999999998 0.4499065 0.155 0.10018700000000003
73 0.165625 0.2837075 0.11249999999999999 0.07116100000000003
73 0.1471875 0.191011 0.073125 0.06928799999999999
73 0.13624999999999998 0.543071 0.04124999999999998 0.08988799999999997
73 0.16218749999999998 0.382959 0.031875000000000014 0.050561999999999996
73 0.16218749999999998 0.5337075 0.031875000000000014 0.08239700000000005
73 0.184375 0.361423 0.06 0.07303400000000004
73 0.1846875 0.52809 0.02812500000000001 0.07490600000000003
73 0.2125 0.196629 0.057499999999999996 0.06179800000000002
73 0.2028125 0.52809 0.030625000000000013 0.07490600000000003
73 0.22375 0.110487 0.044999999999999984 0.06928800000000002
73 0.2209375 0.5112355 0.030624999999999986 0.07677900000000004
73 0.22843750000000002 0.375 0.030624999999999986 0.042134000000000005
73 0.2590625 0.49625450000000004 0.030624999999999986 0.07677899999999999
73 0.35250000000000004 0.4428835 0.058750000000000024 0.07677899999999999
73 0.3621875 0.0805245 0.03187499999999999 0.048689
73 0.3853125 0.141386 0.06562500000000004 0.06928799999999999
73 0.423125 0.387172 0.14125000000000004 0.03464400000000001
73 0.3678125 0.2083335 0.023125000000000007 0.064607
73 0.39437500000000003 0.223783 0.04750000000000004 0.022471999999999992
73 0.41812499999999997 0.29775300000000005 0.05624999999999997 0.01685399999999998
73 0.445625 0.14466299999999999 0.04249999999999998 0.04962599999999999
73 0.4596875 0.2027155 0.044375 0.053371
73 0.521875 0.5 0.10499999999999998 0.043072
73 0.528125 0.136236 0.08750000000000002 0.055244
73 0.5184375 0.262172 0.034375000000000044 0.06179800000000002
73 0.5365625 0.1975655 0.06062500000000004 0.063671
73 0.5865625 0.5720974999999999 0.078125 0.10486899999999999
73 0.6012500000000001 0.4915735 0.04874999999999996 0.07116100000000003
73 0.7528125 0.196629 0.07562500000000005 0.050561999999999996
73 0.75625 0.2944755 0.08250000000000002 0.019662999999999986
73 0.756875 0.1493445 0.08374999999999999 0.04400699999999999
73 0.754375 0.24953199999999998 0.07250000000000001 0.04026199999999999
73 0.7571875 0.0969105 0.078125 0.053371
73 0.8196875 0.4021535 0.03687499999999999 0.081461
73 0.8721875 0.4302435 0.06562500000000004 0.03651700000000002
73 0.86375 0.368446 0.04625000000000001 0.051498000000000044
73 0.863125 0.3141385 0.040000000000000036 0.049624999999999975
73 0.878125 0.2008425 0.05874999999999997 0.053371
73 0.881875 0.2542135 0.06625000000000003 0.053371
73 0.8915625 0.14606750000000002 0.08562499999999995 0.05617900000000001
73 0.9153125 0.323502 0.06687500000000002 0.04588000000000003
73 0.9068750000000001 0.3731275 0.03749999999999998 0.038389000000000006
73 0.9428125 0.207397 0.03187499999999999 0.04026200000000002
73 0.94 0.43118 0.008749999999999925 0.04588000000000003
73 0.9778125 0.3394195 0.04312499999999997 0.117041
73 0.9796875 0.121723 0.03937500000000005 0.08052399999999998
73 0.9803125 0.1793075 0.038124999999999964 0.042135000000000006
73 0.9815625 0.257959 0.03562500000000002 0.023407999999999984
73 0.9821875 0.220506 0.034375000000000044 0.029025999999999996
