73 0.0246875 0.078154 0.049375 0.09416200000000001
73 0.081875 0.3926555 0.16375 0.16007499999999997
73 0.0825 0.23540499999999998 0.165 0.15819199999999997
73 0.11375 0.548964 0.14125000000000001 0.16760799999999998
73 0.09375 0.688795 0.08124999999999999 0.108286
73 0.105625 0.395951 0.037500000000000006 0.14971800000000002
73 0.243125 0.532015 0.06875000000000003 0.15630799999999995
73 0.29125 0.23069699999999999 0.1575 0.148776
73 0.3053125 0.38983049999999997 0.175625 0.15819299999999997
73 0.2359375 0.6850285 0.03437499999999999 0.115819
73 0.44437499999999996 0.484463 0.09500000000000003 0.134652
73 0.4453125 0.6153485000000001 0.08437499999999998 0.115819
73 0.475625 0.2283425 0.14 0.12523499999999999
73 0.4715625 0.3629945 0.12687500000000002 0.12711899999999998
73 0.6203125 0.346987 0.12937500000000002 0.11958599999999997
73 0.6268750000000001 0.23069650000000003 0.13750000000000007 0.10169500000000001
73 0.65125 0.5903955000000001 0.14500000000000002 0.08097900000000002
73 0.65625 0.47175100000000003 0.1399999999999999 0.13371000000000005
73 0.7403125 0.5983995 0.02562500000000001 0.11205299999999996
73 0.8209375000000001 0.474576 0.176875 0.09981200000000001
73 0.811875 0.359228 0.15375000000000005 0.11958599999999997
73 0.8209375 0.2311675 0.16937500000000005 0.11205300000000001
73 0.9575 0.59322 0.08374999999999999 0.06403000000000003
73 0.9715625 0.6704330000000001 0.055625000000000036 0.07909599999999994
73 0.9728125000000001 0.507533 0.05312499999999998 0.12429399999999996
73 0.97375 0.371469 0.050000000000000044 0.12523600000000001
73 0.975625 0.23634650000000001 0.04749999999999999 0.10922699999999999
