73 0.2243535 0.3882275 0.448707 0.13888900000000004
73 0.2260215 0.2757935 0.452043 0.10978899999999997
73 0.233528 0.652778 0.467056 0.12301600000000001
73 0.239366 0.568783 0.478732 0.08201000000000003
73 0.499166 0.9007935 0.998332 0.19576700000000002
73 0.239366 0.4927245 0.473728 0.10714299999999999
73 0.701418 0.218254 0.510426 0.10582000000000003
73 0.6934945 0.36375650000000004 0.4895749999999999 0.097883
73 0.70392 0.2943125 0.510426 0.05423300000000003
73 0.707256 0.47023800000000004 0.508758 0.12301600000000007
73 0.693495 0.6435185 0.46789000000000003 0.07275100000000001
73 0.701001 0.693783 0.47789799999999993 0.046296000000000004
73 0.704754 0.5634925 0.45204400000000006 0.10052899999999998
