73 0.0511945 0.22781249999999997 0.102389 0.061874999999999986
73 0.065273 0.4171875 0.130546 0.05812499999999998
73 0.0895905 0.294375 0.179181 0.06125000000000003
73 0.0942835 0.47531249999999997 0.188567 0.05437499999999995
73 0.095563 0.3515625 0.191126 0.06312499999999999
73 0.056314 0.156875 0.069966 0.056249999999999994
73 0.133106 0.16249999999999998 0.05631399999999999 0.05124999999999999
73 0.15742299999999998 0.224375 0.053753999999999996 0.06125
73 0.3289245 0.2209375 0.302901 0.05812500000000001
73 0.21459050000000002 0.16031250000000002 0.05204699999999998 0.053125000000000006
73 0.340444 0.2865625 0.30375399999999997 0.05312499999999998
73 0.3395905 0.35062499999999996 0.28668899999999997 0.05499999999999999
73 0.3417235 0.4096875 0.287543 0.05312500000000003
73 0.3054605 0.471875 0.17235499999999998 0.05125000000000002
73 0.2726105 0.161875 0.04180900000000004 0.046249999999999986
73 0.332338 0.1659375 0.043516 0.044375
73 0.4163825 0.7878125 0.17918099999999998 0.08187500000000003
73 0.392918 0.1584375 0.05887399999999998 0.053125000000000006
73 0.447952 0.469375 0.05631400000000003 0.04625000000000001
73 0.4534985 0.1515625 0.04863500000000004 0.066875
73 0.557167 0.469375 0.12628000000000006 0.05625000000000002
73 0.5678325 0.215625 0.14761100000000005 0.06125
73 0.567833 0.28500000000000003 0.13737199999999994 0.06
73 0.5712459999999999 0.41125 0.14419799999999994 0.06625000000000003
73 0.5725255 0.3490625 0.13822500000000004 0.05437499999999995
73 0.5725255 0.1509375 0.052900999999999976 0.058124999999999996
73 0.616894 0.148125 0.044368000000000074 0.06000000000000001
73 0.68686 0.36 0.09044399999999997 0.18625000000000003
73 0.6941125 0.5378125 0.10494899999999996 0.254375
73 0.6983790000000001 0.186875 0.08617799999999998 0.1675
73 0.8609215 0.67875 0.276451 0.34875
73 0.8690275000000001 0.448125 0.260239 0.32125000000000004
73 0.883106 0.17906249999999999 0.232082 0.24812499999999998
73 0.892065 0.9396875 0.14249200000000006 0.11937500000000001
73 0.9441125 0.7628125 0.11006899999999997 0.171875
