73 0.0771875 0.620625 0.154375 0.12
73 0.080625 0.9337500000000001 0.16125 0.13124999999999998
73 0.0821875 0.78625 0.164375 0.12624999999999997
73 0.083125 0.46875 0.16625 0.12999999999999995
73 0.33187500000000003 0.499375 0.13999999999999996 0.19500000000000006
73 0.35843749999999996 0.6575 0.14187500000000003 0.15874999999999995
73 0.4128125 0.7990625 0.21687499999999998 0.12437500000000001
73 0.4190625 0.9281250000000001 0.20187500000000003 0.14
73 0.45406250000000004 0.515625 0.10812500000000003 0.13874999999999998
73 0.45406250000000004 0.6471875 0.080625 0.11812500000000004
73 0.553125 0.5196875000000001 0.10375000000000001 0.12312500000000004
73 0.5490625 0.6487499999999999 0.08562500000000006 0.10750000000000004
73 0.6453125 0.753125 0.22687500000000005 0.14875000000000005
73 0.6003125 0.9009375 0.08562499999999995 0.12312500000000004
73 0.65125 0.639375 0.11250000000000004 0.10624999999999996
73 0.6446875 0.52125 0.06812499999999999 0.10250000000000004
73 0.7215625 0.8596874999999999 0.109375 0.14687499999999998
73 0.8784375 0.5384375 0.21187500000000004 0.14687499999999992
