73 0.3234375 0.6885555 0.224375 0.21013100000000007
73 0.4815625 0.2148215 0.11562500000000003 0.07692299999999999
73 0.48343749999999996 0.283771 0.106875 0.04596600000000001
73 0.489375 0.3353655 0.09749999999999998 0.03470899999999999
73 0.619375 0.5004689999999999 0.20375 0.10225199999999995
73 0.65 0.3822705 0.20625000000000004 0.12288900000000003
73 0.6678124999999999 0.22514099999999998 0.23187499999999994 0.13320799999999997
73 0.6640625 0.621013 0.05812499999999998 0.07879999999999998
73 0.8890625000000001 0.21482199999999999 0.22062499999999996 0.15384599999999998
73 0.9325 0.48874249999999997 0.13375000000000004 0.09756099999999995
73 0.9353125 0.35788 0.12812500000000004 0.13227
