73 0.095 0.4894365 0.10333399999999998 0.823943
73 0.2308335 0.49061 0.19166699999999998 0.86385
73 0.29833350000000003 0.5 0.136667 0.769954
73 0.386667 0.511737 0.19 0.765258
73 0.4525 0.539906 0.09166600000000003 0.69953
73 0.5041665 0.5457745 0.09166700000000005 0.673709
73 0.53 0.579812 0.05333399999999999 0.57277
73 0.6141665000000001 0.536385 0.11833299999999991 0.720658
73 0.6583330000000001 0.5539905 0.06999999999999995 0.666667
73 0.704167 0.5739434999999999 0.08499999999999996 0.664319
73 0.7258335 0.5938965 0.031667 0.624413
73 0.7616665 0.568075 0.046667000000000014 0.671362
73 0.825 0.5669015 0.11666600000000005 0.659625
73 0.9241665 0.5868545000000001 0.11833300000000002 0.671361
73 0.9891665000000001 0.5833335 0.018333000000000044 0.673709
