73 0.0328125 0.6541665000000001 0.065625 0.208333
73 0.0421875 0.891667 0.084375 0.21250000000000002
73 0.499219 0.31875 0.998438 0.445834
73 0.046093999999999996 0.0645835 0.089062 0.10416700000000001
73 0.18125000000000002 0.8979170000000001 0.21875000000000003 0.20000000000000007
73 0.4109375 0.651042 0.6593749999999999 0.21875
73 0.216406 0.053125 0.207812 0.10625
73 0.3789065 0.9989585000000001 0.192187 0.002082999999999946
73 0.38203149999999997 0.9364585000000001 0.19843700000000003 0.12291700000000005
73 0.375 0.0614585 0.09687599999999996 0.122917
73 0.49453099999999994 0.0489585 0.13906199999999996 0.097917
73 0.577344 0.921875 0.21406199999999997 0.1520840000000001
73 0.6179685 0.05 0.09218700000000002 0.1
73 0.7750005 0.8895835000000001 0.25312500000000004 0.21666700000000005
73 0.7671875 0.0489585 0.203125 0.097917
73 0.790625 0.6364585 0.14375000000000004 0.21458299999999997
73 0.9375 0.915625 0.1218760000000001 0.16458400000000006
