73 0.26375 0.6179165 0.47125 0.07583300000000004
73 0.305625 0.54125 0.04125000000000001 0.07750000000000001
73 0.3515625 0.54125 0.03187499999999999 0.07083400000000006
73 0.4103125 0.58 0.046875 0.05166599999999999
73 0.4109375 0.530833 0.04812499999999997 0.050000000000000044
73 0.4828125 0.935833 0.13187499999999996 0.08499999999999996
73 0.48906249999999996 0.7895835 0.13937499999999997 0.07083299999999992
73 0.4871875 0.7145835 0.130625 0.06583300000000003
73 0.4884375 0.8604164999999999 0.13312500000000005 0.07416699999999998
73 0.47625000000000006 0.5795835 0.05375000000000002 0.035833000000000004
73 0.47375 0.5266664999999999 0.04125000000000001 0.04833300000000007
73 0.520625 0.61875 0.03374999999999995 0.0625
73 0.5140625000000001 0.579583 0.01937500000000003 0.022500000000000075
73 0.515 0.5395835 0.02124999999999999 0.029166999999999943
73 0.5646875 0.6258334999999999 0.04562500000000003 0.06333299999999997
73 0.5684374999999999 0.5466664999999999 0.011874999999999969 0.043332999999999955
73 0.6209374999999999 0.7345835000000001 0.11312500000000003 0.06416699999999997
73 0.5984375 0.935 0.06312499999999999 0.068334
73 0.6003125 0.8308329999999999 0.06437499999999996 0.06999999999999995
73 0.590625 0.617083 0.025000000000000022 0.0675
73 0.6009375 0.5441665 0.01937499999999992 0.04833299999999996
73 0.7946875 0.8300000000000001 0.01937499999999992 0.05500000000000005
73 0.7990625 0.8866665 0.020625000000000004 0.05166700000000002
73 0.8071875 0.7 0.020625000000000004 0.05999999999999994
73 0.8121875000000001 0.751667 0.030625000000000013 0.06000000000000005
73 0.8121875000000001 0.8025 0.030625000000000013 0.05499999999999994
73 0.8215625 0.8712500000000001 0.016874999999999973 0.05916599999999994
73 0.8328125 0.68625 0.02562500000000001 0.039166000000000034
73 0.8365625 0.7395835 0.018124999999999947 0.04916700000000007
73 0.8415625 0.7920834999999999 0.020625000000000004 0.044166999999999956
73 0.844375 0.8466665 0.023749999999999938 0.05666700000000002
73 0.8703125 0.641667 0.02562500000000001 0.050000000000000044
73 0.8765625 0.7508334999999999 0.015625 0.04833300000000007
73 0.88 0.7024999999999999 0.011249999999999982 0.04833399999999999
73 0.880625 0.8 0.012499999999999956 0.05999999999999994
