73 0.0195835 0.8625 0.039167 0.06999999999999995
73 0.0241665 0.5675 0.048333 0.06499999999999995
73 0.0420835 0.5728125 0.084167 0.048125000000000084
73 0.0604165 0.7171875 0.120833 0.05687500000000001
73 0.08208299999999999 0.8512500000000001 0.1325 0.11249999999999993
73 0.0891665 0.9834375 0.136667 0.03187499999999999
73 0.11875 0.5703125 0.14583400000000002 0.0731250000000001
73 0.1845835 0.7103124999999999 0.14083299999999999 0.073125
73 0.2154165 0.590625 0.11583299999999999 0.036250000000000004
73 0.21875 0.8734375000000001 0.11416599999999999 0.07187500000000002
73 0.2141665 0.7246874999999999 0.086667 0.05437499999999995
73 0.2475 0.9750000000000001 0.13 0.04874999999999996
73 0.35 0.711875 0.125 0.08374999999999999
73 0.305417 0.5703125 0.03249999999999997 0.04312500000000008
73 0.3354165 0.869375 0.05916699999999997 0.05624999999999991
73 0.3466665 0.569375 0.06833299999999998 0.04749999999999999
73 0.396667 0.5634375 0.05499999999999999 0.05312499999999998
73 0.4083335 0.865 0.06833299999999998 0.06499999999999995
73 0.4354165 0.5575 0.06416700000000003 0.05125000000000002
73 0.46499999999999997 0.7078125 0.11000000000000004 0.09187500000000004
73 0.5070835 0.8565625 0.13416699999999998 0.08187499999999992
73 0.5275000000000001 0.989375 0.13 0.020000000000000018
73 0.5016665 0.564375 0.06833299999999998 0.04125000000000001
73 0.54 0.7096875 0.036665999999999976 0.05812499999999998
73 0.5470835000000001 0.565 0.0458329999999999 0.036250000000000004
73 0.5904165 0.711875 0.06416700000000009 0.06999999999999995
73 0.5991664999999999 0.8674999999999999 0.08166700000000005 0.06999999999999995
73 0.612917 0.5625 0.07250000000000001 0.04125000000000001
73 0.6641665 0.9790625 0.14333299999999993 0.04062500000000002
73 0.6299999999999999 0.8665625 0.056665999999999994 0.06812499999999999
73 0.68625 0.6990624999999999 0.14583400000000002 0.08562499999999995
73 0.6858335 0.5618749999999999 0.09166699999999994 0.04625000000000001
73 0.6995835 0.8590625000000001 0.10916700000000001 0.08062500000000006
73 0.8033335 0.5387500000000001 0.161667 0.03749999999999998
73 0.7816665 0.5675 0.06333299999999997 0.04125000000000001
73 0.7737499999999999 0.6615625 0.03916599999999992 0.04437499999999994
73 0.7887500000000001 0.7309375 0.05916599999999994 0.03937499999999994
73 0.81 0.6581250000000001 0.029999999999999916 0.03749999999999998
73 0.8204165000000001 0.5653125 0.04083300000000001 0.02562500000000001
73 0.8316669999999999 0.7315625 0.04500000000000004 0.04062499999999991
73 0.8474999999999999 0.6609375 0.036665999999999976 0.03562500000000002
73 0.8545834999999999 0.7281249999999999 0.0458329999999999 0.04749999999999999
73 0.8725 0.5940624999999999 0.04999999999999993 0.03562499999999991
73 0.881667 0.6625 0.050000000000000044 0.03875000000000006
73 0.88625 0.725625 0.054165999999999936 0.036250000000000004
