73 0.19140600000000002 0.313802 0.04492199999999999 0.049480000000000024
73 0.188965 0.24804700000000002 0.032226000000000005 0.061198
73 0.19873049999999998 0.376953 0.045898999999999995 0.06119800000000003
73 0.20166 0.505208 0.051758 0.057292000000000065
73 0.1967775 0.4401045 0.034179000000000015 0.049478999999999995
73 0.199707 0.5683595 0.03417999999999999 0.040364999999999984
73 0.2524415 0.29622400000000004 0.07910099999999998 0.08463599999999999
73 0.2270505 0.5683590000000001 0.026367 0.058593999999999924
73 0.25293 0.3665365 0.06640600000000002 0.066407
73 0.256836 0.22200549999999997 0.06640599999999999 0.08463499999999999
73 0.2329105 0.5032555 0.008788999999999991 0.050780999999999965
73 0.2456055 0.44986950000000003 0.010743000000000003 0.04557300000000003
73 0.35546849999999997 0.1822915 0.130859 0.10156300000000001
73 0.34033199999999997 0.2773435 0.08691399999999999 0.07812500000000003
73 0.7480469999999999 0.12109349999999999 0.324218 0.197917
73 0.864258 0.36263 0.09375 0.12630200000000003
