73 0.13187500000000002 0.575 0.10750000000000001 0.361666
73 0.25625 0.43500000000000005 0.04250000000000004 0.14666600000000002
73 0.256875 0.585417 0.03625000000000003 0.14749999999999996
73 0.26125 0.73 0.04249999999999998 0.14500000000000002
73 0.2953125 0.5883335000000001 0.046875 0.156667
73 0.30062500000000003 0.433333 0.05124999999999996 0.16000000000000003
73 0.299375 0.7404165 0.043749999999999956 0.150833
73 0.34281249999999996 0.755417 0.060624999999999984 0.1775
73 0.34125 0.5866665 0.04249999999999998 0.156667
73 0.345625 0.41583349999999997 0.04625000000000001 0.163333
73 0.3959375 0.587917 0.059374999999999956 0.1775
73 0.395625 0.40375 0.050000000000000044 0.18083400000000005
73 0.45687500000000003 0.5895835 0.07500000000000001 0.19083300000000003
73 0.45875 0.3941665 0.06874999999999998 0.19666699999999998
