73 0.2621875 0.5556485 0.09562499999999999 0.06694500000000003
73 0.32218749999999996 0.5615060000000001 0.01687500000000003 0.05523
73 0.40812499999999996 0.6343099999999999 0.18624999999999997 0.05523
73 0.35468750000000004 0.568619 0.05437500000000001 0.04100400000000004
73 0.47625 0.5715485 0.14 0.07029299999999994
73 0.481875 0.717573 0.08999999999999997 0.032636
73 0.598125 0.6556485 0.17999999999999994 0.08451900000000001
73 0.615 0.7313810000000001 0.13 0.056903999999999955
73 0.6990624999999999 0.5870295 0.291875 0.09121299999999999
73 0.7106250000000001 0.740167 0.04500000000000004 0.06108800000000003
73 0.7940625 0.67364 0.09187499999999993 0.07196599999999997
73 0.7953125 0.7627615 0.05812499999999998 0.03263499999999997
