73 0.101875 0.5883335000000001 0.20375 0.10166700000000006
73 0.11406250000000001 0.7308335 0.026874999999999996 0.11166699999999996
73 0.12406249999999999 0.86625 0.025624999999999995 0.11416599999999999
73 0.15031250000000002 0.7224999999999999 0.05812500000000001 0.11833400000000005
73 0.1628125 0.865 0.051875000000000004 0.10833399999999993
73 0.196875 0.7258335 0.05249999999999999 0.09166699999999994
73 0.2053125 0.8583335 0.044375 0.098333
73 0.2384375 0.5833335 0.049375 0.088333
73 0.2521875 0.8491664999999999 0.05812500000000001 0.09666699999999995
73 0.8200000000000001 0.5641665 0.20125000000000004 0.098333
73 0.8278125000000001 0.6799999999999999 0.20687500000000003 0.09999999999999998
73 0.8265625 0.789167 0.20187500000000003 0.1050000000000001
73 0.7593749999999999 0.937917 0.04874999999999996 0.12250000000000005
73 0.9859375 0.675 0.026874999999999982 0.10333399999999993
