73 0.0903125 0.6416664999999999 0.173125 0.156667
73 0.091875 0.4566665 0.16124999999999998 0.284445
73 0.21250000000000002 0.62 0.1975 0.177778
73 0.21625 0.4338885 0.13875 0.23888899999999996
73 0.29625 0.39222250000000003 0.10375000000000001 0.20888900000000005
73 0.3578125 0.567222 0.18562499999999998 0.12777799999999995
73 0.40218750000000003 0.618333 0.133125 0.14777799999999996
73 0.39249999999999996 0.42388899999999996 0.10125 0.19666599999999995
73 0.5034375 0.5572225 0.12062499999999998 0.11666699999999997
73 0.494375 0.3955555 0.09749999999999998 0.20666700000000005
73 0.589375 0.603889 0.14874999999999994 0.1499999999999999
73 0.5975 0.3944445 0.10624999999999996 0.20888900000000005
73 0.674375 0.45944450000000003 0.13 0.20333300000000004
73 0.7525 0.6411115000000001 0.16249999999999998 0.1711109999999999
73 0.7653125000000001 0.43277750000000004 0.09562499999999996 0.22333300000000006
73 0.79625 0.621111 0.11125000000000007 0.15333399999999997
73 0.8821875 0.5266665 0.18312499999999998 0.17333300000000001
73 0.910625 0.398889 0.14125 0.255556
