73 0.0591665 0.2225 0.118333 0.13125000000000003
73 0.06375 0.37093750000000003 0.1275 0.138125
73 0.0658335 0.52625 0.131667 0.135
73 0.0729165 0.668125 0.145833 0.14500000000000002
73 0.0770835 0.8321875 0.145833 0.11812500000000004
73 0.11916650000000001 0.6759375000000001 0.018333000000000002 0.10187500000000005
73 0.269583 0.5171875 0.1975 0.5706249999999999
73 0.4254165 0.4546875 0.090833 0.11812500000000004
73 0.481667 0.45406250000000004 0.025000000000000022 0.133125
73 0.5179165 0.45906250000000004 0.03916699999999995 0.17062500000000003
73 0.582917 0.47875 0.07250000000000001 0.036250000000000004
73 0.584167 0.37468749999999995 0.07499999999999996 0.03937499999999999
73 0.58375 0.44875 0.06583399999999995 0.03375
73 0.585 0.409375 0.068334 0.03749999999999998
73 0.5854165 0.515625 0.05916699999999997 0.03750000000000003
73 0.7229165 0.34468750000000004 0.14416700000000005 0.04562499999999997
73 0.7275 0.450625 0.14333399999999996 0.04249999999999998
73 0.7275 0.39437500000000003 0.13 0.04250000000000004
73 0.72875 0.5984375 0.13250000000000006 0.038125000000000075
73 0.7295834999999999 0.49406249999999996 0.13416700000000004 0.044375
73 0.72875 0.54125 0.12749999999999995 0.04249999999999998
73 0.9575 0.596875 0.08000000000000007 0.09249999999999992
73 0.9595835 0.27468750000000003 0.07916699999999999 0.09437500000000001
73 0.9595835 0.48906249999999996 0.07916699999999999 0.08937499999999993
73 0.965417 0.380625 0.0675 0.08999999999999997
