73 0.1240625 0.36822350000000004 0.139375 0.13094299999999998
73 0.1515625 0.6647205 0.08687500000000001 0.10675500000000004
73 0.2375 0.204754 0.07749999999999999 0.130942
73 0.244375 0.5558799999999999 0.09124999999999997 0.127606
73 0.500625 0.8365305000000001 0.09000000000000002 0.10675500000000004
73 0.5065625 0.739366 0.09437499999999999 0.07089199999999996
73 0.58 0.849458 0.05249999999999999 0.18431999999999993
73 0.7265625 0.6588825 0.16312499999999996 0.15346099999999996
73 0.7071875000000001 0.8653044999999999 0.06187500000000001 0.15262699999999996
73 0.8746875000000001 0.8306925000000001 0.249375 0.09507900000000002
73 0.9203125000000001 0.713094 0.15812499999999996 0.11676400000000009
73 0.9099999999999999 0.5141785 0.03874999999999995 0.12260300000000002
73 0.96625 0.6009175 0.06625000000000003 0.079233
