73 0.671875 0.2391665 0.47374999999999995 0.261667
73 0.6834375 0.8458335 0.435625 0.2583329999999999
73 0.49312500000000004 0.5208335 0.04375000000000001 0.218333
73 0.5203125 0.5208335 0.015625 0.211667
73 0.5378125 0.5137499999999999 0.021874999999999978 0.22583399999999998
73 0.5628124999999999 0.5208335 0.028125000000000067 0.221667
73 0.5784374999999999 0.53125 0.013124999999999942 0.194166
73 0.6078125 0.5320834999999999 0.04437500000000005 0.20083299999999993
73 0.6384375 0.5345835 0.014375000000000027 0.19083300000000003
73 0.6499999999999999 0.5545835 0.01375000000000004 0.16583299999999995
73 0.6584375 0.546667 0.015625 0.18500000000000005
73 0.6753125 0.54 0.015625 0.19499999999999995
73 0.69125 0.54125 0.011249999999999982 0.1875
73 0.6990624999999999 0.5470835 0.011874999999999969 0.18083299999999997
73 0.7128125000000001 0.5570835 0.018125000000000058 0.16083299999999995
73 0.7234375 0.5562499999999999 0.01937500000000003 0.1725
73 0.7365625 0.55125 0.02187500000000009 0.18583400000000005
73 0.7675000000000001 0.5408335 0.04749999999999999 0.20333299999999999
73 0.7540625000000001 0.5495835 0.018125000000000058 0.17916700000000002
73 0.7634375 0.5545835 0.02187500000000009 0.17916700000000002
73 0.7953125 0.5425 0.018124999999999947 0.20666600000000002
73 0.8134375 0.552083 0.015625 0.1875
73 0.8284374999999999 0.5529165 0.021874999999999978 0.18916699999999997
73 0.8365625 0.5491665 0.028124999999999956 0.19333299999999998
73 0.8534375000000001 0.5516665000000001 0.020625000000000004 0.19833299999999998
73 0.8740625 0.5554165 0.030625000000000013 0.19083299999999997
73 0.9159375000000001 0.56375 0.06562499999999993 0.174166
