73 0.014375 0.46883850000000005 0.02875 0.33144500000000005
73 0.0178125 0.8626065 0.035625 0.272899
73 0.2734375 0.1033995 0.5393749999999999 0.206799
73 0.0415625 0.858357 0.039375 0.28139800000000004
73 0.0421875 0.4730875 0.035625 0.345609
73 0.0715625 0.8663835 0.045625 0.26534500000000005
73 0.0696875 0.474032 0.036875 0.33616599999999996
73 0.08937500000000001 0.8659110000000001 0.04875 0.256846
73 0.1021875 0.470255 0.03312499999999999 0.33616599999999996
73 0.10999999999999999 0.870633 0.04625 0.243626
73 0.1290625 0.4683665 0.028124999999999997 0.33238900000000005
73 0.1375 0.8729935 0.037500000000000006 0.24834699999999998
73 0.1565625 0.4749765 0.029375000000000012 0.338055
73 0.16125 0.8696885000000001 0.036250000000000004 0.24173699999999998
73 0.1759375 0.8847970000000001 0.02437499999999998 0.2285180000000001
73 0.1821875 0.47119900000000003 0.03187499999999999 0.3305
73 0.1996875 0.877715 0.020625000000000004 0.24268200000000006
73 0.2059375 0.4721435 0.013124999999999998 0.33238899999999993
73 0.2215625 0.875354 0.023125000000000007 0.23796000000000006
73 0.219375 0.473088 0.0062500000000000056 0.33427799999999996
73 0.2290625 0.4730875 0.013124999999999998 0.31916900000000004
73 0.2453125 0.8796035 0.019375000000000003 0.23890500000000003
73 0.2471875 0.477809 0.018124999999999974 0.328612
73 0.2603125 0.883853 0.029375000000000012 0.230406
73 0.25875 0.483947 0.0050000000000000044 0.33711
73 0.2759375 0.47875350000000005 0.024375000000000036 0.31539100000000003
73 0.29000000000000004 0.885741 0.027500000000000024 0.22285200000000005
73 0.3021875 0.482531 0.02312499999999995 0.315392
73 0.30843750000000003 0.88763 0.013124999999999998 0.22285200000000005
73 0.32781249999999995 0.4853635 0.023125000000000007 0.32105700000000004
73 0.3259375 0.88763 0.014375000000000027 0.22285200000000005
73 0.34187500000000004 0.8847970000000001 0.017500000000000016 0.2285180000000001
73 0.34562499999999996 0.48253100000000004 0.012500000000000011 0.322946
73 0.3621875 0.4796975 0.030625000000000013 0.33238900000000005
73 0.3640625 0.8999055 0.021874999999999978 0.19830100000000006
73 0.3840625 0.47592049999999997 0.02062499999999995 0.324835
73 0.3821875 0.904155 0.009375000000000022 0.18602400000000008
73 0.3990625 0.483947 0.019374999999999976 0.329556
73 0.40156250000000004 0.9032105 0.02437499999999998 0.19169100000000006
73 0.41812499999999997 0.8999055 0.023749999999999993 0.19830100000000006
73 0.4175 0.48961299999999996 0.015000000000000013 0.32955599999999996
73 0.4265625 0.8966005 0.010624999999999996 0.19169100000000006
73 0.4296875 0.487252 0.011874999999999969 0.31728
73 0.4409375 0.4952785 0.021875000000000033 0.329557
73 0.438125 0.9032105 0.0050000000000000044 0.19169100000000006
73 0.4509375 0.910765 0.015625 0.17658200000000002
73 0.4628125 0.9098205 0.021874999999999978 0.17847100000000005
73 0.4640625 0.4844195 0.016874999999999973 0.31916900000000004
73 0.5003124999999999 0.4915015 0.02937500000000004 0.333333
73 0.5140625 0.8692165000000001 0.03687499999999999 0.2596790000000001
73 0.52125 0.497167 0.015000000000000013 0.333334
73 0.5371874999999999 0.479698 0.01937500000000003 0.302172
73 0.546875 0.8729935 0.03875000000000006 0.25212500000000004
73 0.549375 0.48819650000000003 0.007499999999999951 0.30406099999999997
73 0.57875 0.483475 0.05125000000000002 0.313504
73 0.5740625 0.868272 0.028124999999999956 0.261568
73 0.599375 0.8692165000000001 0.010000000000000009 0.2596790000000001
73 0.6146875 0.48158650000000003 0.030625000000000013 0.321057
73 0.615 0.8720495 0.0050000000000000044 0.25401300000000004
73 0.6365624999999999 0.877715 0.013124999999999942 0.24268200000000006
73 0.650625 0.47875349999999994 0.04125000000000001 0.319169
73 0.6565624999999999 0.8847970000000001 0.01937500000000003 0.2285180000000001
73 0.6737500000000001 0.47969799999999996 0.022500000000000075 0.31727999999999995
73 0.6871875000000001 0.8767705 0.014374999999999916 0.2445710000000001
73 0.7 0.47592049999999997 0.02749999999999997 0.324835
73 0.703125 0.8885745 0.014999999999999902 0.22096300000000002
73 0.7221875 0.477809 0.020625000000000004 0.328612
73 0.7262500000000001 0.8829085000000001 0.022500000000000075 0.23229500000000003
73 0.7384375 0.49952799999999997 0.014375000000000027 0.30972599999999995
73 0.7525 0.8857415 0.032500000000000084 0.22662900000000008
73 0.7590625 0.492446 0.016874999999999973 0.32766799999999996
73 0.77625 0.8819645 0.022499999999999964 0.23418300000000003
73 0.805625 0.1142585 0.06874999999999998 0.228517
73 0.7890625 0.500472 0.030624999999999902 0.31539199999999995
73 0.8006249999999999 0.8847970000000001 0.01749999999999996 0.2285180000000001
73 0.826875 0.1109535 0.06999999999999995 0.214353
73 0.8190625 0.483475 0.03187499999999999 0.298394
73 0.8165625000000001 0.8895185000000001 0.009375000000000022 0.21907500000000002
73 0.830625 0.890463 0.01375000000000004 0.2171860000000001
73 0.859375 0.1071765 0.06374999999999997 0.214353
73 0.8434375000000001 0.4976395 0.02937500000000004 0.3135029999999999
73 0.8565625 0.8885745 0.024375000000000036 0.22096300000000002
73 0.8609374999999999 0.497167 0.020625000000000004 0.29745000000000005
73 0.8915625 0.108121 0.06187500000000001 0.216242
73 0.8753124999999999 0.49527849999999995 0.021874999999999978 0.28611899999999996
73 0.8840625 0.888102 0.030625000000000013 0.2086880000000001
73 0.89625 0.111426 0.04749999999999999 0.222852
73 0.906875 0.1043435 0.03374999999999995 0.208687
73 0.9015625 0.49622299999999997 0.020625000000000004 0.291784
73 0.905625 0.8961285000000001 0.012499999999999956 0.205855
73 0.9159375 0.5023605 0.02562500000000001 0.292729
73 0.9284375 0.8885745 0.02562500000000001 0.22096300000000002
73 0.9278124999999999 0.108121 0.021874999999999978 0.216242
73 0.9359375 0.5089710000000001 0.026874999999999982 0.26251199999999997
73 0.9390625 0.1090655 0.028124999999999956 0.214353
73 0.9553125 0.1133145 0.02562500000000001 0.226629
73 0.9615625000000001 0.8885745 0.03187499999999999 0.22096300000000002
73 0.9762500000000001 0.510859 0.04625000000000001 0.26251199999999997
73 0.9728125 0.1071765 0.026874999999999982 0.214353
73 0.9915625 0.8895185000000001 0.015625 0.21907500000000002
