73 0.069922 0.6140625 0.139844 0.11145900000000009
73 0.091797 0.363021 0.099218 0.06145800000000001
73 0.0937505 0.550521 0.103125 0.05729200000000001
73 0.094922 0.425521 0.105468 0.06770799999999999
73 0.094922 0.485417 0.105468 0.0625
73 0.20039099999999999 0.5546875 0.12109400000000001 0.06562500000000004
73 0.20312550000000001 0.483854 0.115625 0.06979200000000002
73 0.2027345 0.35520850000000004 0.11328100000000002 0.06666699999999998
73 0.204297 0.422396 0.10234399999999999 0.05729200000000001
73 0.233594 0.613021 0.04999999999999999 0.05104200000000003
73 0.322266 0.49114599999999997 0.127344 0.06770800000000005
73 0.3214845 0.42656249999999996 0.11796899999999999 0.06979099999999999
73 0.3222655 0.6338545 0.119531 0.07187500000000002
73 0.325391 0.3515625 0.12109399999999998 0.06562500000000004
73 0.3222655 0.5697915 0.11171900000000001 0.06458300000000006
73 0.4007815 0.853646 0.15781299999999998 0.08020800000000006
73 0.459375 0.524479 0.14218799999999998 0.07395800000000002
73 0.451172 0.3515625 0.11953200000000003 0.07604100000000003
73 0.45976549999999994 0.6140625 0.13671899999999998 0.07604099999999991
73 0.4214845 0.700521 0.058593000000000006 0.11145799999999995
73 0.47226599999999996 0.259375 0.16015599999999997 0.07291600000000001
73 0.45625 0.42656249999999996 0.11718799999999996 0.06562499999999999
73 0.5214844999999999 0.35052099999999997 0.013280999999999987 0.06770800000000005
73 0.605469 0.3515625 0.13124999999999998 0.08645899999999995
73 0.5558595 0.5390625 0.027343000000000006 0.06562500000000004
73 0.591016 0.4473955 0.09765599999999997 0.09062499999999996
73 0.765625 0.4515625 0.134374 0.082291
73 0.773828 0.347917 0.14609400000000006 0.09375
73 0.8265625 0.54375 0.10781299999999994 0.10208400000000001
73 0.8855465 0.6390625000000001 0.20703099999999997 0.082291
73 0.9375 0.3541665 0.12343799999999994 0.08541699999999997
73 0.9398439999999999 0.459375 0.11875000000000002 0.08333399999999996
73 0.940625 0.550521 0.114062 0.09270800000000001
