73 0.8726565 0.165625 0.2171869999999999 0.20416600000000001
73 0.096094 0.6375 0.192188 0.11875000000000002
73 0.1242185 0.515104 0.248437 0.11979199999999995
73 0.103906 0.7520834999999999 0.17968800000000001 0.07291700000000001
73 0.1578125 0.396354 0.250001 0.11770799999999998
73 0.779688 0.922396 0.4375 0.14895799999999992
73 0.783594 0.3890625 0.30468800000000007 0.10104099999999999
73 0.8203125 0.528125 0.3562510000000001 0.10416599999999993
73 0.8226565 0.6494789999999999 0.35156300000000007 0.10729200000000005
73 0.8367184999999999 0.791146 0.32031299999999996 0.13645799999999997
