73 0.012207 0.9544115 0.024414 0.08823499999999995
73 0.0131835 0.7625 0.026367 0.18970600000000004
73 0.023926 0.2529415 0.047852 0.09705899999999998
73 0.032715 0.48823550000000004 0.06543 0.20882300000000004
73 0.0444335 0.2264705 0.08496100000000001 0.158823
73 0.032715 0.7889705 0.014647999999999998 0.17205899999999996
73 0.1508785 0.6705885 0.08496100000000001 0.17352900000000004
73 0.1518555 0.40588199999999997 0.07910099999999999 0.18529400000000001
73 0.143555 0.898529 0.05273399999999999 0.19999999999999996
73 0.2094725 0.34191150000000003 0.110351 0.12794100000000003
73 0.2060545 0.17867650000000002 0.10156300000000001 0.101471
73 0.202637 0.9632350000000001 0.05566400000000002 0.07058799999999998
73 0.216797 0.805882 0.083984 0.12941200000000008
73 0.220703 0.5029414999999999 0.083984 0.11764699999999995
73 0.2143555 0.6573530000000001 0.063477 0.12058800000000003
73 0.3095705 0.3889705 0.046875 0.10441100000000003
73 0.3125 0.955882 0.037109999999999976 0.08529399999999998
73 0.31689449999999997 0.8544115 0.02246100000000001 0.06764700000000001
73 0.322266 0.6316174999999999 0.027344000000000035 0.07205899999999998
73 0.32421849999999997 0.7367645 0.025390999999999997 0.09117699999999995
73 0.32421900000000003 0.509559 0.013671999999999962 0.06617600000000001
73 0.364746 0.4161765 0.036132 0.07941100000000001
73 0.37011700000000003 0.352206 0.03711000000000003 0.054412000000000016
73 0.3754885 0.5838235 0.032227000000000006 0.05882299999999996
73 0.3745115 0.6463235 0.02636700000000003 0.07205899999999998
73 0.3745115 0.7198530000000001 0.02636700000000003 0.030881999999999965
73 0.381836 0.504412 0.025390000000000024 0.05588199999999999
73 0.611328 0.825 0.02343800000000007 0.07352999999999998
73 0.6181639999999999 0.5816175 0.027343999999999924 0.06323499999999993
73 0.618652 0.5022059999999999 0.024413999999999936 0.08088200000000001
73 0.618652 0.650735 0.024413999999999936 0.06911800000000001
73 0.6215820000000001 0.7426470000000001 0.030274000000000023 0.0558820000000001
73 0.6215820000000001 0.4257355 0.026368000000000058 0.05735299999999999
73 0.6694335 0.7205885000000001 0.03613299999999997 0.08823499999999995
73 0.6713865 0.8367645 0.040038999999999936 0.08823500000000006
73 0.6674805 0.49558800000000003 0.030272999999999994 0.08529400000000004
73 0.756348 0.292647 0.20800799999999997 0.05588199999999999
73 0.672363 0.6088235 0.03417999999999999 0.07941100000000001
73 0.682617 0.3735295 0.04882799999999998 0.08235300000000001
73 0.770996 0.853676 0.10449200000000003 0.125
73 0.770508 0.9632354999999999 0.08984400000000003 0.05882299999999996
73 0.772949 0.5014704999999999 0.09472600000000009 0.141177
73 0.7700195000000001 0.6676475 0.08300699999999994 0.13235300000000005
73 0.786133 0.160294 0.11523399999999995 0.13529400000000003
73 0.770508 0.360294 0.06835999999999998 0.10882400000000003
73 0.958496 0.39117650000000004 0.08105399999999996 0.19117699999999999
73 0.958496 0.9014705000000001 0.08105399999999996 0.19411699999999998
73 0.9633784999999999 0.647794 0.07128900000000005 0.23382400000000003
73 0.9643554999999999 0.149265 0.06933500000000004 0.21029400000000004
