73 0.705625 0.7845835000000001 0.1925 0.280833
73 0.0159375 0.56125 0.031875 0.1975
73 0.0178125 0.08916700000000001 0.035625 0.16
73 0.021875 0.340417 0.04375 0.18250000000000002
73 0.021875 0.94875 0.04375 0.10083399999999998
73 0.0321875 0.79125 0.054375 0.2025
73 0.16 0.6120835 0.22500000000000003 0.24416700000000002
73 0.2146875 0.08375 0.32937500000000003 0.1675
73 0.22 0.3520835 0.335 0.250833
73 0.1509375 0.837917 0.18562499999999998 0.24750000000000005
73 0.2690625 0.889583 0.12812500000000002 0.21750000000000003
73 0.3053125 0.645 0.12812500000000002 0.25166599999999995
73 0.5565625 0.930417 0.35937499999999994 0.13750000000000007
73 0.5221875 0.7037500000000001 0.285625 0.3375
73 0.5571875 0.3616665 0.334375 0.30833299999999997
73 0.5378125 0.0683335 0.28062499999999996 0.136667
73 0.860625 0.04875 0.1925 0.0975
73 0.875 0.4029165 0.19999999999999996 0.27416700000000005
73 0.9 0.82375 0.19874999999999998 0.3375
