73 0.2129165 0.9137500000000001 0.204167 0.13750000000000007
73 0.09125 0.73125 0.1825 0.16249999999999998
73 0.0966665 0.19624999999999998 0.193333 0.1725
73 0.1175 0.558125 0.13 0.14125000000000004
73 0.1229165 0.36 0.135833 0.16999999999999998
73 0.2425 0.7050000000000001 0.10333400000000001 0.16249999999999998
73 0.253333 0.35250000000000004 0.12499999999999997 0.16499999999999998
73 0.320833 0.18437499999999998 0.24499999999999997 0.16375
73 0.2595835 0.54625 0.120833 0.14500000000000002
73 0.332917 0.83875 0.15250000000000002 0.11250000000000004
73 0.5495835 0.5 0.204167 0.14500000000000002
73 0.5504169999999999 0.19437500000000002 0.2025 0.16125
73 0.5558335 0.3425 0.18333299999999997 0.15499999999999997
73 0.7458335 0.49187500000000006 0.16833299999999995 0.11625000000000002
73 0.7508334999999999 0.34562499999999996 0.17333300000000007 0.11625000000000002
73 0.76125 0.19 0.18583400000000005 0.16000000000000003
73 0.89375 0.203125 0.07416600000000007 0.10875000000000001
