73 0.0671875 0.4204755 0.134375 0.31444300000000003
73 0.2759375 0.80713 0.08062499999999997 0.06946999999999992
73 0.3765625 0.468464 0.07687499999999997 0.04661799999999999
73 0.414375 0.4085925 0.15000000000000002 0.08775099999999997
73 0.3815625 0.5479890000000001 0.07187499999999997 0.03747800000000001
73 0.3828125 0.5114255 0.07187500000000002 0.035648999999999986
73 0.39437500000000003 0.597349 0.04124999999999995 0.042961999999999945
73 0.4553125 0.4730345 0.075625 0.03747700000000004
73 0.4534375 0.5470745 0.06437499999999996 0.03564900000000004
73 0.4565625 0.5095974999999999 0.070625 0.03564899999999993
73 0.45906250000000004 0.6042045 0.06562499999999999 0.05667299999999997
73 0.465625 0.6613344999999999 0.04749999999999999 0.057586999999999944
73 0.6865625 0.4319015 0.213125 0.12705699999999998
73 0.6171875 0.584552 0.06687500000000002 0.05027400000000004
73 0.619375 0.534735 0.0625 0.05301600000000006
73 0.6121875 0.7006395000000001 0.04562500000000003 0.06124300000000005
73 0.618125 0.642596 0.05500000000000005 0.05850000000000011
73 0.665 0.711152 0.053749999999999964 0.05301599999999995
73 0.6890625 0.5329065 0.07687500000000003 0.06398500000000007
73 0.6684375 0.641682 0.028124999999999956 0.04570399999999997
73 0.6921875 0.594607 0.07062500000000005 0.04844599999999999
73 0.7737499999999999 0.5310785 0.09500000000000008 0.06398500000000001
73 0.8968750000000001 0.3519195 0.20499999999999996 0.234003
73 0.8678125000000001 0.693327 0.083125 0.09232200000000002
73 0.8721875 0.619287 0.07687500000000003 0.10877599999999998
73 0.8746875000000001 0.522852 0.06937500000000008 0.07312599999999997
73 0.9603125 0.617459 0.078125 0.10146199999999994
73 0.9646875 0.5027425 0.06937499999999996 0.08226700000000003
