73 0.2178125 0.07500000000000001 0.106875 0.115
73 0.269375 0.0025 0.2075 0.005
73 0.2953125 0.192083 0.241875 0.11249999999999999
73 0.29593749999999996 0.30833299999999997 0.23812499999999998 0.11000000000000004
73 0.3075 0.414583 0.19625 0.07750000000000001
73 0.2740625 0.07375 0.014375000000000027 0.10416600000000001
73 0.34968750000000004 0.071667 0.133125 0.105
73 0.515 0.2991665 0.18500000000000005 0.10166699999999998
73 0.5334375 0.39875 0.21187500000000004 0.08416599999999996
73 0.7571875 0.29 0.21437499999999998 0.101666
73 0.7537499999999999 0.40125 0.2025 0.11083399999999999
73 0.7671874999999999 0.18 0.219375 0.095
73 0.769375 0.0641665 0.21875 0.10333300000000001
73 0.8209375000000001 0.48250000000000004 0.05312499999999998 0.05499999999999999
