73 0.0365625 0.8070835000000001 0.06812499999999999 0.38416700000000004
73 0.076875 0.61375 0.06125 0.770834
73 0.130625 0.52875 0.047500000000000014 0.9408340000000001
73 0.1796875 0.691667 0.05562499999999998 0.615
73 0.19718750000000002 0.55375 0.071875 0.890834
73 0.238125 0.67 0.03750000000000003 0.658334
73 0.2671875 0.56 0.05187500000000003 0.8783340000000001
73 0.29281250000000003 0.4995835 0.06687499999999996 0.999167
73 0.3265625 0.5995835 0.051875000000000004 0.799167
73 0.3496875 0.6295835000000001 0.05687500000000001 0.739167
73 0.3771875 0.5220835 0.060624999999999984 0.954167
73 0.40218750000000003 0.5570835000000001 0.05562499999999998 0.884167
73 0.4478125 0.5875 0.046875 0.823334
73 0.47125 0.586667 0.036250000000000004 0.8250000000000001
73 0.5009375 0.571667 0.056875000000000064 0.855
73 0.5221875 0.57875 0.02937500000000004 0.8408340000000001
73 0.5640624999999999 0.7045835 0.041874999999999996 0.589167
73 0.57125 0.62625 0.04500000000000004 0.7458340000000001
73 0.6021875000000001 0.6245835 0.04062500000000002 0.749167
73 0.65125 0.5912499999999999 0.10250000000000004 0.7908339999999999
73 0.635 0.65875 0.03875000000000006 0.659166
73 0.6596875 0.6629165 0.03562500000000002 0.6441669999999999
73 0.7109375 0.6166665 0.05812499999999998 0.7166669999999999
73 0.73 0.5529165 0.06874999999999998 0.844167
73 0.784375 0.5691665 0.07625000000000004 0.766667
73 0.8125 0.575 0.07374999999999998 0.758334
73 0.8503125 0.5729165 0.06562500000000004 0.749167
73 0.8715625 0.5658335 0.06937499999999996 0.666667
73 0.9075 0.5549999999999999 0.06999999999999995 0.673334
73 0.9393750000000001 0.5570835000000001 0.07874999999999999 0.6841670000000001
73 0.9515625 0.5183335 0.08062499999999995 0.7616670000000001
73 0.9859375 0.669583 0.026874999999999982 0.4825
