73 0.1334375 0.2110245 0.149375 0.21269499999999997
73 0.038125 0.142539 0.07625 0.22494399999999998
73 0.06125 0.8697105 0.1225 0.25612500000000005
73 0.1565625 0.870267 0.109375 0.2572380000000001
73 0.1734375 0.518931 0.080625 0.175946
73 0.1828125 0.1414255 0.084375 0.282851
73 0.2521875 0.5100224999999999 0.079375 0.18040099999999998
73 0.2628125 0.184855 0.078125 0.182628
73 0.2640625 0.051225 0.07312499999999997 0.10245
73 0.28218750000000004 0.7110245 0.09562500000000002 0.22605700000000006
73 0.33968750000000003 0.5033405 0.075625 0.184855
73 0.423125 0.387528 0.11125000000000002 0.27839600000000003
73 0.44437499999999996 0.1325165 0.09500000000000003 0.265033
73 0.6703125 0.47271699999999994 0.08812500000000001 0.21937599999999996
73 0.7125 0.8897550000000001 0.16500000000000004 0.21826200000000007
73 0.7478125 0.5790645 0.130625 0.27171499999999993
73 0.7865625 0.7221599999999999 0.125625 0.29510000000000003
73 0.9246875000000001 0.948218 0.135625 0.10133600000000009
73 0.9356249999999999 0.791203 0.12750000000000006 0.317372
