73 0.0365625 0.25375 0.073125 0.07249999999999998
73 0.045 0.3329165 0.09 0.07583300000000004
73 0.0490625 0.5025000000000001 0.098125 0.09500000000000003
73 0.0496875 0.419167 0.099375 0.08999999999999997
73 0.23343750000000002 0.2408335 0.126875 0.07333300000000004
73 0.24125 0.31666649999999996 0.11874999999999997 0.06333300000000003
73 0.2484375 0.3991665 0.12312499999999998 0.06666699999999998
73 0.255625 0.45916650000000003 0.11875 0.05333300000000002
73 0.3684375 0.23375 0.13562500000000005 0.07416599999999998
73 0.33125 0.3191665 0.04249999999999998 0.058333000000000024
73 0.3840625 0.4 0.133125 0.065
73 0.33625 0.4675 0.02749999999999997 0.051666000000000045
73 0.53375 0.22791699999999998 0.16125 0.07249999999999998
73 0.5396875 0.31375 0.17312499999999997 0.07249999999999995
73 0.538125 0.485417 0.15499999999999997 0.06750000000000006
73 0.5165625 0.40875 0.10812500000000003 0.07250000000000001
73 0.515625 0.31625000000000003 0.02124999999999999 0.064166
73 0.6953125 0.4241665 0.1356250000000001 0.06833299999999998
73 0.7275 0.322917 0.1975 0.07250000000000001
73 0.7321875 0.21958299999999997 0.20437499999999997 0.07249999999999998
73 0.9109375 0.4241665 0.176875 0.093333
73 0.9115625 0.5370835 0.17562500000000003 0.08416699999999999
73 0.91625 0.32166700000000004 0.16625 0.08500000000000002
73 0.92125 0.215 0.15625 0.08500000000000002
