73 0.19957400000000003 0.41770799999999997 0.143466 0.03750000000000003
73 0.1960225 0.5708335 0.12215899999999999 0.04166700000000001
73 0.211648 0.4734375 0.130682 0.05937500000000007
73 0.37002799999999997 0.142708 0.419034 0.07500000000000001
73 0.36008549999999995 0.3822915 0.39062499999999994 0.064583
73 0.359375 0.31145849999999997 0.375 0.07291699999999995
73 0.37571000000000004 0.22499999999999998 0.387784 0.08333399999999999
73 0.25284049999999997 0.043229 0.12215899999999999 0.086458
73 0.321733 0.038542 0.13778400000000002 0.075
73 0.4318185 0.0479165 0.102273 0.089583
73 0.507102 0.0515625 0.06818200000000002 0.103125
73 0.5170455 0.43072900000000003 0.08238700000000004 0.030207999999999957
73 0.6221589999999999 0.4760415 0.08522799999999997 0.091667
73 0.743608 0.1239585 0.31960200000000005 0.08333299999999999
73 0.6448865 0.0395835 0.11079499999999998 0.079167
73 0.7734375 0.21979150000000003 0.203125 0.08333300000000002
73 0.7414769999999999 0.0239585 0.08238599999999996 0.047917
73 0.7762785 0.6651045 0.14630699999999996 0.07187500000000002
73 0.7805394999999999 0.589583 0.15198900000000004 0.08750000000000002
73 0.7833805 0.49895849999999997 0.15198900000000004 0.08333300000000005
73 0.7940345 0.41093749999999996 0.15340900000000002 0.09062500000000001
73 0.7997155 0.313021 0.12784099999999998 0.06770799999999999
73 0.8423295 0.0385415 0.136363 0.077083
73 0.9417615 0.6510415 0.11363699999999999 0.07083300000000003
73 0.9474435 0.49062500000000003 0.0965910000000001 0.08750000000000002
73 0.9502845 0.221354 0.09659099999999998 0.08645800000000001
73 0.9502845 0.411458 0.09659099999999998 0.07500000000000001
73 0.9502845 0.571354 0.09659099999999998 0.09270800000000001
73 0.9538355000000001 0.31510400000000005 0.08948900000000004 0.080208
