73 0.02375 0.117222 0.0475 0.234444
73 0.02875 0.773889 0.0575 0.303334
73 0.02625 0.4155555 0.0425 0.271111
73 0.45718749999999997 0.0866665 0.433125 0.173333
73 0.29625 0.5072225 0.09375 0.161111
73 0.6065625 0.48 0.14187499999999997 0.17111199999999993
73 0.6371875 0.2905555 0.083125 0.16555500000000004
73 0.8421875000000001 0.09 0.31437499999999996 0.18
73 0.844375 0.4877775 0.31000000000000005 0.168889
73 0.846875 0.2922225 0.30500000000000005 0.173333
73 0.8653125 0.6755555 0.265625 0.171111
73 0.9146875 0.86 0.16937500000000005 0.17111199999999993
