73 0.035625 0.0451125 0.07125 0.082707
73 0.0415625 0.206297 0.083125 0.09304599999999999
73 0.0434375 0.298872 0.086875 0.10338399999999998
73 0.0440625 0.482143 0.088125 0.084586
73 0.0446875 0.112782 0.089375 0.08646599999999999
73 0.0465625 0.39614649999999996 0.093125 0.091165
73 0.0778125 0.5742480000000001 0.025624999999999995 0.07706800000000003
73 0.243125 0.0164475 0.10000000000000003 0.032895
73 0.239375 0.068609 0.09 0.105264
73 0.2303125 0.1790415 0.06437500000000002 0.115601
73 0.23062499999999997 0.28242449999999997 0.05124999999999999 0.09492499999999998
73 0.235 0.6221805 0.060000000000000026 0.146617
73 0.234375 0.40695499999999996 0.05625000000000002 0.084586
73 0.235 0.5108085 0.05500000000000002 0.11560100000000001
73 0.2875 0.25610900000000003 0.08625 0.03853400000000001
73 0.2990625 0.1715225 0.080625 0.119361
73 0.314375 0.055921 0.057499999999999996 0.111842
73 0.31562500000000004 0.7034775 0.06 0.07236900000000002
73 0.36624999999999996 0.287124 0.06124999999999997 0.10808199999999998
73 0.37406249999999996 0.16306400000000001 0.07437500000000002 0.113722
73 0.4034375 0.051222 0.12062499999999998 0.102444
73 0.4346875 0.6419170000000001 0.18312499999999998 0.09962400000000005
73 0.4334375 0.4144735 0.17812499999999998 0.12030099999999999
73 0.3975 0.5361845 0.10375000000000001 0.119361
73 0.421875 0.2852445 0.057499999999999996 0.119361
73 0.464375 0.1456765 0.10875000000000007 0.140977
73 0.4671875 0.2805455 0.02812500000000001 0.11748099999999997
73 0.493125 0.0347745 0.04874999999999996 0.069549
73 0.5615625 0.6658835000000001 0.16812500000000002 0.11372100000000007
73 0.5021875 0.281485 0.030624999999999958 0.11936
73 0.7109375 0.649436 0.1256250000000001 0.058270000000000044
73 0.9153125 0.81532 0.16062500000000002 0.26221799999999995
73 0.9171875 0.6301695 0.16437500000000005 0.17011300000000007
73 0.9184375 0.262218 0.161875 0.169172
73 0.9190625 0.0841165 0.16062500000000002 0.168233
73 0.921875 0.4530075 0.15500000000000003 0.16541300000000003
