73 0.0384375 0.6794775 0.076875 0.036567000000000016
73 0.039375 0.4485075 0.07875 0.04179100000000002
73 0.0428125 0.5432835 0.085625 0.03432899999999994
73 0.0428125 0.6373135000000001 0.085625 0.026865000000000028
73 0.0434375 0.497388 0.086875 0.036568000000000045
73 0.044375 0.593657 0.08875 0.03208999999999995
73 0.1359375 0.5 0.098125 0.03432799999999997
73 0.1359375 0.591791 0.09437500000000001 0.032835999999999976
73 0.1078125 0.6332089999999999 0.033125 0.026120000000000032
73 0.13718750000000002 0.541418 0.09187500000000001 0.03805999999999998
73 0.138125 0.4511195 0.09375 0.039553000000000005
73 0.1590625 0.7018655 0.13187500000000002 0.07388099999999997
73 0.161875 0.777239 0.1325 0.07089600000000007
73 0.229375 0.45559700000000003 0.08875 0.03806000000000004
73 0.229375 0.49813450000000004 0.08374999999999999 0.03059700000000004
73 0.229375 0.542164 0.08374999999999999 0.03208999999999995
73 0.2315625 0.5884325 0.08187500000000003 0.036567000000000016
73 0.2984375 0.7645525 0.11812499999999998 0.06492500000000001
73 0.2946875 0.700746 0.108125 0.06567199999999995
73 0.31562500000000004 0.580597 0.08000000000000002 0.03134400000000004
73 0.315625 0.5011195 0.07750000000000001 0.029104999999999992
73 0.31625000000000003 0.5429105 0.07875000000000004 0.030596999999999985
73 0.316875 0.461194 0.07750000000000001 0.032835999999999976
73 0.3171875 0.6175375 0.051875000000000004 0.041045
73 0.4184375 0.7514925 0.09687499999999999 0.06417899999999999
73 0.42125 0.6809704999999999 0.09875 0.06343299999999996
73 0.45906250000000004 0.5249999999999999 0.033125000000000016 0.026120000000000032
73 0.50375 0.5839555000000001 0.08625 0.07537300000000002
73 0.763125 0.582463 0.2612500000000001 0.16194000000000008
