73 0.125 0.6870915 0.25 0.44934700000000005
73 0.35866 0.7140525 0.22712399999999996 0.385621
73 0.504085 0.7066995 0.18790799999999996 0.41339899999999996
73 0.6045755 0.6960785 0.08496700000000001 0.41503300000000004
73 0.6650325 0.7287585 0.05555500000000002 0.36928099999999997
73 0.7173205 0.7238565 0.10784300000000002 0.38888900000000004
73 0.7859475 0.6977125 0.05555500000000002 0.44771299999999997
73 0.8357845 0.7091505 0.09313700000000003 0.41830100000000003
73 0.908497 0.7336605 0.045752000000000015 0.385621
73 0.954248 0.7410129999999999 0.022876000000000007 0.35130800000000006
73 0.99183 0.7426475 0.013071999999999973 0.38071900000000003
