73 0.061818 0.933182 0.123636 0.131818
73 0.0745455 0.7463635 0.149091 0.18727300000000002
73 0.078182 0.303182 0.156364 0.184546
73 0.078182 0.513182 0.156364 0.16999999999999998
73 0.110303 0.091818 0.220606 0.183636
73 0.2539395 0.655 0.066667 0.11727200000000004
73 0.393333 0.5218185 0.22181799999999996 0.10727300000000006
73 0.430303 0.627273 0.28606 0.096364
73 0.4333335 0.42272750000000003 0.29212099999999996 0.109091
73 0.4333335 0.7427275 0.287273 0.11454500000000001
73 0.4381815 0.222727 0.292121 0.096364
73 0.4381815 0.32954550000000005 0.292121 0.08818100000000001
73 0.661818 0.48681800000000003 0.32000000000000006 0.22454600000000002
73 0.641818 0.7163634999999999 0.14666599999999996 0.212727
73 0.9678789999999999 0.2045455 0.06181800000000004 0.10181899999999999
