73 0.30125 0.35624999999999996 0.14375 0.069166
73 0.323125 0.429583 0.16625 0.07750000000000001
73 0.553125 0.339167 0.26 0.07999999999999996
73 0.531875 0.432083 0.19874999999999998 0.08250000000000002
73 0.4659375 0.512917 0.06187500000000001 0.08249999999999996
73 0.5228125 0.667083 0.14437499999999998 0.13250000000000006
73 0.478125 0.6020835 0.05249999999999999 0.08416699999999999
73 0.55125 0.5820835 0.0675 0.07583300000000004
73 0.5575 0.5020834999999999 0.08000000000000007 0.06416699999999997
73 0.79 0.527083 0.04375000000000007 0.08249999999999996
73 0.849375 0.3316665 0.1625000000000001 0.10833299999999996
73 0.8474999999999999 0.42333350000000003 0.15125 0.096667
73 0.850625 0.5908335 0.15749999999999997 0.20333299999999999
73 0.8509375 0.6704165 0.13937500000000003 0.23583299999999996
73 0.8584375 0.493333 0.12937500000000002 0.09500000000000003
