73 0.0052085 0.622106 0.010417 0.09375
73 0.029948 0.7320605 0.059896 0.07986099999999996
73 0.015191 0.6226849999999999 0.013020000000000002 0.08564800000000006
73 0.0460065 0.624421 0.048611 0.08912000000000009
73 0.0520835 0.8194445 0.052083000000000004 0.06481500000000007
73 0.1432295 0.6203700000000001 0.137153 0.09027799999999997
73 0.1453995 0.833912 0.113715 0.08448999999999995
73 0.1506075 0.7320605 0.118923 0.07986099999999996
73 0.42013900000000004 0.8153935 0.06597199999999998 0.08680500000000002
73 0.5881075 0.811921 0.05468699999999993 0.05902800000000008
73 0.68099 0.800926 0.06510400000000005 0.05786999999999998
