73 0.04375 0.815 0.0875 0.12666600000000006
73 0.181875 0.3558335 0.36375 0.13166700000000003
73 0.19 0.445 0.38 0.09999999999999998
73 0.19 0.5533334999999999 0.38 0.10666699999999996
73 0.200625 0.6566665 0.40125 0.15333300000000005
73 0.1825 0.26416649999999997 0.36250000000000004 0.171667
73 0.185 0.9108335 0.13249999999999998 0.088333
73 0.190625 0.8083335 0.07125000000000001 0.13666699999999998
73 0.29125 0.940833 0.1425 0.08499999999999996
73 0.334375 0.7258335 0.06875000000000003 0.10166699999999995
73 0.434375 0.940833 0.14875000000000005 0.07499999999999996
73 0.45499999999999996 0.7166669999999999 0.09249999999999997 0.019999999999999907
73 0.499375 0.8908335000000001 0.13124999999999992 0.07166700000000004
73 0.5725 0.3025 0.14 0.11833400000000002
73 0.57875 0.40249999999999997 0.14250000000000007 0.11166599999999999
73 0.5825 0.5175000000000001 0.13749999999999996 0.10833400000000004
73 0.6025 0.63 0.07250000000000001 0.10333400000000004
73 0.6168750000000001 0.7466665 0.04874999999999996 0.11666700000000008
73 0.671875 0.294167 0.07125000000000004 0.125
73 0.6775 0.39583349999999995 0.0675 0.091667
73 0.684375 0.49833299999999997 0.07374999999999998 0.09999999999999998
73 0.693125 0.610833 0.08374999999999999 0.10499999999999998
