73 0.05375 0.488743 0.1075 0.10131400000000002
73 0.075 0.3963415 0.15 0.14352700000000002
73 0.07875 0.2847095 0.1575 0.09474700000000003
73 0.10250000000000001 0.6904315 0.15125 0.17073099999999997
73 0.4309375 0.5370545 0.078125 0.12101299999999998
73 0.4290625 0.780957 0.05937500000000001 0.07035600000000009
73 0.43656249999999996 0.38883650000000003 0.06937500000000002 0.09474699999999997
73 0.43374999999999997 0.6519699999999999 0.04999999999999999 0.0637899999999999
73 0.448125 0.2462475 0.06374999999999997 0.09099499999999996
73 0.5378125 0.792214 0.08437499999999998 0.10600399999999999
73 0.5446875 0.496717 0.078125 0.197936
73 0.546875 0.6374299999999999 0.08000000000000007 0.19230800000000003
73 0.5509375000000001 0.4057225 0.07437499999999997 0.11350900000000003
73 0.5565625000000001 0.2551595 0.07562499999999994 0.13508499999999998
