73 0.0668945 0.8053385 0.133789 0.264323
73 0.078125 0.503906 0.15625 0.18489600000000006
73 0.0844725 0.2161455 0.168945 0.17447900000000002
73 0.08300750000000001 0.0540365 0.162109 0.108073
73 0.08691399999999999 0.986328 0.12499999999999999 0.024739999999999984
73 0.4038085 0.310547 0.155273 0.12630199999999997
73 0.4042965 0.1920575 0.15429700000000002 0.136719
73 0.4086915 0.6998694999999999 0.155273 0.20442700000000003
73 0.4077145 0.8997394999999999 0.147461 0.197917
73 0.4072265 0.499349 0.14453099999999997 0.12630200000000003
73 0.5439455 0.858073 0.09179700000000002 0.21875
73 0.5375975 0.4934895 0.07714900000000002 0.09114500000000003
73 0.5415034999999999 0.3457035 0.08496099999999995 0.08203099999999997
73 0.5478514999999999 0.253255 0.097657 0.08984400000000003
73 0.5439455 0.654297 0.08398499999999998 0.16015599999999997
73 0.6630860000000001 0.7675780000000001 0.05663999999999991 0.15494799999999997
73 0.664551 0.621094 0.05175799999999997 0.125
73 0.666992 0.30794299999999997 0.056640000000000024 0.06640600000000002
73 0.6650395 0.49739600000000006 0.046875 0.07291600000000004
73 0.6694335 0.38346349999999996 0.04980499999999999 0.063803
73 0.7197264999999999 0.7317705000000001 0.04101499999999991 0.11458299999999999
73 0.720703 0.6002605000000001 0.037109999999999976 0.10416700000000001
73 0.724121 0.488281 0.04199200000000003 0.09114600000000006
73 0.7255860000000001 0.33528650000000004 0.04492200000000002 0.04296899999999998
73 0.724121 0.3932295 0.038086000000000064 0.07291700000000001
73 0.776367 0.682943 0.04101600000000005 0.06640599999999997
73 0.7744139999999999 0.49674450000000003 0.02343799999999996 0.07942699999999997
73 0.7778320000000001 0.5839845 0.030274000000000023 0.08203099999999997
73 0.777344 0.41861950000000003 0.027344000000000035 0.04296899999999998
73 0.7783205 0.3684895 0.02343700000000004 0.044271000000000005
73 0.8037110000000001 0.57487 0.019531999999999994 0.06640599999999997
73 0.8056639999999999 0.6731769999999999 0.02343799999999996 0.08593799999999996
73 0.8061525 0.3821615 0.022460999999999953 0.035156999999999994
73 0.8046875 0.49934900000000004 0.015625 0.05599000000000004
73 0.8134764999999999 0.423828 0.027343000000000006 0.03515600000000002
73 0.9458005 0.6002605 0.10644500000000001 0.046875
73 0.95166 0.439453 0.09472599999999998 0.03515600000000002
73 0.9511719999999999 0.5377605 0.08007799999999998 0.04947900000000005
73 0.955078 0.4941405 0.08789000000000002 0.053385000000000016
73 0.9565425000000001 0.4114585 0.08496099999999995 0.02083299999999999
