73 0.0209375 0.4704505 0.041875 0.272983
73 0.025 0.065197 0.05 0.130394
73 0.3815625 0.0919325 0.528125 0.183865
73 0.15999999999999998 0.422608 0.06875 0.19981200000000005
73 0.426875 0.5272045 0.14749999999999996 0.30206299999999997
73 0.5503125 0.533771 0.15437499999999993 0.30581600000000003
73 0.51875 0.9423075000000001 0.06874999999999998 0.11350899999999997
73 0.6018749999999999 0.9183865 0.04874999999999996 0.16135100000000002
73 0.853125 0.51454 0.2925 0.503752
73 0.855 0.922139 0.28875000000000006 0.15384600000000004
73 0.8821875 0.1121015 0.234375 0.224203
