73 0.1703125 0.9007525000000001 0.335625 0.19661300000000004
73 0.3925 0.861712 0.38249999999999995 0.24647200000000002
73 0.566875 0.7906865 0.19874999999999998 0.189087
73 0.62625 0.7662275000000001 0.26375000000000004 0.21354700000000004
73 0.6034375 0.528222 0.181875 0.11947400000000002
73 0.7465625 0.632173 0.333125 0.220132
73 0.678125 0.4548445 0.13749999999999996 0.08560699999999999
73 0.758125 0.414393 0.14625 0.08184400000000003
73 0.8787499999999999 0.375823 0.16125 0.072436
73 0.9353125 0.34289749999999997 0.12812500000000004 0.053620999999999974
73 0.9615625 0.403575 0.07562500000000005 0.08654800000000001
