73 0.0756675 0.33565049999999996 0.151335 0.18272099999999997
73 0.0860535 0.542701 0.172107 0.21151999999999993
73 0.096439 0.75571 0.192878 0.23634599999999995
73 0.079377 0.18123099999999998 0.15578599999999998 0.18172799999999997
73 0.12092 0.8818269999999999 0.20623200000000003 0.23436
73 0.2774485 0.5496525 0.198813 0.737835
73 0.4970325 0.4021845 0.201781 0.055610999999999966
73 0.4970325 0.4617675 0.201781 0.05759700000000001
73 0.49851650000000003 0.342105 0.20178100000000004 0.06057599999999996
73 0.428783 0.5789475 0.05638000000000004 0.061569000000000096
73 0.47032599999999997 0.5148955 0.13946599999999998 0.04865899999999995
73 0.4651335 0.6231385 0.09940699999999997 0.04270099999999999
73 0.6995549999999999 0.3252235 0.11127600000000004 0.05660299999999996
73 0.695846 0.4647465 0.09198800000000007 0.055610999999999966
73 0.701039 0.723436 0.10237399999999997 0.06454799999999994
73 0.7062315 0.5273085 0.11275900000000005 0.05561100000000002
73 0.7091989999999999 0.6583915 0.11869399999999997 0.055610999999999966
73 0.6995545000000001 0.39076500000000003 0.09643900000000005 0.06057600000000002
73 0.704006 0.587388 0.093472 0.062562
73 0.919881 0.925025 0.1572699999999999 0.143992
73 0.920623 0.7720955 0.15578599999999998 0.12015900000000002
73 0.9235905 0.336147 0.14985099999999996 0.13207600000000003
73 0.9272994999999999 0.1737835 0.14243299999999992 0.139027
73 0.926558 0.48212499999999997 0.12908000000000008 0.13207599999999997
73 0.930267 0.634558 0.136498 0.13108200000000003
