73 0.0940625 0.817562 0.188125 0.132992
73 0.1021875 0.6304345 0.204375 0.09803899999999999
73 0.116875 0.48209749999999996 0.23375 0.10485899999999998
73 0.1265625 0.32693950000000005 0.253125 0.096335
73 0.0865625 0.329071 0.03937499999999999 0.102302
73 0.37 0.355925 0.043749999999999956 0.09804000000000002
73 0.4428125 0.4590795 0.18937499999999996 0.09803899999999999
73 0.4359375 0.6346975 0.16812500000000002 0.10656500000000002
73 0.44625000000000004 0.811168 0.14999999999999997 0.10315399999999997
73 0.424375 0.370844 0.04500000000000004 0.07502200000000003
73 0.48531250000000004 0.969309 0.08187499999999998 0.05967600000000006
73 0.474375 0.36828649999999996 0.04749999999999999 0.069907
73 0.688125 0.6197785 0.25 0.13640300000000005
73 0.6884375 0.46760450000000003 0.23687500000000006 0.11849900000000002
73 0.60625 0.744672 0.0675 0.09974400000000005
73 0.6765625 0.328218 0.08812500000000001 0.12276199999999998
73 0.75875 0.3367435 0.0675 0.09036700000000003
73 0.9165625 0.4479965 0.16562500000000002 0.10656500000000002
73 0.9196875 0.619352 0.15937500000000004 0.09974400000000005
73 0.9421875 0.7838875000000001 0.114375 0.09462899999999996
