73 0.1054165 0.8503125 0.210833 0.13687499999999997
73 0.1270835 0.698125 0.254167 0.1499999999999999
73 0.16 0.5378125 0.32 0.12312499999999998
73 0.1658335 0.38468749999999996 0.331667 0.17312500000000003
73 0.1679165 0.08249999999999999 0.335833 0.15875
73 0.1704165 0.23 0.340833 0.15750000000000003
73 0.62875 0.056875 0.740834 0.11375
73 0.6675 0.4 0.6633340000000001 0.15875
73 0.6708335000000001 0.1303125 0.656667 0.18937500000000002
73 0.6708335 0.2640625 0.651667 0.160625
73 0.7770835 0.5471874999999999 0.444167 0.12812499999999993
73 0.6945835 0.6828125 0.170833 0.12937500000000002
73 0.7529170000000001 0.8084374999999999 0.12249999999999994 0.12437500000000001
73 0.85875 0.6615625 0.28083400000000003 0.1931250000000001
73 0.931667 0.8715625 0.135 0.13437500000000002
