73 0.1971875 0.22138850000000002 0.11812499999999998 0.181989
73 0.22781249999999997 0.43855500000000003 0.06687499999999999 0.19418399999999997
73 0.24125 0.665572 0.04999999999999999 0.19418400000000002
73 0.3559375 0.031426 0.138125 0.062852
73 0.3609375 0.45684800000000003 0.138125 0.21951199999999998
73 0.36625 0.6782365 0.14125 0.230769
73 0.36343749999999997 0.19512200000000002 0.133125 0.238274
73 0.3734375 0.8963415 0.13437499999999997 0.20544099999999998
73 0.55625 0.0178235 0.15750000000000003 0.035647
73 0.5634375 0.7223265 0.164375 0.21575900000000003
73 0.563125 0.21341500000000002 0.15500000000000003 0.175422
73 0.563125 0.4723265 0.15500000000000003 0.192307
73 0.573125 0.924015 0.15250000000000002 0.15009400000000006
73 0.7853125 0.17636049999999998 0.22562499999999996 0.23076899999999997
73 0.75 0.4648215 0.135 0.20731699999999997
73 0.7128125000000001 0.9404315 0.041874999999999996 0.11726100000000006
