73 0.0109375 0.812917 0.021875 0.08250000000000002
73 0.0709375 0.5974999999999999 0.141875 0.08666600000000002
73 0.0765625 0.37625 0.153125 0.07749999999999996
73 0.0884375 0.7024999999999999 0.176875 0.09999999999999998
73 0.0846875 0.49125 0.16812500000000002 0.07416600000000007
73 0.259375 0.382083 0.16499999999999998 0.0625
73 0.259375 0.6074999999999999 0.16499999999999998 0.05500000000000005
73 0.23875000000000002 0.49750000000000005 0.12125 0.061666000000000054
73 0.27875 0.71125 0.19874999999999998 0.07250000000000001
73 0.2734375 0.8187500000000001 0.17812499999999998 0.08083399999999996
73 0.48062499999999997 0.8745835 0.31375 0.089167
73 0.453125 0.594167 0.15999999999999998 0.06499999999999995
73 0.4678125 0.4770835 0.186875 0.06916699999999998
73 0.4653125 0.3883335 0.174375 0.06333299999999997
73 0.44125000000000003 0.819583 0.12375000000000003 0.07250000000000001
73 0.4525 0.7079165000000001 0.14625 0.06583299999999992
73 0.6209375 0.45875 0.11062499999999997 0.060834
73 0.64375 0.7120835 0.15374999999999994 0.08083299999999993
73 0.6565624999999999 0.37125 0.17937499999999995 0.0675
73 0.6153124999999999 0.5408335 0.09437499999999999 0.05833299999999997
73 0.6525000000000001 0.812917 0.16374999999999995 0.07250000000000001
73 0.6609375 0.620833 0.18062499999999992 0.05999999999999994
73 0.8243750000000001 0.363333 0.12249999999999994 0.065
73 0.8371875 0.4504165 0.145625 0.07416699999999998
73 0.80375 0.8058335 0.07625000000000004 0.09666700000000006
73 0.81 0.6170835 0.08625000000000005 0.0741670000000001
73 0.8043750000000001 0.70875 0.0675 0.08749999999999991
73 0.844375 0.5320834999999999 0.14749999999999996 0.06583299999999992
73 0.903125 0.7120835000000001 0.04500000000000004 0.07083300000000003
73 0.9234375 0.8129165 0.059374999999999956 0.089167
