73 0.053125 0.8903015000000001 0.10625 0.19491500000000006
73 0.06375 0.547552 0.0425 0.05367200000000005
73 0.12031249999999999 0.7528250000000001 0.035625000000000004 0.040490000000000026
73 0.2240625 0.8601695 0.16437500000000002 0.13465099999999997
73 0.1878125 0.525424 0.070625 0.04896400000000001
73 0.2003125 0.267891 0.06187500000000001 0.03107399999999999
73 0.2103125 0.28907700000000003 0.071875 0.03389800000000004
73 0.2315625 0.3140305 0.021875000000000006 0.02730699999999997
73 0.3265625 0.34322050000000004 0.03437499999999999 0.02354099999999998
73 0.43343750000000003 0.5235405 0.025624999999999953 0.048965000000000036
73 0.46375 0.49858749999999996 0.05499999999999999 0.05178900000000003
73 0.5428125 0.32250449999999997 0.016874999999999973 0.03295699999999996
73 0.5809375 0.358757 0.03312500000000007 0.01883199999999996
73 0.6228125 0.34510399999999997 0.02562500000000001 0.03484000000000004
73 0.6837500000000001 0.618173 0.10875000000000001 0.09887000000000001
73 0.7403124999999999 0.782486 0.14437500000000003 0.14500999999999997
73 0.70625 0.284369 0.05625000000000002 0.05273
73 0.728125 0.2900185 0.043749999999999956 0.05273099999999997
73 0.7475 0.28484 0.04874999999999996 0.03483999999999998
73 0.7825 0.6129945 0.08875 0.07344700000000004
73 0.7884375 0.675141 0.07937499999999997 0.030132000000000048
73 0.7921875 0.6421845 0.08187500000000003 0.058381000000000016
73 0.7703125 0.395951 0.030625000000000013 0.04425599999999996
73 0.7759375 0.3074385 0.024374999999999925 0.032957000000000014
73 0.8140625 0.423258 0.06687500000000002 0.04425600000000002
73 0.8465625 0.330979 0.0318750000000001 0.04048999999999997
73 0.935 0.346987 0.07500000000000007 0.03483999999999998
73 0.961875 0.4204335 0.07500000000000007 0.10075299999999998
73 0.989375 0.456215 0.020000000000000018 0.059321999999999986
