73 0.23843749999999997 0.554167 0.09312499999999999 0.675
73 0.2734375 0.5345835 0.049374999999999974 0.690833
73 0.3025 0.535 0.03749999999999998 0.673334
73 0.35343749999999996 0.5304165 0.05437500000000001 0.679167
73 0.435625 0.529583 0.08374999999999999 0.6975
73 0.458125 0.5991665 0.05125000000000002 0.558333
73 0.49031250000000004 0.6158330000000001 0.025625000000000064 0.525
73 0.5137499999999999 0.6266665 0.02375000000000005 0.526667
73 0.55625 0.632917 0.06499999999999995 0.4875
73 0.6040625 0.6766665000000001 0.04437499999999994 0.396667
73 0.6325000000000001 0.58375 0.0675 0.5891660000000001
73 0.6934374999999999 0.5870835 0.09062500000000007 0.589167
