73 0.0528125 0.197917 0.105625 0.11749999999999997
73 0.0421875 0.27708299999999997 0.083125 0.03750000000000003
73 0.181875 0.1679165 0.16000000000000003 0.094167
73 0.20625 0.3020835 0.19625 0.06416699999999997
73 0.32906250000000004 0.21541649999999998 0.13937499999999997 0.08583299999999999
73 0.3665625 0.29541649999999997 0.12687500000000002 0.07416700000000004
73 0.41437500000000005 0.1358335 0.03875000000000001 0.051667000000000005
73 0.4375 0.138333 0.036250000000000004 0.05
73 0.46781249999999996 0.14208300000000001 0.03437499999999999 0.0325
73 0.499375 0.14791700000000002 0.028750000000000053 0.017499999999999988
73 0.5487500000000001 0.16625 0.03375000000000006 0.035834000000000005
73 0.590625 0.2633335 0.032500000000000084 0.03833299999999998
73 0.606875 0.3070835 0.0412499999999999 0.035833000000000004
73 0.6221875 0.3183335 0.06437500000000007 0.04166700000000001
73 0.666875 0.32958299999999996 0.03750000000000009 0.02250000000000002
73 0.78625 0.3141665 0.19625000000000004 0.08166699999999999
73 0.7306250000000001 0.51625 0.028749999999999942 0.13083400000000006
73 0.7746875 0.47208300000000003 0.04937499999999995 0.027500000000000024
73 0.8384375 0.4995835 0.06562499999999993 0.12416700000000003
