73 0.1291665 0.26953150000000003 0.258333 0.201563
73 0.134375 0.102344 0.26875 0.042188
73 0.134375 0.5210935 0.26875 0.18906299999999998
73 0.14375 0.071875 0.2875 0.034374
73 0.114583 0.050781 0.225 0.029688000000000006
73 0.136458 0.948438 0.25625000000000003 0.10000000000000009
73 0.1625 0.757031 0.22083400000000003 0.12343799999999994
73 0.36354200000000003 0.252344 0.26875 0.22031199999999998
73 0.371875 0.9484375 0.24375000000000002 0.068751
73 0.3572915 0.05 0.21041700000000002 0.021876
73 0.37708299999999995 0.5328125 0.24999999999999994 0.11250100000000002
73 0.36041650000000003 0.06875 0.20833300000000005 0.025
73 0.3708335 0.753125 0.229167 0.05312600000000001
73 0.375 0.10859350000000001 0.22499999999999998 0.023437
73 0.376042 0.9054685 0.21875 0.089063
73 0.3729165 0.0843755 0.204167 0.015625
73 0.378125 0.708594 0.214584 0.07968800000000009
73 0.3854165 0.78125 0.229167 0.03125
73 0.3833335 0.974219 0.220833 0.04531199999999991
73 0.38541650000000005 0.125 0.216667 0.015624000000000013
73 0.609375 0.25 0.17291600000000007 0.19999999999999998
73 0.6302085 0.4742185 0.21458300000000008 0.21718700000000002
73 0.61875 0.0703125 0.17500000000000004 0.140625
73 0.7614585 0.692188 0.24791700000000005 0.13749999999999996
73 0.7822915 0.253125 0.22291700000000003 0.1875
73 0.7875 0.06875 0.19583400000000006 0.1375
73 0.821875 0.460156 0.19791599999999998 0.20468799999999998
73 0.884375 0.65 0.22708400000000006 0.16562600000000005
73 0.8875 0.833594 0.17916600000000005 0.04843800000000009
73 0.8979170000000001 0.8109375 0.16249999999999998 0.05625100000000005
73 0.909375 0.2906255 0.17708400000000002 0.10937499999999997
73 0.91875 0.852344 0.125 0.035938000000000025
73 0.9281250000000001 0.0726565 0.13958400000000004 0.145313
73 0.9375 0.467187 0.12083400000000011 0.16875
