73 0.134 0.967917 0.268 0.0625
73 0.14 0.6929164999999999 0.28 0.13916699999999993
73 0.242 0.9454165 0.29200000000000004 0.07916699999999999
73 0.275 0.546667 0.16399999999999998 0.14999999999999997
73 0.3175 0.669167 0.08299999999999996 0.10499999999999998
73 0.43800000000000006 0.617083 0.23800000000000004 0.22250000000000003
73 0.6965 0.5416665 0.391 0.34666699999999995
73 0.7895 0.81875 0.41900000000000004 0.355834
73 0.7949999999999999 0.79625 0.41000000000000003 0.39749999999999996
73 0.9205 0.625 0.15700000000000003 0.31666599999999995
