73 0.5040625000000001 0.8602255 0.018125000000000058 0.09756100000000001
73 0.5296875 0.6871484999999999 0.023125000000000062 0.098499
73 0.6178125000000001 0.762664 0.06187500000000001 0.09193200000000001
73 0.6909375 0.6388365 0.04562500000000003 0.07504699999999997
73 0.693125 0.542683 0.050000000000000044 0.066604
73 0.69875 0.43621 0.06125000000000003 0.06941799999999998
73 0.6793750000000001 0.3311445 0.019999999999999907 0.071295
73 0.6865625 0.7434335000000001 0.03437499999999993 0.09099500000000005
73 0.7165625 0.349437 0.03312500000000007 0.04596599999999995
73 0.758125 0.7045025 0.05249999999999999 0.07879899999999995
73 0.7581249999999999 0.621013 0.04749999999999999 0.061914000000000025
73 0.76 0.3616325 0.05125000000000002 0.05347099999999999
73 0.76125 0.5365854999999999 0.05125000000000002 0.061912999999999996
73 0.760625 0.44230749999999996 0.0475000000000001 0.05347099999999999
73 0.7971874999999999 0.6782364999999999 0.018125000000000058 0.06754300000000002
73 0.805625 0.37195100000000003 0.03249999999999997 0.04033800000000004
73 0.8087500000000001 0.517355 0.03874999999999995 0.06472799999999995
73 0.81 0.44136949999999997 0.0412499999999999 0.05534699999999998
73 0.815 0.621482 0.04625000000000001 0.027204000000000006
73 0.8865625 0.641182 0.026874999999999982 0.05534799999999995
73 0.88375 0.5811445 0.018749999999999933 0.04596699999999998
73 0.8921875 0.4498125 0.03562500000000002 0.03846099999999997
73 0.8928125 0.515478 0.03687499999999999 0.042213999999999974
73 0.8934375 0.388837 0.030624999999999902 0.04596600000000001
