73 0.0624415 0.2354595 0.124883 0.07317099999999999
73 0.082629 0.778612 0.165258 0.08004999999999995
73 0.4112675 0.0590995 0.822535 0.118199
73 0.34366199999999997 0.1941835 0.30047 0.07692299999999999
73 0.34366199999999997 0.501876 0.30047 0.14196399999999998
73 0.3568075 0.337711 0.29483500000000007 0.14509
73 0.368075 0.670106 0.30234799999999995 0.18073800000000007
73 0.3643195 0.876798 0.24413100000000001 0.17385799999999996
73 0.3887325 0.820513 0.21596300000000002 0.04127599999999998
73 0.3976525 0.7776735 0.21314500000000003 0.01688500000000004
73 0.4 0.79237 0.21784000000000003 0.018761999999999945
73 0.667136 0.501876 0.3314560000000001 0.15947400000000006
73 0.6685445 0.20637899999999998 0.30798100000000006 0.038774
73 0.6680755 0.3355225 0.2920189999999999 0.14696699999999996
73 0.6826295 0.673546 0.315493 0.171358
73 0.6375584999999999 0.7933085 0.20469499999999996 0.05440900000000004
73 0.6840375000000001 0.8683555000000001 0.29765300000000006 0.21826099999999993
