73 0.341875 0.6441669999999999 0.21125000000000002 0.19499999999999995
73 0.0459375 0.6025 0.091875 0.188334
73 0.0975 0.115 0.195 0.091666
73 0.09875 0.0329165 0.1975 0.065833
73 0.09875 0.219167 0.1975 0.09
73 0.099375 0.32166649999999997 0.19875 0.11166700000000002
73 0.1015625 0.45083300000000004 0.203125 0.11500000000000005
73 0.4996875 0.66 0.999375 0.678334
73 0.1421875 0.5708329999999999 0.10562500000000001 0.10999999999999999
73 0.321875 0.0441665 0.23500000000000001 0.088333
73 0.32125000000000004 0.337083 0.23125 0.08749999999999997
73 0.3225 0.1295835 0.22624999999999998 0.08583299999999999
73 0.324375 0.22249999999999998 0.225 0.093334
73 0.329375 0.5595835 0.22749999999999998 0.11583300000000007
73 0.3275 0.44333350000000005 0.22124999999999997 0.10666700000000001
73 0.5393749999999999 0.33416650000000003 0.20499999999999996 0.10166700000000001
73 0.53625 0.44 0.19625000000000004 0.10999999999999999
73 0.5387500000000001 0.1366665 0.19374999999999998 0.106667
73 0.5431250000000001 0.067083 0.2025 0.0875
73 0.541875 0.5449999999999999 0.19250000000000006 0.11333399999999993
73 0.5449999999999999 0.23125 0.19374999999999998 0.095834
73 0.7246875 0.33875 0.17312499999999997 0.08416599999999996
73 0.7278125 0.08125 0.171875 0.085834
73 0.7234375 0.535833 0.16062500000000002 0.10000000000000003
73 0.7296875 0.4341665 0.17062499999999992 0.10333300000000001
73 0.7324999999999999 0.2504165 0.17000000000000004 0.089167
73 0.7340625000000001 0.15708350000000001 0.17312500000000008 0.085833
73 0.8903125000000001 0.1770835 0.13937499999999992 0.100833
73 0.8909375 0.25875 0.140625 0.08249999999999999
73 0.8875 0.345 0.12374999999999992 0.09000000000000002
