73 0.19124999999999998 0.7833334999999999 0.15124999999999997 0.271667
73 0.1959375 0.46125000000000005 0.139375 0.24083400000000005
73 0.205625 0.1720835 0.14125 0.23083299999999998
73 0.36 0.7949999999999999 0.16249999999999998 0.308334
73 0.3678125 0.4604165 0.14437499999999998 0.24583299999999997
73 0.398125 0.1629165 0.1975 0.23583300000000001
73 0.616875 0.79125 0.31249999999999994 0.25249999999999995
73 0.5409375 0.45458299999999996 0.13937499999999997 0.2475
73 0.5943750000000001 0.1641665 0.15125 0.24666699999999997
73 0.7171875 0.45125 0.150625 0.24749999999999994
73 0.7637499999999999 0.1575 0.14875000000000005 0.243334
73 0.8612500000000001 0.787917 0.11875000000000002 0.23250000000000004
