73 0.6487499999999999 0.86625 0.11249999999999993 0.16916600000000004
73 0.6525000000000001 0.7458335 0.11750000000000005 0.05833299999999997
73 0.6815625000000001 0.509583 0.13187500000000008 0.1175
73 0.686875 0.6041665 0.12624999999999997 0.09666699999999995
73 0.6971875000000001 0.34625 0.12687499999999996 0.08583399999999997
73 0.6490625 0.4966665 0.013125000000000053 0.08666700000000005
73 0.880625 0.880833 0.22249999999999992 0.18500000000000005
73 0.8921875 0.6654165 0.21437499999999998 0.13916700000000004
73 0.899375 0.4933335 0.20000000000000007 0.11166699999999996
73 0.9 0.33416650000000003 0.19874999999999998 0.096667
