73 0.0140625 0.118199 0.028125 0.069418
73 0.0159375 0.2195125 0.031875 0.07504699999999997
73 0.0178125 0.43339550000000004 0.035625 0.07692300000000002
73 0.033125 0.5750465 0.04625 0.05628500000000003
73 0.040625 0.6791739999999999 0.05625000000000001 0.15197000000000005
73 0.1540625 0.0370545 0.216875 0.074109
73 0.1565625 0.099906 0.22187500000000002 0.109756
73 0.16843750000000002 0.2157595 0.21937500000000001 0.09756100000000001
73 0.166875 0.3137895 0.20875 0.12101300000000004
73 0.17875000000000002 0.411351 0.19875 0.113508
73 0.0978125 0.3184805 0.024374999999999994 0.07973699999999995
73 0.10625 0.5173544999999999 0.04124999999999998 0.03658499999999998
73 0.21125 0.5 0.08999999999999997 0.09005599999999997
73 0.3875 0.049249499999999995 0.19125000000000003 0.068481
73 0.39375000000000004 0.1322705 0.19624999999999998 0.073171
73 0.39625 0.2148215 0.18874999999999997 0.07692299999999999
73 0.3990625 0.285647 0.18312499999999998 0.089118
73 0.4015625 0.3752345 0.17562500000000003 0.07504700000000003
73 0.368125 0.459662 0.09875 0.09005599999999997
73 0.34625 0.5534705 0.03749999999999998 0.07692299999999996
73 0.466875 0.4282365 0.057499999999999996 0.05722299999999997
73 0.4790625 0.507974 0.028124999999999956 0.06285199999999996
73 0.5903125 0.058161 0.17437499999999995 0.06379
73 0.5921875 0.1341465 0.17062500000000003 0.06941900000000001
73 0.596875 0.26829250000000004 0.17625000000000002 0.07692300000000002
73 0.5996875 0.203096 0.181875 0.06847999999999999
73 0.6 0.333959 0.16500000000000004 0.084428
73 0.5303125 0.402908 0.015625 0.038461999999999996
73 0.6371875 0.399156 0.10687500000000005 0.06097600000000003
73 0.6334375000000001 0.4840525 0.041874999999999996 0.07317100000000004
73 0.7940625 0.0511255 0.18437499999999996 0.081613
73 0.7940625 0.1106945 0.17937500000000006 0.076923
73 0.7940625 0.251407 0.17437499999999995 0.06941799999999998
73 0.7959375 0.18667899999999998 0.17312499999999997 0.071294
73 0.793125 0.465291 0.15625 0.09005599999999997
73 0.7475 0.3325515 0.0625 0.03658499999999998
73 0.7540625000000001 0.380863 0.07562499999999994 0.07879999999999998
73 0.8496874999999999 0.314728 0.073125 0.06097600000000003
73 0.95375 0.030488 0.09125000000000005 0.060976
73 0.9575 0.10600400000000001 0.08374999999999999 0.048780000000000004
73 0.9575 0.297373 0.08374999999999999 0.065666
73 0.958125 0.1674485 0.08250000000000002 0.06285099999999999
73 0.958125 0.2340525 0.08250000000000002 0.05347100000000002
