73 0.0409375 0.2058545 0.081875 0.12653499999999998
73 0.13 0.5807365 0.26 0.13975500000000007
73 0.130625 0.0830975 0.26125 0.166195
73 0.2228125 0.44664800000000004 0.09187499999999998 0.06609999999999999
73 0.22 0.2407935 0.04125000000000001 0.08309699999999998
73 0.238125 0.2379605 0.017500000000000016 0.07743099999999997
73 0.2528125 0.242682 0.014374999999999999 0.086874
73 0.3 0.236072 0.05249999999999999 0.10009400000000002
73 0.324375 0.559018 0.09875 0.09254000000000007
73 0.323125 0.114259 0.09375 0.073654
73 0.33187500000000003 0.6803589999999999 0.10249999999999998 0.04060399999999997
73 0.3190625 0.405099 0.07437500000000002 0.152974
73 0.40593749999999995 0.1836635 0.02812500000000001 0.13503300000000001
73 0.4096875 0.3116145 0.030625000000000013 0.08876299999999998
73 0.47906249999999995 0.7063269999999999 0.169375 0.10009400000000002
73 0.419375 0.457507 0.04249999999999998 0.05193599999999998
73 0.4140625 0.5873465 0.02937500000000004 0.109537
73 0.49375 0.8196415 0.18875000000000003 0.109537
73 0.4340625 0.233711 0.05937500000000001 0.042492
73 0.445625 0.3432485 0.05125000000000002 0.044381000000000004
73 0.4559375 0.6161475 0.059374999999999956 0.017940999999999985
73 0.469375 0.626062 0.08624999999999994 0.02077400000000007
73 0.468125 0.206799 0.04999999999999999 0.084986
73 0.50125 0.3267235 0.11125000000000002 0.08876300000000004
73 0.5059375 0.478754 0.06687500000000007 0.01322000000000001
73 0.520625 0.23135050000000001 0.05749999999999994 0.067989
73 0.5309375000000001 0.434372 0.06312499999999999 0.09442800000000001
73 0.54625 0.5632675 0.08125000000000004 0.13503300000000001
73 0.6440625 0.187441 0.135625 0.10481600000000002
73 0.631875 0.3338055 0.10625000000000007 0.02171899999999999
73 0.5884375 0.2842305 0.009375000000000022 0.09631699999999999
73 0.6003125 0.6369215 0.02937500000000004 0.05004699999999995
73 0.6015625 0.8196410000000001 0.024375000000000036 0.10575999999999997
73 0.6546875 0.539188 0.130625 0.09065199999999995
73 0.6584375 0.440038 0.13812500000000005 0.086874
73 0.63125 0.6529745 0.05125000000000002 0.017940999999999985
73 0.6581250000000001 0.305477 0.053750000000000075 0.061378000000000044
73 0.6950000000000001 0.6199245 0.04999999999999993 0.04815900000000006
73 0.7165625 0.5571295 0.026874999999999982 0.05476899999999996
73 0.7496875000000001 0.33475 0.024374999999999925 0.05760199999999999
73 0.7584375 0.22238 0.038124999999999964 0.07271
73 0.7615625 0.5311615 0.026874999999999982 0.044381000000000004
73 0.7737499999999999 0.452786 0.05124999999999991 0.08593
73 0.7718750000000001 0.7771485 0.03749999999999998 0.07554300000000003
73 0.7690625 0.6567514999999999 0.026874999999999982 0.029272999999999993
73 0.905 0.30925400000000003 0.12375000000000003 0.10103800000000002
73 0.9090625 0.19641150000000002 0.12687500000000007 0.10198300000000002
73 0.9171875 0.535411 0.135625 0.07932
73 0.8721875 0.639282 0.013125000000000053 0.07932000000000006
73 0.926875 0.429651 0.11125000000000007 0.09253999999999996
73 0.9081250000000001 0.6576960000000001 0.05625000000000002 0.05382399999999998
73 0.8946875 0.635505 0.026874999999999982 0.06421199999999994
73 0.9593750000000001 0.6591119999999999 0.05625000000000002 0.07931999999999995
