73 0.763125 0.508443 0.21375 0.628518
73 0.1309375 0.527674 0.07062500000000001 0.80394
73 0.2078125 0.5300185000000001 0.12937500000000002 0.7729830000000001
73 0.25406249999999997 0.570356 0.12687500000000002 0.673546
73 0.284375 0.535647 0.05625000000000002 0.560976
73 0.3315625 0.5201685 0.043125000000000024 0.595685
73 0.6334375 0.868668 0.5956250000000001 0.21575999999999995
73 0.39375 0.5253285 0.09375 0.594747
73 0.463125 0.523452 0.04999999999999999 0.628518
73 0.5034375 0.5248595 0.038124999999999964 0.575047
73 0.5403125 0.5262665 0.03562500000000002 0.560975
73 0.5765625000000001 0.533771 0.030625000000000013 0.5609759999999999
73 0.6559375000000001 0.5257975 0.13312500000000005 0.580675
