73 0.0115625 0.445 0.023125 0.09833400000000003
73 0.01875 0.3091665 0.0375 0.06666700000000003
73 0.02125 0.16333350000000002 0.0425 0.04833299999999999
73 0.0428125 0.45375 0.084375 0.11916600000000005
73 0.059375 0.317083 0.07 0.0625
73 0.0703125 0.265 0.053125000000000006 0.04999999999999999
73 0.1028125 0.45291650000000006 0.08812500000000001 0.12083300000000002
73 0.16125 0.4520835 0.07250000000000001 0.094167
73 0.2603125 0.43333350000000004 0.01937500000000003 0.05333300000000002
73 0.2953125 0.44166649999999996 0.05937500000000001 0.06666699999999998
73 0.3503125 0.474167 0.06812500000000005 0.11499999999999999
73 0.4096875 0.47250000000000003 0.070625 0.11166600000000004
73 0.45999999999999996 0.47375 0.03999999999999998 0.134166
73 0.555625 0.4891665 0.04749999999999999 0.10333300000000001
73 0.57 0.13166699999999998 0.04125000000000001 0.145
