73 0.6259764999999999 0.685754 0.097657 0.22067000000000003
73 0.611328 0.49720700000000007 0.02343800000000007 0.05586600000000003
73 0.605957 0.5467875 0.01074200000000003 0.02374300000000007
73 0.614746 0.342179 0.028320000000000012 0.04748600000000003
73 0.6137695000000001 0.41620100000000004 0.014649000000000023 0.06145200000000001
73 0.614258 0.263268 0.013672000000000017 0.03771000000000002
73 0.641113 0.521648 0.02050800000000008 0.060056000000000054
73 0.6411135 0.33868750000000003 0.0185550000000001 0.054469000000000045
73 0.6416014999999999 0.2465085 0.011718999999999924 0.06284899999999999
73 0.6416014999999999 0.423184 0.011718999999999924 0.05586599999999997
73 0.6567385 0.2402235 0.0126949999999999 0.061453000000000035
73 0.6582035 0.3310055 0.015625 0.06145299999999998
73 0.6733395 0.32821199999999995 0.018554999999999988 0.078212
73 0.677246 0.2255585 0.02050799999999997 0.065643
73 0.6757815 0.4343575 0.015625 0.07821299999999998
73 0.7158205 0.8365925000000001 0.09179700000000002 0.13128499999999999
73 0.677246 0.5418995 0.01269600000000004 0.07821299999999998
73 0.6948245 0.6717875 0.030272999999999994 0.06703900000000007
73 0.6972659999999999 0.446229 0.027343999999999924 0.076816
73 0.6972655 0.3310055 0.02343699999999993 0.07541900000000001
73 0.698242 0.22067050000000002 0.02343799999999996 0.06703900000000002
73 0.6992185 0.5523739999999999 0.019530999999999965 0.09078200000000003
73 0.7202145 0.333799 0.02636700000000003 0.069832
73 0.722656 0.44972100000000004 0.027344000000000035 0.094972
73 0.7250975 0.198324 0.022460999999999953 0.09776600000000002
73 0.751465 0.4594975 0.03417999999999999 0.09776500000000005
73 0.754883 0.3261175 0.027344000000000035 0.08519500000000002
73 0.7578125 0.1857545 0.033203000000000094 0.10614500000000002
73 0.7597655 0.590084 0.02539099999999994 0.11592199999999997
73 0.8662110000000001 0.8596364999999999 0.08398399999999995 0.11871500000000001
73 0.8833005 0.63757 0.02636699999999992 0.09357599999999999
73 0.956055 0.679469 0.06640599999999997 0.10754200000000003
