73 0.032121 0.382727 0.064242 0.02363599999999999
73 0.032121 0.42772750000000004 0.064242 0.024544999999999983
73 0.032121 0.47681799999999996 0.064242 0.026364
73 0.032121 0.508182 0.064242 0.02181799999999995
73 0.0333335 0.40090950000000003 0.066667 0.029091000000000033
73 0.0351515 0.54 0.070303 0.02363599999999999
73 0.008485000000000001 0.3613635 0.014546000000000002 0.01909099999999997
73 0.0278785 0.45590949999999997 0.053333000000000005 0.019091000000000025
73 0.030303 0.353182 0.033940000000000005 0.02818200000000004
73 0.0751515 0.4736365 0.096969 0.029090999999999978
73 0.0648485 0.35181799999999996 0.030303000000000004 0.038181999999999994
73 0.091515 0.42545449999999996 0.064242 0.032727000000000006
73 0.0963635 0.45227249999999997 0.073939 0.02090900000000001
73 0.0963635 0.5045455 0.073939 0.029090999999999978
73 0.099394 0.5327275 0.07999999999999999 0.03454500000000005
73 0.09636349999999999 0.38 0.064243 0.029090000000000005
73 0.0975755 0.405 0.066667 0.02091000000000004
73 0.09636349999999999 0.3513635 0.03272699999999999 0.02454500000000004
73 0.170909 0.4054545 0.067878 0.02727299999999999
73 0.170909 0.4295455 0.067878 0.01727300000000004
73 0.17636400000000002 0.5018185 0.078788 0.02727299999999999
73 0.169697 0.384545 0.06060600000000002 0.019999999999999962
73 0.169697 0.531364 0.06060600000000002 0.03181800000000001
73 0.17272749999999998 0.4745455 0.066667 0.02363700000000002
73 0.17515150000000002 0.455455 0.07151500000000002 0.020000000000000018
73 0.18 0.352727 0.04000000000000001 0.03636400000000001
73 0.21939399999999998 0.3563635 0.03394 0.03272699999999995
73 0.24303049999999998 0.45727300000000004 0.06909099999999999 0.03636400000000001
73 0.2430305 0.38863650000000005 0.064243 0.022726999999999997
73 0.2721215 0.42136399999999996 0.11272700000000002 0.04999999999999999
73 0.2478785 0.358182 0.03272699999999998 0.03636399999999995
73 0.289697 0.36090900000000004 0.03636400000000001 0.038181999999999994
73 0.3036365 0.3886365 0.064243 0.020908999999999955
73 0.3169695 0.3622725 0.027878999999999987 0.044545
73 0.3563635 0.4990905 0.07272699999999999 0.029090999999999978
73 0.3557575 0.47409100000000004 0.06909100000000001 0.01727200000000001
73 0.3884845 0.5277275 0.129697 0.02454500000000004
73 0.356364 0.43181800000000004 0.06060599999999999 0.018181999999999976
73 0.36181850000000004 0.45136350000000003 0.06666699999999998 0.02090900000000001
73 0.35393949999999996 0.365909 0.031515000000000015 0.03181800000000001
73 0.36363650000000003 0.40863649999999996 0.04606099999999996 0.02090900000000001
73 0.3672725 0.395 0.04606100000000002 0.013635999999999981
73 0.391515 0.37636349999999996 0.04363600000000001 0.0072730000000000294
73 0.42060600000000004 0.435909 0.06060599999999999 0.01727200000000001
73 0.409091 0.5 0.027878000000000014 0.020000000000000018
73 0.41151550000000003 0.475909 0.032727000000000006 0.01727200000000001
73 0.4206065 0.4531815 0.05090899999999998 0.02090900000000001
73 0.421818 0.4154545 0.04363599999999995 0.01454500000000003
73 0.4230305 0.3922725 0.04606099999999996 0.019091000000000025
73 0.49697 0.48590900000000004 0.13818200000000003 0.05363600000000002
73 0.507273 0.4445455 0.10302999999999995 0.018181000000000003
73 0.52 0.40727250000000004 0.12848400000000004 0.04545499999999997
73 0.492121 0.5195455 0.03636399999999995 0.01363700000000001
73 0.5466664999999999 0.5377275 0.053332999999999964 0.03909099999999999
73 0.5866665 0.5309094999999999 0.04606100000000002 0.05090899999999998
73 0.586667 0.45727300000000004 0.041211999999999915 0.038181999999999994
73 0.590303 0.4263635 0.04363600000000001 0.02363700000000002
73 0.6593935 0.3827275 0.05090899999999998 0.030908999999999964
73 0.6727275 0.301818 0.06545500000000004 0.045453999999999994
73 0.679394 0.690455 0.07878799999999997 0.04999999999999993
73 0.6666665 0.529091 0.048485 0.03818199999999994
73 0.7 0.841364 0.11515200000000003 0.09000000000000008
73 0.692121 0.22499999999999998 0.09454600000000002 0.05727199999999996
73 0.670303 0.41772699999999996 0.03636400000000006 0.028181999999999985
73 0.6981815 0.6127275000000001 0.09212100000000001 0.06727300000000003
73 0.7030305 0.4563635 0.0921209999999999 0.04727300000000001
73 0.7260610000000001 0.5363635 0.10181800000000008 0.03636299999999992
73 0.7836365000000001 0.804091 0.21696900000000008 0.12272799999999995
73 0.733939 0.298182 0.06181799999999993 0.034545999999999966
73 0.7442424999999999 0.371364 0.04606100000000002 0.051817999999999975
73 0.76 0.462727 0.04605999999999999 0.03818200000000005
73 0.8690910000000001 0.757727 0.259394 0.13363599999999998
73 0.7836365 0.281818 0.07393899999999998 0.03636400000000001
73 0.7836365 0.6404544999999999 0.07393899999999998 0.05727300000000002
73 0.789091 0.3727275 0.06302999999999992 0.03454499999999999
73 0.789091 0.4668185 0.038788000000000045 0.03909100000000004
73 0.8145454999999999 0.176818 0.048485 0.04999999999999999
73 0.8133334999999999 0.5563640000000001 0.036363000000000034 0.04181800000000002
73 0.8478785 0.26318199999999997 0.07393899999999998 0.05363599999999999
73 0.8387875 0.532273 0.05090899999999998 0.06636400000000003
73 0.852727 0.4686365 0.06424200000000002 0.03909099999999999
73 0.8636360000000001 0.366818 0.07878799999999997 0.046364000000000016
73 0.860606 0.169091 0.058181999999999956 0.02727199999999999
73 0.88 0.6654545000000001 0.09697 0.06181899999999996
73 0.8939395 0.5563635 0.07393899999999998 0.06909100000000001
73 0.899394 0.46681799999999996 0.058181999999999956 0.04999999999999999
73 0.900606 0.250909 0.04605999999999999 0.04727199999999998
73 0.9557575 0.5781814999999999 0.08606100000000005 0.06727300000000003
73 0.958788 0.691818 0.07999999999999996 0.074546
73 0.970303 0.24681799999999998 0.056969999999999965 0.051818
73 0.9739395 0.48227299999999995 0.04969699999999999 0.026364
