73 0.0403125 0.46375 0.080625 0.065834
73 0.1171875 0.685417 0.234375 0.5425
73 0.123125 0.1858335 0.24625 0.366667
73 0.1375 0.864167 0.19375 0.27
73 0.23875000000000002 0.7958335000000001 0.07499999999999998 0.20666700000000005
73 0.32125000000000004 0.20125 0.09249999999999997 0.195834
73 0.3284375 0.662917 0.08437499999999998 0.2825
73 0.3290625 0.445 0.083125 0.26333400000000007
73 0.43499999999999994 0.08708350000000001 0.14499999999999996 0.074167
73 0.384375 0.3683335 0.03875000000000001 0.158333
73 0.3746875 0.214167 0.016874999999999973 0.15
73 0.393125 0.5258335000000001 0.040000000000000036 0.15333300000000005
73 0.40593749999999995 0.211667 0.06562499999999999 0.08999999999999997
73 0.4165625 0.46041699999999997 0.020625000000000004 0.1225
73 0.4190625 0.3325 0.01937500000000003 0.10333399999999998
73 0.464375 0.29375 0.07499999999999996 0.0675
73 0.46468750000000003 0.3820835 0.07187499999999997 0.08583299999999999
73 0.45687500000000003 0.1954165 0.04624999999999996 0.07083300000000001
73 0.4928125 0.2 0.023125000000000007 0.05500000000000002
73 0.5453125000000001 0.20124999999999998 0.08437499999999998 0.06583399999999998
73 0.5475 0.38833300000000004 0.08000000000000007 0.07
73 0.5862499999999999 0.1033335 0.15249999999999997 0.048333
73 0.5459375 0.300417 0.06937499999999996 0.0675
73 0.593125 0.3375 0.02750000000000008 0.12
73 0.5959375 0.47250000000000003 0.024375000000000036 0.11500000000000005
73 0.5978125 0.2141665 0.02562500000000001 0.10166700000000001
73 0.6196875 0.5408335 0.04937500000000006 0.19666700000000004
73 0.625625 0.3733335 0.040000000000000036 0.161667
73 0.635 0.2083335 0.03374999999999995 0.141667
73 0.6659375000000001 0.65 0.06437499999999996 0.28
73 0.688125 0.445 0.08250000000000002 0.22166600000000003
73 0.6990625 0.20416700000000002 0.07937499999999997 0.195
73 0.6734375 0.08374999999999999 0.014375000000000027 0.022500000000000006
73 0.8040625 0.8374999999999999 0.21187500000000004 0.318334
73 0.8540625 0.6933335 0.290625 0.611667
73 0.8753124999999999 0.2154165 0.24812500000000004 0.334167
