73 0.09625 0.185 0.1275 0.09999999999999998
73 0.11125 0.2770835 0.10624999999999998 0.09416699999999997
73 0.11031250000000001 0.473333 0.099375 0.09499999999999997
73 0.11249999999999999 0.3725 0.10124999999999999 0.08666600000000002
73 0.114375 0.5645835 0.1025 0.10083299999999995
73 0.115625 0.66 0.105 0.11333400000000005
73 0.1221875 0.7454164999999999 0.08437499999999999 0.11583299999999996
73 0.33218749999999997 0.13125 0.20187499999999997 0.1375
73 0.2990625 0.7254165 0.04812499999999997 0.12083299999999997
73 0.30374999999999996 0.8429169999999999 0.05124999999999996 0.11750000000000005
73 0.35531250000000003 0.2604165 0.14937499999999998 0.12083299999999997
73 0.3565625 0.37583350000000004 0.14687499999999998 0.10666700000000001
73 0.38 0.8116665000000001 0.03875000000000001 0.093333
73 0.485625 0.050416499999999996 0.07 0.040832999999999994
73 0.6956249999999999 0.133333 0.30625 0.21
73 0.6440625 0.916667 0.10187499999999994 0.16500000000000004
73 0.6846875 0.7558335 0.17312499999999997 0.208333
73 0.6428125 0.639583 0.08687500000000004 0.14749999999999996
73 0.7253125 0.2604165 0.24687499999999996 0.134167
73 0.6065625 0.6604165 0.008124999999999938 0.10416700000000001
73 0.6259375 0.5033335 0.04562500000000003 0.096667
73 0.7234375 0.3820835 0.24062499999999998 0.11916699999999997
73 0.749375 0.4854165 0.18874999999999997 0.11583299999999996
73 0.7228125000000001 0.8479165 0.104375 0.150833
73 0.7350000000000001 0.6000000000000001 0.08750000000000002 0.12
73 0.79375 0.7745835000000001 0.07374999999999998 0.12583299999999997
73 0.8040625 0.6725000000000001 0.06812499999999999 0.10999999999999999
73 0.8087500000000001 0.576667 0.06500000000000006 0.11499999999999999
