73 0.0678125 0.499474 0.135625 0.998948
73 0.243125 0.5431125 0.09000000000000002 0.9116709999999999
73 0.34125 0.4947425 0.040000000000000036 0.711883
73 0.3878125 0.4652995 0.02562500000000001 0.558359
73 0.4175 0.4337535 0.02250000000000002 0.484753
73 0.44375 0.4127235 0.023749999999999993 0.413249
73 0.45781249999999996 0.3880125 0.00687500000000002 0.325973
73 0.47125 0.37907450000000004 0.010000000000000009 0.303891
73 0.8043750000000001 0.499474 0.39 0.998948
73 0.8684375 0.8780235000000001 0.015625 0.17455300000000007
