73 0.0166665 0.363889 0.033333 0.14444400000000002
73 0.0666665 0.511111 0.133333 0.23333399999999993
73 0.1333335 0.45833350000000006 0.141667 0.19444500000000003
73 0.303125 0.3125 0.14375 0.191666
73 0.3020835 0.6125 0.120833 0.191666
73 0.320833 0.3819445 0.125 0.20277699999999999
73 0.463542 0.3055555 0.11874999999999997 0.17777700000000002
73 0.494792 0.45972199999999996 0.15625 0.19722199999999995
73 0.479167 0.263889 0.10000000000000003 0.183334
73 0.5072915 0.6847225 0.10208299999999998 0.26388900000000004
73 0.5895835 0.38055550000000005 0.12083299999999997 0.211111
73 0.6614585 0.286111 0.11458299999999999 0.10555599999999998
73 0.7041664999999999 0.4 0.11666699999999997 0.2
73 0.7166665 0.46805549999999996 0.12083299999999997 0.20277699999999993
73 0.8145834999999999 0.6583335 0.145833 0.21111100000000005
73 0.834375 0.375 0.12291600000000003 0.18888799999999994
73 0.8572915 0.46249999999999997 0.12291699999999994 0.21388799999999997
73 0.938542 0.476389 0.11875000000000002 0.25277800000000006
