73 0.0882815 0.26249999999999996 0.176563 0.17083399999999999
73 0.046094 0.7052080000000001 0.045312000000000005 0.18125000000000002
73 0.067969 0.910417 0.089062 0.17500000000000004
73 0.124219 0.6625 0.126562 0.13749999999999996
73 0.114844 0.48750000000000004 0.06406200000000001 0.18750000000000006
73 0.15000000000000002 0.8729169999999999 0.1 0.11249999999999993
73 0.153906 0.465625 0.067188 0.18125000000000002
73 0.3546875 0.43124999999999997 0.14374900000000002 0.26666599999999996
73 0.4898435 0.4229165 0.08906300000000006 0.22083299999999995
73 0.542187 0.42083349999999997 0.018750000000000044 0.17916700000000002
73 0.5929685 0.38020849999999995 0.07343699999999997 0.122917
