73 0.0734375 0.0645835 0.134375 0.064167
73 0.2146875 0.2504165 0.159375 0.419167
73 0.208125 0.0129165 0.12 0.025833
73 0.2778125 0.3308335 0.181875 0.41333299999999995
73 0.5 0.32625 0.61375 0.4225
73 0.5840625 0.7675000000000001 0.704375 0.4149999999999999
73 0.3153125 0.7454164999999999 0.16437500000000002 0.375833
73 0.4309375 0.0145835 0.18312499999999998 0.029167
73 0.4865625 0.3225 0.25062499999999993 0.418334
73 0.4684375 0.7720835 0.17562500000000003 0.380833
73 0.6371875 0.7737499999999999 0.18437499999999996 0.380834
73 0.6675 0.3304165 0.23750000000000004 0.42416699999999996
73 0.6925 0.0775 0.22875 0.08666599999999999
73 0.6978125 0.01125 0.239375 0.0225
73 0.8134375 0.779583 0.250625 0.38749999999999996
73 0.9450000000000001 0.7379165 0.10875000000000001 0.490833
