73 0.0410155 0.080078 0.082031 0.160156
73 0.043457 0.263021 0.086914 0.192708
73 0.0463865 0.5924475 0.092773 0.04427099999999995
73 0.059082 0.6992185 0.086914 0.19531299999999996
73 0.145996 0.080729 0.141602 0.161458
73 0.157715 0.2701825 0.14355400000000001 0.14453099999999997
73 0.1157225 0.7128905000000001 0.02246100000000001 0.17057299999999997
73 0.13427699999999998 0.7109375 0.020508 0.16145900000000002
73 0.1499025 0.7148435 0.02246100000000001 0.16406299999999996
73 0.1987305 0.683594 0.08105499999999999 0.182292
73 0.288086 0.080078 0.142578 0.160156
73 0.298828 0.252604 0.12109400000000001 0.164062
73 0.3120115 0.6861980000000001 0.13378900000000002 0.161458
73 0.422852 0.078125 0.125 0.15625
73 0.426758 0.264323 0.125 0.145834
73 0.441406 0.6712235 0.13281200000000004 0.17317700000000003
73 0.562012 0.080078 0.131836 0.160156
73 0.567383 0.263672 0.12890599999999997 0.12630199999999997
73 0.5458985000000001 0.6686195 0.08203100000000008 0.16796900000000003
73 0.75 0.078776 0.126954 0.157552
73 0.749512 0.244141 0.11425800000000008 0.157552
73 0.750488 0.624349 0.11425800000000008 0.17838600000000004
73 0.7470705 0.4166665 0.10546900000000003 0.14843700000000004
73 0.8603514999999999 0.4244795 0.10546899999999992 0.143229
73 0.8662110000000001 0.2578125 0.11523399999999995 0.140625
73 0.8662105 0.0826825 0.109375 0.165365
73 0.828125 0.6992185 0.02148400000000006 0.04427100000000006
73 0.9599605 0.24088549999999997 0.078125 0.161459
73 0.9614255 0.07487 0.07519500000000001 0.14974
73 0.9614255 0.42252599999999996 0.07519500000000001 0.12109399999999998
73 0.967773 0.6347655 0.0625 0.14453099999999997
