73 0.6181639999999999 0.06498699999999999 0.025389999999999913 0.12466799999999999
73 0.6279295 0.379973 0.02343700000000004 0.23474799999999996
73 0.658203 0.4449605 0.02343800000000007 0.19761299999999998
73 0.6689455 0.3899205 0.03710899999999995 0.318303
73 0.7099610000000001 0.0696285 0.05273399999999995 0.139257
73 0.7006835 0.3846155 0.018554999999999988 0.27055699999999994
73 0.7436525 0.066976 0.06738300000000008 0.133952
73 0.7495115 0.37931 0.061522999999999994 0.29708199999999996
73 0.7324219999999999 0.3958885 0.019531999999999994 0.258621
73 0.780273 0.0643235 0.0625 0.128647
73 0.810547 0.0629975 0.06640599999999997 0.125995
73 0.794922 0.39588850000000003 0.025390000000000024 0.277189
73 0.823242 0.37002650000000004 0.03906200000000004 0.23607499999999998
73 0.913574 0.872679 0.170898 0.031830000000000025
73 0.8496095 0.0689655 0.041015000000000024 0.137931
73 0.916992 0.8229445 0.16406200000000004 0.07559700000000003
73 0.8525389999999999 0.36604749999999997 0.02343799999999996 0.238727
73 0.921875 0.9210875000000001 0.154296 0.059680999999999984
73 0.9248045 0.48872649999999995 0.14843700000000004 0.07824899999999996
73 0.8847655 0.066313 0.03710900000000006 0.132626
73 0.9458005 0.7214855 0.10644500000000001 0.07692300000000007
73 0.9135745 0.0689655 0.018554999999999988 0.137931
73 0.9384764999999999 0.0696285 0.021485000000000087 0.139257
73 0.9721675000000001 0.070292 0.05371099999999995 0.140584
