73 0.0309375 0.96375 0.061875 0.07083400000000006
73 0.045 0.0808335 0.09 0.161667
73 0.4053125 0.651667 0.05687500000000001 0.07000000000000006
73 0.5325 0.645 0.195 0.21166600000000002
73 0.7471874999999999 0.4545835 0.135625 0.15916699999999995
73 0.7321875 0.2770835 0.09312500000000001 0.124167
73 0.7649999999999999 0.11624999999999999 0.15125 0.1325
73 0.7696875 0.0241665 0.14937500000000004 0.048333
73 0.89375 0.155 0.08750000000000002 0.11333399999999999
73 0.91875 0.0395835 0.10750000000000004 0.079167
73 0.9196875 0.42958300000000005 0.09812500000000002 0.1325
73 0.9234374999999999 0.8225 0.07437499999999997 0.1499999999999999
73 0.9221874999999999 0.5587500000000001 0.051875000000000004 0.129166
73 0.9299999999999999 0.6879165 0.04874999999999996 0.13583299999999998
