73 0.109125 0.6653125 0.21825 0.04437500000000005
73 0.1274695 0.7196875 0.254939 0.04812499999999997
73 0.133584 0.561875 0.267168 0.04249999999999998
73 0.1401695 0.6146875 0.280339 0.04312499999999997
73 0.1608655 0.4584375 0.321731 0.05437499999999995
73 0.1660395 0.5096875 0.332079 0.05812499999999993
73 0.3791155 0.8459375 0.280339 0.306875
73 0.41251150000000003 0.7853125000000001 0.32643500000000003 0.323125
73 0.31138299999999997 0.6 0.05080000000000001 0.06125000000000003
73 0.34477899999999995 0.6112500000000001 0.072436 0.05999999999999994
73 0.365475 0.665 0.05174000000000001 0.04125000000000001
73 0.438852 0.6615625 0.09501399999999999 0.0993750000000001
73 0.42944499999999997 0.45562499999999995 0.04609599999999997 0.06
73 0.428034 0.5146875 0.03386600000000001 0.044375
73 0.578551 0.499375 0.09783600000000003 0.05125000000000002
73 0.578551 0.441875 0.071496 0.04625000000000001
73 0.633114 0.7259375 0.13358400000000004 0.12062499999999998
73 0.659925 0.5531250000000001 0.09501399999999993 0.04625000000000001
73 0.6585135 0.443125 0.06208899999999995 0.05125000000000002
73 0.777987 0.6846875 0.11100599999999994 0.02937499999999993
73 0.74412 0.5571875 0.02822199999999997 0.04437499999999994
73 0.7615240000000001 0.504375 0.05174000000000001 0.04125000000000001
73 0.76905 0.453125 0.05174000000000001 0.03749999999999998
73 0.80762 0.5609375000000001 0.05174000000000001 0.04062500000000002
73 0.859831 0.499375 0.126058 0.05125000000000002
73 0.856538 0.6221875 0.08748800000000001 0.05437500000000006
73 0.8523050000000001 0.4525 0.06396999999999997 0.04249999999999998
73 0.890875 0.7384375 0.126058 0.11937500000000001
73 0.8588899999999999 0.5575 0.05080000000000007 0.03750000000000009
