73 0.511719 0.39253400000000005 0.114062 0.08371
73 0.509375 0.29751150000000004 0.10625000000000001 0.079185
73 0.5070315 0.480769 0.09531299999999998 0.08370999999999995
73 0.5125 0.5678734999999999 0.10625000000000007 0.07692299999999996
73 0.5953125 0.479638 0.078125 0.08597199999999999
73 0.5976565 0.282805 0.07343699999999997 0.08144800000000002
73 0.5945309999999999 0.09389149999999999 0.06093800000000005 0.088235
73 0.600781 0.3699095 0.057811999999999975 0.09728499999999995
73 0.7226565 0.127828 0.17656300000000003 0.174208
73 0.8773435 0.20022600000000002 0.12343699999999991 0.11990999999999999
73 0.8757815 0.469457 0.10781299999999994 0.142534
73 0.861719 0.33257950000000003 0.07656200000000002 0.126697
73 0.9015625 0.5984165 0.07187500000000002 0.09728500000000007
73 0.9007815 0.7217195000000001 0.05468699999999993 0.10859699999999994
73 0.903125 0.861991 0.04375000000000007 0.16289600000000004
73 0.9203125 0.32692299999999996 0.028124999999999956 0.11991000000000002
73 0.96875 0.877828 0.059376000000000095 0.18099600000000005
73 0.971094 0.184389 0.05468800000000007 0.11086000000000001
73 0.971094 0.3144795 0.05468800000000007 0.14027099999999998
73 0.973438 0.463801 0.050000000000000044 0.131222
73 0.9757815000000001 0.6074660000000001 0.04531300000000005 0.12896000000000007
