73 0.09783599999999999 0.0834375 0.133584 0.138125
73 0.2714015 0.548125 0.418627 0.12125000000000002
73 0.272813 0.26125 0.400752 0.12125000000000002
73 0.209313 0.10968750000000001 0.13640599999999997 0.12312500000000001
73 0.3316085 0.415625 0.262465 0.11249999999999999
73 0.361242 0.8084375 0.197554 0.11937500000000001
73 0.38476 0.6840625 0.146754 0.12312499999999993
73 0.3555975 0.700625 0.07902100000000001 0.08625000000000005
73 0.432267 0.115 0.14393200000000006 0.12625
73 0.7723425 0.515625 0.453433 0.04624999999999996
73 0.7723425 0.5974999999999999 0.453433 0.09750000000000003
