73 0.285 0.03125 0.43499999999999994 0.0625
73 0.29750000000000004 0.12937500000000002 0.44166600000000006 0.0925
73 0.245833 0.244375 0.335 0.09750000000000003
73 0.29833350000000003 0.36250000000000004 0.411667 0.11125000000000002
73 0.244583 0.47531249999999997 0.2825 0.104375
73 0.24583349999999998 0.5821875000000001 0.266667 0.12312500000000004
73 0.4441665 0.2403125 0.05666699999999997 0.075625
73 0.6025 0.016875 0.196666 0.03375
73 0.6129169999999999 0.0815625 0.2025 0.085625
73 0.6683334999999999 0.215625 0.08166700000000005 0.07999999999999999
73 0.6754165000000001 0.31718749999999996 0.05083300000000002 0.02437499999999998
73 0.8691665 0.0278125 0.18666700000000003 0.055625
73 0.8049999999999999 0.11125 0.05500000000000005 0.06625
73 0.7995835 0.20625 0.03416700000000006 0.07875000000000001
73 0.8049999999999999 0.30125 0.03166600000000008 0.07
73 0.8474999999999999 0.19343749999999998 0.07999999999999996 0.06687499999999999
73 0.8529165 0.1171875 0.05916699999999997 0.058124999999999996
73 0.9066665 0.19937500000000002 0.04833300000000007 0.06875
73 0.9133335 0.125 0.05666700000000002 0.05249999999999999
73 0.9416665 0.20125 0.036667000000000005 0.065
73 0.9512499999999999 0.12062500000000001 0.02749999999999997 0.05500000000000001
