73 0.1617185 0.11328099999999999 0.104687 0.14843800000000001
73 0.1484375 0.2710935 0.068749 0.15156299999999998
73 0.161719 0.4304685 0.06406200000000001 0.14218699999999995
73 0.198437 0.2734375 0.0625 0.15312499999999998
73 0.2273435 0.424219 0.08593699999999999 0.135938
73 0.228906 0.124219 0.057811999999999975 0.13906200000000002
73 0.2625 0.27265649999999997 0.07187599999999997 0.16406300000000001
73 0.307031 0.11953150000000001 0.15468800000000002 0.170313
73 0.35234350000000003 0.053905999999999996 0.11406299999999997 0.042187999999999996
73 0.3359375 0.255469 0.059374999999999956 0.10156200000000001
73 0.385156 0.27265649999999997 0.03906200000000004 0.13281300000000001
73 0.43828100000000003 0.1304685 0.11093800000000004 0.167187
73 0.45390600000000003 0.286719 0.07031199999999999 0.132812
