73 0.06 0.2925 0.12 0.07
73 0.0659375 0.4 0.131875 0.061666
73 0.0703125 0.5225 0.140625 0.09333399999999997
73 0.07625 0.6345835 0.15 0.12416700000000003
73 0.1928125 0.2995835 0.13437500000000002 0.08416699999999999
73 0.2015625 0.3929165 0.13187500000000002 0.07583300000000004
73 0.2053125 0.5104165 0.13437500000000002 0.08916700000000005
73 0.20875 0.6120835 0.11499999999999999 0.11416699999999991
73 0.3159375 0.30125 0.111875 0.0675
73 0.32781249999999995 0.6391665 0.133125 0.05166700000000002
73 0.3171875 0.38958349999999997 0.104375 0.06916700000000003
73 0.3225 0.5870835 0.10499999999999998 0.09083299999999994
73 0.3215625 0.4991665 0.09812499999999996 0.06333299999999997
73 0.4134375 0.38125 0.09062500000000001 0.065834
73 0.4171875 0.2991665 0.09312500000000001 0.053332999999999964
73 0.411875 0.48624999999999996 0.07750000000000001 0.069166
73 0.42 0.61 0.08750000000000002 0.061666
73 0.419375 0.5645835 0.08374999999999999 0.07083299999999992
73 0.5625 0.6266665 0.1200000000000001 0.05666700000000002
73 0.89 0.7825 0.20625000000000004 0.193334
