73 0.27125 0.24125 0.41416600000000003 0.09249999999999997
73 0.275 0.4165625 0.421666 0.09437499999999999
73 0.2758335 0.329375 0.42333299999999996 0.09375
73 0.269167 0.1578125 0.405 0.109375
73 0.2816665 0.588125 0.421667 0.10624999999999996
73 0.28750000000000003 0.501875 0.42333400000000004 0.10125
73 0.2920835 0.755625 0.41916699999999996 0.12624999999999997
73 0.289167 0.671875 0.41000000000000003 0.11624999999999996
73 0.3225 0.8409375 0.458334 0.13687500000000008
73 0.11958350000000001 0.8590625000000001 0.029167000000000012 0.06437499999999996
73 0.746667 0.4565625 0.505 0.5743750000000001
