73 0.0904165 0.5428125 0.180833 0.12812500000000004
73 0.284167 0.139375 0.12 0.06
73 0.5391665 0.0496875 0.366667 0.099375
73 0.662083 0.145625 0.10250000000000004 0.06874999999999999
73 0.8733335 0.0475 0.251667 0.08374999999999999
73 0.8733335 0.3025 0.251667 0.15375000000000003
73 0.9179170000000001 0.635 0.16249999999999998 0.135
73 0.868333 0.5246875 0.05499999999999994 0.05812499999999998
73 0.92 0.16375 0.15833399999999997 0.12125
73 0.92125 0.43 0.15583400000000003 0.09375
73 0.9624999999999999 0.3175 0.036665999999999976 0.1225
