73 0.18375 0.36496700000000004 0.3 0.11803599999999997
73 0.1828125 0.432956 0.295625 0.12558999999999998
73 0.1540625 0.474032 0.19937499999999997 0.077432
73 0.18875 0.239377 0.08625 0.05382400000000001
73 0.38468749999999996 0.4782815 0.12312499999999998 0.08970700000000004
73 0.3465625 0.39093449999999996 0.02937500000000004 0.07554299999999997
73 0.370625 0.5349385 0.06124999999999997 0.044381000000000004
73 0.400625 0.39896149999999997 0.10375000000000001 0.108593
73 0.630625 0.4414545 0.19500000000000006 0.127479
73 0.6434375 0.6232295 0.11562500000000009 0.13975500000000007
73 0.6299999999999999 0.531634 0.057499999999999996 0.07176600000000005
73 0.678125 0.5505195 0.05125000000000002 0.08309700000000009
73 0.830625 0.6019829999999999 0.03125 0.09726200000000007
73 0.964375 0.5226625 0.07000000000000006 0.24079300000000003
