73 0.303125 0.552917 0.31875000000000003 0.3125
73 0.02125 0.5916665 0.0425 0.418333
73 0.49093749999999997 0.587083 0.041874999999999996 0.3025
73 0.618125 0.5191665 0.15875000000000006 0.211667
73 0.6290625 0.6975 0.10812500000000003 0.10000000000000009
73 0.7475 0.662083 0.15125 0.08750000000000002
73 0.8034375 0.51625 0.06437499999999996 0.23083399999999998
73 0.829375 0.6425 0.0675 0.05166599999999999
73 0.8425 0.7541665 0.03374999999999995 0.08333299999999999
73 0.8596874999999999 0.45625 0.048125000000000084 0.04749999999999999
73 0.89 0.6783335 0.04125000000000001 0.06833299999999998
