73 0.1007355 0.60514 0.201471 0.05140199999999995
73 0.102206 0.676402 0.204412 0.04906599999999994
73 0.102941 0.7511685 0.205882 0.05841099999999999
73 0.102941 0.891355 0.205882 0.09112199999999993
73 0.104412 0.310748 0.208824 0.102804
73 0.104412 0.452103 0.208824 0.07243
73 0.104412 0.5245325 0.208824 0.058410999999999935
73 0.105147 0.8200935 0.210294 0.07476700000000003
73 0.1058825 0.38434599999999997 0.208823 0.08177600000000002
73 0.106618 0.23714949999999999 0.210294 0.109813
73 0.107353 0.09696250000000001 0.208824 0.133177
73 0.105147 0.16939300000000002 0.20147 0.114486
73 0.077941 0.0350465 0.135294 0.070093
