73 0.0315625 0.22375 0.063125 0.17916599999999996
73 0.0390625 0.5995835 0.078125 0.07583299999999993
73 0.04125 0.44958349999999997 0.0825 0.16916699999999996
73 0.019375 0.0516665 0.0375 0.103333
73 0.13374999999999998 0.0620835 0.11124999999999999 0.124167
73 0.12625 0.42874999999999996 0.08000000000000002 0.195834
73 0.1075 0.235 0.037500000000000006 0.173334
73 0.13 0.5829165000000001 0.065 0.09083300000000005
73 0.1515625 0.23041650000000002 0.06312500000000001 0.189167
73 0.1946875 0.20124999999999998 0.05687499999999998 0.085834
73 0.22874999999999998 0.0670835 0.07624999999999998 0.134167
73 0.4084375 0.0895835 0.22812499999999997 0.179167
73 0.48968749999999994 0.2683335 0.06562499999999999 0.15833299999999997
73 0.5071875 0.41874999999999996 0.05437500000000006 0.1275
73 0.5696875 0.1420835 0.05812499999999998 0.12583299999999997
73 0.574375 0.2916665 0.0625 0.118333
73 0.6215625 0.1445835 0.05062500000000003 0.13083299999999998
73 0.6675 0.16 0.05125000000000002 0.113334
73 0.7378125 0.1754165 0.125625 0.13083299999999998
73 0.906875 0.594167 0.18500000000000005 0.1200000000000001
73 0.9140625 0.3045835 0.16312499999999996 0.130833
73 0.919375 0.45333350000000006 0.16000000000000003 0.10166700000000001
73 0.8625 0.19874999999999998 0.03874999999999995 0.07416599999999998
73 0.9265625 0.1704165 0.05062500000000003 0.095833
73 0.9593750000000001 0.1616665 0.036250000000000004 0.068333
73 0.983125 0.14625 0.03249999999999997 0.099166
