73 0.16625 0.968135 0.105 0.06185600000000002
73 0.169375 0.862699 0.10875 0.11152800000000007
73 0.178125 0.7277415 0.1075 0.10777899999999996
73 0.184375 0.599344 0.11250000000000002 0.10777799999999993
73 0.19125 0.470947 0.10375000000000001 0.113402
73 0.196875 0.351921 0.10749999999999998 0.105904
73 0.2034375 0.23570750000000001 0.09437499999999999 0.10777899999999999
73 0.2125 0.1340205 0.09749999999999998 0.09559500000000001
73 0.22 0.049672 0.09749999999999998 0.099344
73 0.495 0.9072165 0.5062500000000001 0.16682299999999994
73 0.494375 0.6443300000000001 0.5 0.139644
73 0.496875 0.767104 0.505 0.105904
73 0.49312500000000004 0.5154635000000001 0.47875000000000006 0.16682300000000005
73 0.4925 0.382849 0.475 0.19774999999999998
73 0.49687499999999996 0.2675725 0.45625 0.205249
73 0.49625 0.159325 0.4525 0.24180000000000001
73 0.294375 0.35098450000000003 0.012499999999999956 0.09090899999999996
73 0.5962500000000001 0.9746954999999999 0.30375 0.048735000000000084
73 0.75125 0.229616 0.05249999999999999 0.08247400000000002
73 0.75875 0.3195875 0.04999999999999993 0.05623300000000003
73 0.765 0.391753 0.05125000000000002 0.073102
73 0.7718750000000001 0.4704775 0.057499999999999996 0.076851
73 0.778125 0.5595129999999999 0.04749999999999999 0.07122799999999996
73 0.780625 0.6494845 0.050000000000000044 0.076851
73 0.781875 0.7357075 0.050000000000000044 0.08434900000000001
73 0.78375 0.8303655 0.0412499999999999 0.08622299999999994
73 0.7925 0.937207 0.050000000000000044 0.08809800000000001
73 0.799375 0.9910965 0.0412499999999999 0.015933000000000086
73 0.8118749999999999 0.210872 0.04625000000000001 0.09934399999999999
73 0.8187500000000001 0.2994375 0.04874999999999996 0.06466699999999997
73 0.830625 0.3823805 0.0525000000000001 0.08059899999999998
73 0.835625 0.462043 0.05249999999999999 0.08997199999999994
73 0.8415625 0.547329 0.059374999999999956 0.09934399999999999
73 0.8475 0.6593255 0.05249999999999999 0.109653
73 0.8525 0.7652295 0.05999999999999994 0.10590499999999992
73 0.8640625 0.983599 0.05812499999999998 0.030928000000000067
73 0.863125 0.8861295 0.053749999999999964 0.117151
73 0.9237500000000001 0.1377695 0.15125 0.223055
73 0.930625 0.2703845 0.13750000000000007 0.18837900000000002
73 0.93125 0.38566049999999996 0.13624999999999998 0.173383
73 0.9378124999999999 0.512652 0.12312500000000004 0.12745999999999996
73 0.9415625000000001 0.6471415 0.11562499999999998 0.11527699999999996
73 0.948125 0.7769444999999999 0.10250000000000004 0.09372100000000005
73 0.953125 0.9104965 0.09250000000000003 0.11527699999999996
