73 0.0683335 0.4165625 0.136667 0.09437499999999999
73 0.09125 0.774375 0.1825 0.10250000000000004
73 0.1104165 0.8890625 0.220833 0.109375
73 0.3783335 0.2328125 0.756667 0.09562500000000002
73 0.3908335 0.1115625 0.781667 0.105625
73 0.1475 0.6659375000000001 0.061665999999999985 0.114375
73 0.28125 0.3721875 0.18916599999999997 0.015625
73 0.28375 0.3521875 0.19416599999999998 0.00687500000000002
73 0.280417 0.3634375 0.18250000000000002 0.015625
73 0.35 0.4403125 0.311666 0.10062499999999996
73 0.3579165 0.548125 0.314167 0.12125000000000002
73 0.36625 0.66 0.3075 0.11624999999999996
73 0.31125 0.8728125 0.16583399999999998 0.10062499999999996
73 0.5091665 0.7581249999999999 0.558333 0.1449999999999999
73 0.444583 0.350625 0.12750000000000006 0.04125000000000001
73 0.6470830000000001 0.4275 0.2875 0.09875
73 0.5762499999999999 0.3575 0.12750000000000006 0.03125
73 0.5420834999999999 0.5590625 0.04083300000000001 0.05812499999999998
73 0.65375 0.641875 0.264166 0.07999999999999996
73 0.745 0.555625 0.08166600000000002 0.03375000000000006
