73 0.050977 0.14125 0.101954 0.19625
73 0.062447 0.6403125000000001 0.124894 0.16937499999999994
73 0.0637215 0.43125 0.127443 0.19124999999999998
73 0.47366199999999997 0.1565625 0.68734 0.216875
73 0.406117 0.42562500000000003 0.5250640000000001 0.19124999999999998
73 0.391249 0.639375 0.485132 0.22250000000000003
73 0.424809 0.825625 0.506372 0.18125000000000002
73 0.6915884999999999 0.6190625 0.15802900000000009 0.17062500000000003
73 0.7302465 0.4278125 0.192863 0.198125
73 0.864061 0.7890625 0.27017800000000003 0.16937500000000005
73 0.8908240000000001 0.6156250000000001 0.21665199999999996 0.19125000000000003
73 0.84452 0.4478125 0.08836 0.145625
73 0.9163125 0.42343749999999997 0.16567500000000002 0.18937499999999996
73 0.9231095 0.146875 0.15208100000000002 0.25125000000000003
