73 0.0666665 0.7159375 0.133333 0.566875
73 0.255 0.53625 0.043333999999999984 0.19625000000000004
73 0.385 0.63625 0.175 0.41000000000000003
73 0.6833335 0.844375 0.266667 0.23875000000000002
73 0.72 0.5496875 0.311666 0.169375
73 0.69125 0.6915625 0.250834 0.193125
73 0.8875 0.828125 0.22333400000000003 0.24124999999999996
73 0.8908335000000001 0.9337500000000001 0.21666700000000005 0.13124999999999998
73 0.9033335 0.653125 0.19166700000000003 0.22499999999999998
73 0.9820835 0.6334375000000001 0.03416700000000006 0.156875
