73 0.061875 0.23333349999999997 0.12375 0.118333
73 0.065 0.5283335 0.13 0.15833300000000006
73 0.069375 0.6870835 0.13375 0.13416700000000004
73 0.0246875 0.38125 0.016875 0.09749999999999998
73 0.22125 0.19374999999999998 0.1925 0.090834
73 0.225625 0.295 0.18624999999999997 0.10499999999999998
73 0.2334375 0.5225 0.18562499999999998 0.056665999999999994
73 0.2315625 0.4045835 0.17937499999999998 0.099167
73 0.6856249999999999 0.24625 0.10875000000000001 0.09249999999999997
73 0.6453125 0.330417 0.018125000000000058 0.0625
73 0.668125 0.4133335 0.06374999999999997 0.058333000000000024
73 0.6675 0.51 0.05125000000000002 0.04833399999999993
73 0.7946875 0.3679165 0.09187499999999993 0.08083299999999999
73 0.7984375 0.27125 0.08937499999999998 0.07416600000000004
73 0.8 0.4625 0.08124999999999993 0.09500000000000003
73 0.8909374999999999 0.27125 0.08562499999999995 0.08083400000000002
73 0.8571875 0.4633335 0.013125000000000053 0.05166700000000002
73 0.8934375 0.3695835 0.08562500000000006 0.07083300000000003
