73 0.0146875 0.4854165 0.029375 0.909167
73 0.0153125 0.164583 0.030625 0.2425
73 0.063125 0.493333 0.08249999999999999 0.925
73 0.1 0.495 0.039999999999999994 0.928334
73 0.135 0.4954165 0.036250000000000004 0.904167
73 0.16125 0.5008335 0.03125 0.9233330000000001
73 0.1959375 0.4916665 0.05437499999999998 0.976667
73 0.23875000000000002 0.49874999999999997 0.03125000000000003 0.9625
73 0.2740625 0.4891665 0.081875 0.968333
73 0.3259375 0.5020835 0.060624999999999984 0.959167
73 0.3725 0.4966665 0.04249999999999998 0.941667
73 0.43843750000000004 0.5008335 0.09687499999999999 0.936667
73 0.48531250000000004 0.49874999999999997 0.049375 0.9525
73 0.5265625 0.504583 0.051875000000000004 0.9375
73 0.556875 0.5 0.03750000000000009 0.935
73 0.59125 0.50625 0.03874999999999995 0.940834
73 0.6415625 0.5054165 0.051875000000000004 0.910833
73 0.675 0.5020830000000001 0.04375000000000007 0.9175000000000001
73 0.7093750000000001 0.4995835 0.02749999999999997 0.909167
73 0.73875 0.5070835 0.03875000000000006 0.8941669999999999
73 0.7965625000000001 0.5029165 0.06187500000000001 0.905833
73 0.84375 0.498333 0.05249999999999999 0.915
73 0.889375 0.5029165 0.04125000000000001 0.915833
73 0.9359375 0.50875 0.05437500000000006 0.9075
73 0.965625 0.504583 0.03125 0.8574999999999999
73 0.9859375 0.5070835 0.026874999999999982 0.865833
