73 0.4958335 0.18046849999999998 0.991667 0.104687
73 0.4979165 0.4500005 0.995833 0.08437500000000003
73 0.4989585 0.0375 0.997917 0.075
73 0.4989585 0.1015625 0.997917 0.068749
73 0.4989585 0.2671875 0.997917 0.10937500000000003
73 0.4989585 0.366406 0.997917 0.09531200000000001
73 0.4989585 0.6304685 0.997917 0.08593699999999993
73 0.4989585 0.700781 0.997917 0.07656200000000002
73 0.4989585 0.7578125 0.997917 0.034375000000000044
73 0.5 0.542188 0.9958340000000001 0.10000000000000003
73 0.503125 0.9109375 0.989584 0.15937499999999993
73 0.5010415 0.8664065000000001 0.947917 0.07968699999999995
73 0.503125 0.7984375 0.939584 0.05625100000000005
73 0.446875 0.9257815 0.822916 0.04843699999999995
73 0.514583 0.9859375 0.925 0.02500100000000005
