73 0.130625 0.44500000000000006 0.12 0.15666600000000003
73 0.12625 0.5783335000000001 0.0825 0.10333300000000001
73 0.1428125 0.38749999999999996 0.10062499999999999 0.065
73 0.20625000000000002 0.5908335 0.11125000000000002 0.10666700000000007
73 0.2103125 0.364167 0.08812500000000001 0.09500000000000003
73 0.22843750000000002 0.46833349999999996 0.09062499999999998 0.14166699999999993
73 0.286875 0.3633335 0.12 0.086667
73 0.3153125 0.5925 0.104375 0.10666600000000004
73 0.325625 0.46125000000000005 0.10999999999999999 0.1275
73 0.4109375 0.365 0.135625 0.10333400000000004
73 0.404375 0.6 0.08374999999999999 0.11833399999999994
73 0.4240625 0.45875 0.09437499999999999 0.13916600000000007
