73 0.0228125 0.7170835 0.045625 0.09583300000000006
73 0.04 0.9175 0.08 0.16333399999999998
73 0.0853125 0.76875 0.09062499999999998 0.030833999999999917
73 0.1034375 0.9337500000000001 0.03562499999999999 0.130834
73 0.1275 0.9375 0.011249999999999996 0.11833399999999994
73 0.18625 0.93625 0.10875000000000001 0.125834
73 0.32999999999999996 0.9075 0.14875 0.15333399999999997
73 0.3328125 0.7004165 0.145625 0.12916700000000003
73 0.3359375 0.49624999999999997 0.14687499999999998 0.12416599999999994
73 0.45406250000000004 0.9079165 0.09937500000000005 0.13083299999999998
73 0.46968750000000004 0.710833 0.111875 0.1050000000000001
73 0.48125 0.51625 0.12750000000000006 0.08750000000000008
