73 0.3278915 0.6699999999999999 0.13526099999999996 0.24375000000000002
73 0.424907 0.3625 0.18563399999999997 0.08750000000000002
73 0.416045 0.6759375 0.13805999999999996 0.23562499999999997
73 0.5102610000000001 0.6759375 0.11194000000000004 0.24562499999999998
73 0.5424439999999999 0.34187500000000004 0.05876800000000004 0.12125000000000002
73 0.5918844999999999 0.681875 0.10167899999999996 0.24124999999999996
73 0.630131 0.335 0.10727599999999993 0.125
73 0.6044775 0.69625 0.029851000000000072 0.21875
73 0.6469214999999999 0.7059375 0.03824700000000003 0.193125
73 0.7178175 0.68375 0.13526100000000008 0.25125
73 0.719216 0.29500000000000004 0.091418 0.195
73 0.7523325 0.6953125 0.045709 0.23062500000000008
73 0.8073695000000001 0.28031249999999996 0.11473900000000004 0.20687499999999998
73 0.842817 0.6903125 0.129664 0.244375
73 0.9235074999999999 0.2678125 0.09701499999999996 0.225625
73 0.9216415 0.6753125 0.083955 0.281875
73 0.9650185 0.6940625 0.06809700000000007 0.24062499999999998
73 0.96875 0.28375 0.06063400000000008 0.19999999999999998
