73 0.025625 0.499205 0.05125 0.99841
73 0.063125 0.507154 0.057499999999999996 0.982512
73 0.1403125 0.499205 0.07562500000000001 0.99841
73 0.218125 0.499205 0.09375 0.99841
73 0.30843750000000003 0.499205 0.08937500000000004 0.99841
73 0.39937500000000004 0.499205 0.09249999999999997 0.99841
73 0.49875 0.499205 0.10874999999999996 0.99841
73 0.6165625 0.499205 0.12187499999999996 0.99841
73 0.7353125 0.499205 0.11062499999999997 0.99841
73 0.8578125 0.499205 0.12937500000000002 0.99841
73 0.9590624999999999 0.499205 0.08062500000000006 0.99841
