73 0.0384375 0.55394 0.076875 0.40994400000000003
73 0.143125 0.149156 0.09249999999999999 0.08255199999999999
73 0.13 0.134146 0.06 0.08442799999999999
73 0.1565625 0.2237335 0.104375 0.10600300000000001
73 0.135625 0.227955 0.06125000000000001 0.084428
73 0.15562499999999999 0.045028 0.10124999999999999 0.090056
73 0.18156250000000002 0.216698 0.03562499999999999 0.09568399999999999
73 0.1825 0.1261725 0.037500000000000006 0.06097499999999999
73 0.3803125 0.033302 0.34562499999999996 0.066604
73 0.271875 0.0384615 0.12625000000000003 0.076923
73 0.26625 0.113508 0.11250000000000002 0.08630399999999999
73 0.2746875 0.2148215 0.12437499999999999 0.07692299999999999
73 0.29812500000000003 0.2903375 0.15125000000000002 0.09849900000000003
73 0.3615625 0.29409050000000003 0.27312499999999995 0.11913699999999999
73 0.3034375 0.350375 0.14062500000000003 0.17542199999999997
73 0.29125 0.3982175 0.10124999999999998 0.11538499999999996
73 0.39937500000000004 0.019231 0.13625000000000004 0.038462
73 0.3984375 0.09333949999999999 0.130625 0.096623
73 0.4078125 0.192308 0.12937499999999996 0.08630399999999999
73 0.37875000000000003 0.50985 0.05124999999999996 0.06660399999999994
73 0.3834375 0.584897 0.03937499999999999 0.04784199999999994
73 0.3834375 0.7148215 0.03187499999999999 0.05816099999999991
73 0.38875 0.804878 0.03749999999999998 0.08442799999999995
73 0.4040625 0.3714825 0.021874999999999978 0.05628500000000003
73 0.43656249999999996 0.27720449999999996 0.08687499999999998 0.09474699999999997
73 0.4065625 0.912758 0.024375000000000036 0.08818000000000004
73 0.55 0.17167 0.15249999999999997 0.08255199999999999
73 0.55 0.073171 0.15000000000000002 0.090056
73 0.5431250000000001 0.3395875 0.03874999999999995 0.10318899999999998
73 0.664375 0.3400565 0.05249999999999999 0.03846100000000002
73 0.6765625 0.24437150000000002 0.07437499999999997 0.12476500000000001
73 0.7181249999999999 0.25656650000000003 0.15125 0.11350900000000003
73 0.7128125000000001 0.8358345 0.07062500000000005 0.09568500000000002
73 0.721875 0.9437150000000001 0.08875 0.08442800000000006
73 0.705625 0.7124765 0.04375000000000007 0.11163299999999998
73 0.76875 0.24437150000000002 0.05125000000000002 0.10975700000000002
73 0.775 0.369606 0.03374999999999995 0.09005600000000002
73 0.901875 0.031426 0.19500000000000006 0.062852
73 0.9043749999999999 0.1242965 0.19000000000000006 0.092871
73 0.9078125 0.35975599999999996 0.18312499999999998 0.11725999999999998
73 0.9115625 0.23874299999999998 0.17562500000000003 0.10600399999999999
73 0.9293750000000001 0.489681 0.14 0.10694199999999998
73 0.9299999999999999 0.606004 0.13875000000000004 0.10506599999999999
73 0.9365625 0.8550655 0.125625 0.11538499999999996
73 0.9378124999999999 0.7321765 0.12312500000000004 0.11913700000000005
73 0.9390625 0.95591 0.12062499999999998 0.08630400000000005
