73 0.5559375 0.8670835 0.09937499999999999 0.035833000000000004
73 0.5496875 0.905 0.059374999999999956 0.033333999999999975
73 0.5809375 0.8291665 0.11062499999999997 0.046667000000000014
73 0.6487499999999999 0.76 0.2387499999999999 0.201666
73 0.57125 0.45375 0.07874999999999999 0.019166000000000016
73 0.674375 0.5974999999999999 0.275 0.16166599999999998
73 0.6268750000000001 0.870417 0.08124999999999993 0.03249999999999997
73 0.6403125000000001 0.8979165 0.10562499999999997 0.060832999999999915
73 0.6584375 0.452083 0.12187499999999996 0.02250000000000002
73 0.728125 0.9179165 0.24 0.08583300000000005
73 0.8190625 0.9558335 0.254375 0.08666700000000005
73 0.7365625 0.4183335 0.06312499999999999 0.086667
73 0.80625 0.40375000000000005 0.09125000000000005 0.1225
73 0.9134375 0.6129165 0.171875 0.214167
73 0.94 0.8200000000000001 0.11875000000000002 0.10333399999999993
73 0.9237500000000001 0.40291699999999997 0.06874999999999998 0.1375
73 0.9715625 0.4079165 0.0318750000000001 0.12416699999999997
