73 0.225 0.5382215 0.28750000000000003 0.8205929999999999
73 0.046354 0.556942 0.092708 0.19656799999999996
73 0.0489585 0.070203 0.097917 0.140406
73 0.05 0.32293299999999997 0.1 0.180968
73 0.3 0.070983 0.360416 0.141966
73 0.394792 0.30187200000000003 0.03125 0.148206
73 0.674479 0.31435250000000003 0.35104199999999997 0.210609
73 0.6796875 0.077223 0.35104099999999994 0.154446
73 0.827604 0.5920435 0.030208000000000013 0.17628699999999997
73 0.8354165 0.839314 0.03541700000000003 0.19656800000000008
73 0.9380204999999999 0.5655224999999999 0.12187500000000007 0.226209
73 0.9380204999999999 0.8338535 0.12187500000000007 0.21684899999999996
73 0.9390625 0.078003 0.11979099999999998 0.156006
73 0.9395830000000001 0.3057725 0.11875000000000002 0.218409
