73 0.0153125 0.641651 0.030625 0.7148220000000001
73 0.0709375 0.499531 0.131875 0.999062
73 0.14656249999999998 0.5722325 0.165625 0.834897
73 0.288125 0.5581615 0.11500000000000002 0.7786109999999999
73 0.38625 0.5384614999999999 0.09625 0.7523449999999999
73 0.4765625 0.134615 0.06437500000000002 0.13227
73 0.4859375 0.5351785 0.080625 0.728893
73 0.6384375 0.4005625 0.293125 0.7748590000000001
73 0.5553125000000001 0.508912 0.09312500000000001 0.672608
73 0.6315625 0.9530955 0.22562499999999996 0.09193300000000004
73 0.795625 0.8818010000000001 0.4075 0.234522
73 0.6378125 0.512664 0.06687500000000002 0.650094
73 0.7165625 0.5 0.073125 0.6285179999999999
73 0.8049999999999999 0.4258915 0.03749999999999998 0.684803
73 0.8571875 0.40900549999999997 0.12812500000000004 0.677299
73 0.84875 0.431989 0.040000000000000036 0.6500940000000001
73 0.9081250000000001 0.4390245 0.05874999999999997 0.613509
73 0.9690624999999999 0.400094 0.06062500000000004 0.66698
