73 0.069531 0.15625 0.139062 0.3125
73 0.1390625 0.24375000000000002 0.278125 0.220834
73 0.1484375 0.0864585 0.11562499999999999 0.172917
73 0.2726565 0.1354165 0.16093700000000002 0.270833
73 0.320312 0.1375 0.125 0.275
73 0.403906 0.115625 0.126562 0.23125
73 0.46484349999999997 0.0947915 0.07968700000000001 0.189583
73 0.5250005 0.1083335 0.06562499999999999 0.216667
73 0.614844 0.1083335 0.11093800000000009 0.216667
73 0.678125 0.0645835 0.07187600000000005 0.129167
73 0.724219 0.0739585 0.08906200000000009 0.147917
73 0.7593755 0.08125 0.09062499999999996 0.1625
73 0.841406 0.1083335 0.19531199999999993 0.216667
73 0.917969 0.1166665 0.16093800000000003 0.233333
73 0.9367190000000001 0.176042 0.12343800000000005 0.26875
