73 0.11624999999999999 0.160882 0.1975 0.26172599999999996
73 0.1159375 0.7626645000000001 0.17812499999999998 0.204503
73 0.06593750000000001 0.4394935 0.068125 0.272983
73 0.1259375 0.4685745 0.07312500000000001 0.20731699999999997
73 0.184375 0.446998 0.04124999999999998 0.280488
73 0.2509375 0.1580675 0.071875 0.263603
73 0.26437499999999997 0.4751405 0.09874999999999998 0.21294500000000005
73 0.315 0.7551595 0.18999999999999997 0.22326500000000005
73 0.31937499999999996 0.1529085 0.065 0.24953099999999998
73 0.318125 0.47795499999999996 0.044999999999999984 0.20356399999999997
73 0.37124999999999997 0.4549715 0.058750000000000024 0.24953099999999995
73 0.3775 0.150563 0.04874999999999996 0.263602
73 0.4325 0.1801125 0.050000000000000044 0.208255
73 0.498125 0.7640715 0.17125 0.19043100000000002
73 0.4246875 0.46716650000000004 0.021874999999999978 0.22889300000000007
73 0.4496875 0.46763600000000005 0.033125000000000016 0.256098
73 0.4771875 0.19746750000000002 0.03687499999999999 0.203565
73 0.491875 0.459662 0.05625000000000002 0.24390200000000006
73 0.523125 0.197467 0.052499999999999936 0.169794
73 0.5387500000000001 0.4821765 0.04999999999999993 0.22701700000000002
73 0.5700000000000001 0.1927765 0.05874999999999997 0.18667899999999998
73 0.5815625 0.44606 0.03562500000000002 0.25984999999999997
73 0.6271875 0.4756095 0.03187499999999999 0.232645
73 0.64125 0.175422 0.05249999999999999 0.21388400000000002
73 0.6646875 0.4723265 0.03312500000000007 0.21106899999999995
73 0.69625 0.182927 0.04999999999999993 0.20262599999999997
73 0.7106250000000001 0.47701699999999997 0.053750000000000075 0.21294599999999997
73 0.7365625 0.177298 0.023125000000000062 0.213884
73 0.7653125000000001 0.47420249999999997 0.055624999999999925 0.19981299999999996
73 0.7725 0.19277699999999998 0.03874999999999995 0.19793599999999997
73 0.886875 0.197936 0.15749999999999997 0.15197000000000002
73 0.8778125 0.5483115 0.12937500000000002 0.05909900000000001
73 0.8971875 0.141651 0.14187499999999997 0.02251399999999998
73 0.9025 0.1149155 0.135 0.030957000000000012
73 0.9446875 0.44465299999999996 0.08062499999999995 0.24765399999999999
