73 0.0534375 0.22041650000000002 0.106875 0.189167
73 0.060312500000000005 0.4625 0.110625 0.15666600000000003
73 0.0859375 0.70875 0.13437500000000002 0.19083399999999995
73 0.049375 0.0120835 0.049999999999999996 0.024167
73 0.0875 0.8391665 0.11125 0.05666700000000002
73 0.16875 0.22291700000000003 0.12875 0.17750000000000002
73 0.16875 0.470833 0.10374999999999998 0.16000000000000003
73 0.18312499999999998 0.0154165 0.12875 0.030833
73 0.2134375 0.8341665 0.12312500000000001 0.06666700000000003
73 0.2503125 0.68875 0.09812499999999999 0.15916600000000003
73 0.284375 0.475 0.125 0.16166600000000003
73 0.2940625 0.2275 0.10812500000000003 0.15833400000000003
73 0.3328125 0.0170835 0.13687499999999997 0.034167
73 0.32125 0.828333 0.10375000000000001 0.05499999999999994
73 0.4140625 0.48125 0.10312500000000002 0.16083400000000003
73 0.4375 0.69375 0.12124999999999997 0.18583400000000005
73 0.435 0.2375 0.11375000000000002 0.16833399999999998
73 0.436875 0.8341665 0.09999999999999998 0.05666700000000002
73 0.4975 0.025 0.12 0.05
73 0.5084375 0.4691665 0.085625 0.156667
73 0.5309375 0.8375 0.09937499999999994 0.05333399999999999
73 0.550625 0.2379165 0.10749999999999998 0.17916700000000002
73 0.586875 0.699167 0.10999999999999999 0.17500000000000004
73 0.6003125 0.4766665 0.10062499999999996 0.158333
73 0.61375 0.8275 0.08374999999999999 0.06000000000000005
73 0.6487499999999999 0.03625 0.07625000000000004 0.0725
73 0.6771875 0.2395835 0.12312500000000004 0.17583300000000002
73 0.6971875000000001 0.69125 0.10562499999999997 0.16416600000000003
73 0.6984375 0.8283335000000001 0.09062500000000007 0.05166700000000002
73 0.7134375 0.485 0.0993750000000001 0.15666599999999997
73 0.729375 0.0333335 0.08749999999999991 0.066667
73 0.788125 0.8200000000000001 0.08124999999999993 0.04833399999999999
73 0.8071875 0.7041664999999999 0.09562499999999996 0.15833299999999995
73 0.8075 0.4875 0.0787500000000001 0.16166599999999998
73 0.8346875 0.24875 0.109375 0.16083399999999998
73 0.9 0.04625 0.19874999999999998 0.0925
73 0.925 0.692917 0.14875000000000005 0.1775
73 0.905625 0.47875 0.08374999999999999 0.14083399999999996
73 0.9346875 0.26 0.09562500000000007 0.151666
73 0.974375 0.485417 0.04499999999999993 0.13749999999999996
