73 0.0409375 0.6693245000000001 0.081875 0.032833
73 0.0484375 0.6271105 0.086875 0.07973699999999995
73 0.1259375 0.6224205 0.065625 0.053470999999999935
73 0.2009375 0.6135085 0.079375 0.05253299999999994
73 0.2534375 0.6580675 0.045625 0.025329000000000046
73 0.271875 0.608818 0.044999999999999984 0.050656000000000034
73 0.4496875 0.5403375 0.02562500000000001 0.228893
73 0.4815625 0.540807 0.020625000000000004 0.25984999999999997
73 0.5853125 0.503283 0.12312499999999993 0.04596600000000001
73 0.5859375 0.467636 0.11687500000000006 0.04408999999999996
73 0.5878125000000001 0.542683 0.11562499999999998 0.04408999999999996
73 0.5878125000000001 0.583959 0.11562499999999998 0.04596599999999995
73 0.5890625 0.435741 0.11312500000000003 0.03471000000000002
73 0.590625 0.6636960000000001 0.10499999999999998 0.05159400000000003
73 0.5918749999999999 0.628987 0.10750000000000004 0.04784200000000005
73 0.7034375 0.3986865 0.02562500000000001 0.07504699999999997
73 0.7059375 0.6116325 0.028124999999999956 0.07879900000000006
73 0.7084375 0.4713885 0.03312499999999996 0.070357
73 0.7040625 0.760788 0.01937500000000003 0.061914000000000025
73 0.7078125 0.6857409999999999 0.026874999999999982 0.07317000000000007
73 0.7090624999999999 0.5375235 0.02937500000000004 0.07692299999999996
73 0.9225 0.3630395 0.15375000000000005 0.07317099999999999
73 0.9256249999999999 0.45684800000000003 0.14249999999999996 0.09943799999999997
73 0.926875 0.819418 0.14500000000000002 0.13227
73 0.9275 0.543621 0.14375000000000004 0.11163200000000001
73 0.9281250000000001 0.7340525 0.14 0.10787900000000006
73 0.92875 0.6393055 0.14125 0.11913700000000005
