73 0.1273435 0.321094 0.254687 0.07656200000000002
73 0.13125 0.43828100000000003 0.2625 0.08906200000000003
73 0.13125 0.5382815 0.2625 0.09218699999999996
73 0.134375 0.6484375 0.26875 0.09687500000000004
73 0.067969 0.796875 0.07968800000000001 0.05312600000000001
73 0.1843755 0.7820315 0.109375 0.067187
73 0.871094 0.292969 0.254688 0.139062
73 0.8765625 0.6554685 0.24375100000000005 0.11406300000000003
73 0.878125 0.528906 0.240626 0.10781200000000002
73 0.8789065 0.4156255 0.23906300000000003 0.109375
