73 0.280229 0.375 0.55719 0.6160140000000001
73 0.0727125 0.0555555 0.145425 0.111111
73 0.0743465 0.2140525 0.148693 0.13398700000000002
73 0.0800655 0.45588249999999997 0.160131 0.12745099999999998
73 0.499183 0.744281 0.998366 0.50817
73 0.30800649999999996 0.0588235 0.292483 0.117647
73 0.298203 0.505719 0.26634 0.18463999999999997
73 0.3080065 0.36683 0.282679 0.15849599999999997
73 0.3120915 0.22467349999999997 0.281045 0.15196099999999998
73 0.718954 0.43545750000000005 0.53268 0.22385700000000003
73 0.715686 0.612745 0.5 0.25817
73 0.73366 0.257353 0.529412 0.20424799999999999
73 0.740196 0.0653595 0.51634 0.130719
