73 0.1696875 0.4202625 0.06312500000000001 0.09568500000000002
73 0.2265625 0.479831 0.08437499999999998 0.038461999999999996
73 0.24906250000000002 0.4502815 0.08312500000000003 0.02439100000000005
73 0.284375 0.3991555 0.05625000000000002 0.053471000000000046
73 0.426875 0.587711 0.04749999999999999 0.038461999999999996
73 0.4309375 0.382739 0.044375 0.024390000000000023
73 0.489375 0.387899 0.048750000000000016 0.019699999999999995
73 0.5175 0.5731705 0.09249999999999997 0.05253300000000005
73 0.5378125 0.3836775 0.04062500000000002 0.015008999999999995
73 0.54375 0.44136949999999997 0.04749999999999999 0.034709000000000045
73 0.5840624999999999 0.5483115000000001 0.08187500000000003 0.04784299999999997
73 0.59625 0.382739 0.04500000000000004 0.016885999999999957
73 0.6000000000000001 0.4310505 0.04500000000000004 0.04784299999999997
73 0.6256250000000001 0.5276734999999999 0.08875 0.03470899999999999
73 0.653125 0.379925 0.04625000000000001 0.02626600000000001
73 0.6603125000000001 0.43667900000000004 0.06062500000000004 0.047841999999999996
