73 0.2165625 0.49874999999999997 0.19937499999999997 0.08083399999999996
73 0.2165625 0.3616665 0.18312499999999998 0.06166700000000003
73 0.22 0.4408335 0.19 0.06166700000000003
73 0.184375 0.5375000000000001 0.10624999999999998 0.09666600000000003
73 0.2075 0.614167 0.036250000000000004 0.050000000000000044
73 0.2159375 0.3054165 0.043125 0.029167
73 0.4428125 0.6841665 0.281875 0.15333299999999994
73 0.40249999999999997 0.8316665000000001 0.07500000000000001 0.05166700000000002
73 0.45375 0.53625 0.14625 0.07083400000000006
73 0.4115625 0.8566665 0.05687500000000001 0.06333300000000008
73 0.46968750000000004 0.485417 0.16312500000000002 0.08250000000000002
73 0.46875 0.426667 0.15250000000000002 0.05499999999999999
73 0.416875 0.36583299999999996 0.04125000000000001 0.04999999999999999
73 0.46906250000000005 0.5870835 0.14062500000000006 0.05916699999999997
73 0.501875 0.37583350000000004 0.11374999999999996 0.05333300000000002
73 0.5609375 0.69125 0.055625000000000036 0.039166000000000034
73 0.6937500000000001 0.6445835 0.30874999999999997 0.12583299999999997
73 0.6950000000000001 0.5675 0.30625 0.14666599999999996
73 0.705625 0.48458349999999994 0.3212499999999999 0.13916699999999999
73 0.635 0.37625 0.04875000000000007 0.04250000000000004
73 0.6615625 0.7183335 0.055624999999999925 0.05833300000000008
73 0.7203124999999999 0.374583 0.10562499999999997 0.04249999999999998
73 0.7053125 0.7483335 0.06312499999999999 0.043333000000000066
73 0.8971875 0.380417 0.20437499999999997 0.03749999999999998
73 0.9043749999999999 0.3504165 0.19000000000000006 0.035833000000000004
73 0.9109375 0.4154165 0.176875 0.025832999999999995
73 0.9237500000000001 0.82375 0.15125 0.139166
73 0.925625 0.625 0.14749999999999996 0.1200000000000001
73 0.9284375 0.7195834999999999 0.13937500000000003 0.12416700000000003
73 0.9328125 0.5137499999999999 0.13312500000000005 0.119166
