73 0.6268750000000001 0.2858335 0.07874999999999999 0.08333300000000002
73 0.63125 0.422083 0.08250000000000002 0.1375
73 0.6331249999999999 0.5783335000000001 0.06874999999999998 0.10333300000000001
73 0.6996875 0.7050000000000001 0.17812499999999998 0.066666
73 0.84375 0.0325 0.28 0.065
73 0.8378125000000001 0.1354165 0.260625 0.12583300000000003
73 0.8456250000000001 0.4254165 0.26874999999999993 0.12083300000000002
73 0.8540625 0.2658335 0.280625 0.10833300000000001
73 0.8484375 0.55875 0.25812500000000005 0.11583399999999999
73 0.8346875 0.9095835 0.17937499999999995 0.17916700000000008
73 0.87875 0.96375 0.08125000000000004 0.07083400000000006
