73 0.139375 0.5067115 0.06375000000000001 0.19015700000000002
73 0.019375 0.214765 0.03875 0.12528
73 0.02 0.395973 0.04 0.13422800000000001
73 0.071875 0.525727 0.09375 0.25056
73 0.308125 0.8568235 0.50125 0.281879
73 0.181875 0.2002235 0.23375 0.127517
73 0.17375000000000002 0.3791945 0.215 0.10961900000000002
73 0.19687500000000002 0.48993299999999995 0.01125000000000001 0.196868
73 0.24375000000000002 0.5111855 0.10500000000000001 0.270693
73 0.313125 0.4910515 0.03375 0.208053
73 0.36375 0.4932885 0.10000000000000003 0.257271
73 0.435625 0.196868 0.24375000000000002 0.134228
73 0.375625 0.336689 0.11375000000000002 0.073826
73 0.438125 0.47874700000000003 0.05375000000000002 0.22371400000000002
73 0.6737500000000001 0.2080535 0.19499999999999995 0.11633099999999999
73 0.6656249999999999 0.350112 0.17374999999999996 0.10514600000000002
73 0.79 0.8713645 0.41000000000000003 0.25279699999999994
73 0.67625 0.487696 0.06499999999999995 0.19686800000000004
73 0.7324999999999999 0.51566 0.08500000000000008 0.20805399999999996
73 0.7918750000000001 0.48210300000000006 0.08875 0.20805400000000002
73 0.91125 0.38590599999999997 0.15749999999999997 0.145414
73 0.91625 0.210291 0.16500000000000004 0.13422800000000001
73 0.878125 0.5167785 0.08124999999999993 0.210291
73 0.9525 0.5402685 0.06499999999999995 0.024608999999999992
