73 0.028143 0.1603125 0.043151999999999996 0.03937499999999999
73 0.1228895 0.2165625 0.23264500000000002 0.049375
73 0.120075 0.28 0.202626 0.06
73 0.085835 0.1609375 0.051593999999999994 0.048125
73 0.1369605 0.16625 0.035647 0.04125000000000001
73 0.19465300000000002 0.159375 0.04408999999999999 0.05124999999999999
73 0.24484050000000002 0.148125 0.061913000000000024 0.056249999999999994
73 0.3705445 0.22531250000000003 0.25140700000000005 0.053125000000000006
73 0.37664149999999996 0.289375 0.222327 0.05125000000000002
73 0.31003749999999997 0.1646875 0.03846100000000002 0.044375000000000026
73 0.36913700000000005 0.1584375 0.059099999999999986 0.053125000000000006
73 0.41885550000000005 0.159375 0.04033700000000001 0.04500000000000001
73 0.469981 0.1534375 0.041276000000000035 0.05687500000000001
73 0.545966 0.159375 0.06941800000000009 0.065
73 0.620544 0.2259375 0.21294600000000008 0.040624999999999994
73 0.6444650000000001 0.29 0.25703599999999993 0.04625000000000001
73 0.6036585000000001 0.1534375 0.04596699999999998 0.05687500000000001
