73 0.5784374999999999 0.11066 0.06562499999999993 0.127918
73 0.0521875 0.481726 0.08687500000000001 0.19796999999999998
73 0.055 0.6832485 0.09000000000000001 0.18883300000000003
73 0.07718749999999999 0.27005049999999997 0.090625 0.19086299999999998
73 0.1553125 0.7030455 0.06812499999999999 0.14111699999999994
73 0.17281249999999998 0.8842639999999999 0.09437500000000001 0.19898399999999994
73 0.15999999999999998 0.501015 0.056249999999999994 0.137056
73 0.18562499999999998 0.302538 0.06625 0.13604
73 0.21437499999999998 0.0903555 0.07249999999999998 0.156345
73 0.22531250000000003 0.729442 0.048125 0.11065999999999998
73 0.2621875 0.8944165 0.074375 0.17461899999999997
73 0.311875 0.1005075 0.05499999999999999 0.14416299999999999
73 0.348125 0.9101524999999999 0.06124999999999997 0.14314700000000002
73 0.385 0.106091 0.04749999999999999 0.120812
73 0.4921875 0.8903555 0.08062499999999995 0.18274100000000004
73 0.51375 0.0964465 0.06125000000000003 0.140101
73 0.571875 0.9101520000000001 0.05499999999999994 0.13908599999999993
73 0.6840625 0.9111675 0.059374999999999956 0.14111699999999994
73 0.7128125000000001 0.0903555 0.073125 0.172589
73 0.759375 0.26802 0.09499999999999997 0.194924
73 0.7418750000000001 0.9060915 0.053750000000000075 0.13502500000000006
73 0.799375 0.105076 0.061249999999999916 0.13502599999999998
73 0.8390625 0.3005075 0.05937500000000007 0.148223
73 0.8684375 0.901015 0.06687500000000002 0.13705600000000007
73 0.8981250000000001 0.2969545 0.05874999999999997 0.12487300000000001
