73 0.04625 0.5387500000000001 0.03375 0.030833999999999917
73 0.046875 0.49875 0.0325 0.029166000000000025
73 0.0428125 0.454583 0.021875 0.03749999999999998
73 0.0415625 0.57875 0.014374999999999999 0.03416599999999992
73 0.2384375 0.7 0.05937500000000001 0.043333999999999984
73 0.3375 0.3829165 0.07124999999999998 0.03916700000000001
73 0.338125 0.4329165 0.07 0.035833000000000004
73 0.3425 0.47958350000000005 0.07875000000000004 0.03916700000000001
73 0.341875 0.525833 0.07250000000000001 0.050000000000000044
73 0.345 0.5683335 0.06875000000000003 0.05166700000000002
73 0.4078125 0.8041665 0.10312499999999997 0.10333300000000001
73 0.380625 0.65375 0.015000000000000013 0.022500000000000075
73 0.4234375 0.3725 0.049375 0.046665999999999985
73 0.4265625 0.42083349999999997 0.04812499999999997 0.04666699999999996
73 0.4296875 0.468333 0.046875 0.03500000000000003
73 0.4309375 0.5191665 0.046875 0.04333300000000001
73 0.4190625 0.5629165 0.01937500000000003 0.02083299999999999
73 0.48812500000000003 0.3625 0.07500000000000001 0.043333999999999984
73 0.48875 0.4175 0.07374999999999998 0.043333999999999984
73 0.49624999999999997 0.521667 0.07875000000000004 0.03499999999999992
73 0.49875 0.466667 0.08125000000000004 0.04500000000000004
73 0.49750000000000005 0.5700000000000001 0.07375000000000004 0.03833399999999998
73 0.5765625 0.3520835 0.09687500000000004 0.054166999999999965
73 0.5796875 0.521667 0.08812500000000001 0.04499999999999993
73 0.5815625 0.405417 0.08937499999999998 0.05750000000000005
73 0.5846875 0.5816665000000001 0.09562499999999996 0.05166700000000002
73 0.5815625 0.4608335 0.08687500000000004 0.053332999999999964
73 0.575 0.68875 0.039999999999999925 0.07250000000000001
73 0.6159375 0.742083 0.06187500000000001 0.0824999999999999
73 0.65625 0.712083 0.07125000000000004 0.057499999999999996
73 0.6784375 0.32958350000000003 0.109375 0.07083299999999998
73 0.6796875 0.39833300000000005 0.10687500000000005 0.06
73 0.6803125 0.4625 0.10062499999999996 0.056665999999999994
73 0.6821875 0.5233335 0.104375 0.04833299999999996
73 0.6859375 0.5862499999999999 0.09937499999999999 0.06416600000000006
73 0.8003125 0.3141665 0.12937500000000002 0.07333299999999998
73 0.80375 0.3833335 0.13 0.053332999999999964
73 0.8043750000000001 0.45375 0.12875000000000003 0.045833999999999986
73 0.8109375000000001 0.5225 0.13437500000000002 0.056665999999999994
73 0.7934375 0.5958330000000001 0.09687500000000004 0.05500000000000005
73 0.7721875 0.6654165000000001 0.051875000000000004 0.029167000000000054
73 0.8031250000000001 0.64125 0.11124999999999996 0.03583399999999992
73 0.7790625 0.3225 0.008124999999999938 0.06
73 0.8300000000000001 0.6637500000000001 0.04375000000000007 0.029165999999999914
73 0.936875 0.284167 0.125 0.09
73 0.936875 0.4416665 0.12250000000000005 0.07333299999999998
73 0.9375 0.370417 0.12375000000000003 0.07250000000000001
73 0.9393750000000001 0.5258335000000001 0.12 0.06333299999999997
73 0.94 0.6008335 0.11875000000000002 0.05833299999999997
73 0.9646874999999999 0.6783330000000001 0.05437499999999995 0.06500000000000006
