73 0.043125 0.37541650000000004 0.08625 0.07583299999999998
73 0.1140625 0.15000000000000002 0.228125 0.1
73 0.138125 0.0308335 0.27625 0.061667
73 0.123125 0.3829165 0.19999999999999998 0.090833
73 0.109375 0.26416700000000004 0.16499999999999998 0.09500000000000003
73 0.18624999999999997 0.314167 0.12999999999999998 0.08500000000000002
73 0.2709375 0.38833300000000004 0.188125 0.06
73 0.24062499999999998 0.135 0.035 0.09833399999999999
73 0.2521875 0.302083 0.03437499999999999 0.057499999999999996
73 0.346875 0.32375 0.11875000000000002 0.08916600000000002
73 0.471875 0.3020835 0.16374999999999995 0.21583299999999997
73 0.4425 0.120417 0.07 0.09250000000000001
73 0.511875 0.1091665 0.03999999999999998 0.088333
73 0.5706249999999999 0.1129165 0.04375000000000007 0.080833
73 0.5774999999999999 0.23291650000000003 0.04749999999999999 0.07416700000000001
73 0.62 0.099583 0.040000000000000036 0.08250000000000002
73 0.6637500000000001 0.23041699999999998 0.04375000000000007 0.07249999999999998
73 0.6825 0.094583 0.040000000000000036 0.08250000000000002
73 0.8165625 0.318333 0.203125 0.165
