73 0.2384375 0.138577 0.033125000000000016 0.06179799999999999
73 0.361875 0.558989 0.05125000000000002 0.08052399999999993
73 0.3625 0.6629214999999999 0.05249999999999999 0.08052500000000007
73 0.365625 0.3052435 0.04624999999999996 0.06928900000000004
73 0.36875 0.4700375 0.05249999999999999 0.07116100000000003
73 0.3628125 0.38717250000000003 0.03812500000000002 0.07022500000000004
73 0.364375 0.21722850000000002 0.04125000000000001 0.08052500000000001
73 0.3734375 0.139513 0.02812500000000001 0.06741600000000002
73 0.423125 0.386236 0.06624999999999998 0.072098
73 0.41031249999999997 0.645131 0.030624999999999958 0.06179800000000002
73 0.416875 0.2191015 0.043749999999999956 0.07677900000000001
73 0.44375 0.30383899999999997 0.09749999999999998 0.06086200000000003
73 0.4153125 0.474719 0.03812500000000002 0.08052400000000004
73 0.416875 0.1357675 0.04125000000000001 0.08239700000000001
73 0.48 0.2172285 0.0625 0.07677900000000001
73 0.48875 0.38576750000000004 0.05375000000000002 0.07677899999999999
73 0.5071875 0.30056150000000004 0.019374999999999976 0.07116099999999997
73 0.5296875 0.3014985 0.028124999999999956 0.07677900000000004
73 0.5775 0.434457 0.12125000000000008 0.014981999999999995
73 0.5371875 0.38295900000000005 0.03562500000000002 0.078652
73 0.5543750000000001 0.21629199999999998 0.04250000000000009 0.06366999999999998
73 0.5615625 0.2977525 0.03562500000000002 0.07677899999999999
73 0.573125 0.1484085 0.043749999999999956 0.049625000000000016
73 0.57875 0.3838955 0.04499999999999993 0.07677900000000004
73 0.5928125 0.29588000000000003 0.03687499999999999 0.07303399999999999
73 0.62125 0.386236 0.040000000000000036 0.072098
73 0.6196875 0.1329585 0.03437499999999993 0.076779
73 0.6246875000000001 0.218165 0.021874999999999978 0.067416
73 0.625625 0.2949435 0.020000000000000018 0.082397
73 0.6756249999999999 0.46161050000000003 0.06625000000000003 0.07865100000000003
73 0.6756249999999999 0.5580525000000001 0.06625000000000003 0.08614299999999997
73 0.6634375 0.2191015 0.03687499999999999 0.07677900000000001
73 0.6793750000000001 0.294944 0.06874999999999998 0.078652
73 0.678125 0.3810865 0.06125000000000003 0.082397
73 0.6959375 0.6512169999999999 0.028124999999999956 0.04588000000000003
73 0.699375 0.2172285 0.011249999999999982 0.07303299999999999
73 0.7275 0.16338950000000002 0.0675 0.019663000000000014
73 0.78125 0.12921349999999998 0.040000000000000036 0.08052499999999999
73 0.8453125 0.1484085 0.06562500000000004 0.049625000000000016
73 0.9259375000000001 0.469569 0.08562499999999995 0.06273400000000007
73 0.940625 0.2261235 0.11249999999999993 0.04775299999999999
73 0.940625 0.309457 0.10999999999999999 0.057116
73 0.8965625 0.6474715 0.016874999999999973 0.019662999999999986
73 0.8965625 0.39185400000000004 0.014375000000000027 0.064606
73 0.91 0.558989 0.04125000000000001 0.08426999999999996
73 0.9103125 0.1549625 0.02562500000000001 0.058989000000000014
73 0.935 0.655899 0.0525000000000001 0.04026200000000002
73 0.9459375 0.1521535 0.038124999999999964 0.049625
73 0.9446875 0.5580525000000001 0.028124999999999956 0.07116099999999992
73 0.9771875 0.384363 0.04437500000000005 0.06835199999999997
73 0.9665625 0.6577715 0.018124999999999947 0.047753000000000045
73 0.9790625 0.5580525000000001 0.04062500000000002 0.07116099999999992
73 0.9771875000000001 0.1432585 0.03187499999999999 0.05243499999999998
73 0.9875 0.471442 0.02375000000000005 0.05898800000000004
73 0.9881249999999999 0.6549625 0.01749999999999996 0.042135000000000034
