73 0.4 0.530019 0.05499999999999999 0.061914000000000025
73 0.398125 0.605066 0.04625000000000001 0.065666
73 0.40249999999999997 0.683865 0.04750000000000004 0.061913999999999914
73 0.455625 0.681051 0.05125000000000002 0.06379000000000001
73 0.45718749999999997 0.5347095 0.05437500000000001 0.05628500000000003
73 0.45406250000000004 0.610694 0.044375 0.065666
73 0.48687499999999995 0.7368669999999999 0.05124999999999996 0.040338000000000096
73 0.505625 0.6866795 0.053749999999999964 0.05628499999999992
73 0.5037499999999999 0.609756 0.04749999999999999 0.06754199999999999
73 0.5084375 0.5370545 0.04812499999999997 0.04784300000000008
73 0.7209375 0.944184 0.130625 0.10975599999999996
