73 0.0784315 0.1666665 0.156863 0.068627
73 0.0841505 0.30392149999999996 0.168301 0.08169900000000002
73 0.0857845 0.235294 0.171569 0.05882399999999999
73 0.0874185 0.37990199999999996 0.174837 0.08006600000000003
73 0.2140525 0.1633985 0.06209100000000001 0.065359
73 0.2197715 0.3047385 0.07026100000000002 0.06045700000000004
73 0.2156865 0.232026 0.05555500000000002 0.058824000000000015
73 0.2246735 0.36928099999999997 0.07352900000000001 0.07516399999999995
73 0.381536 0.2957515 0.148692 0.08169899999999997
73 0.43300649999999996 0.372549 0.058823000000000014 0.04248400000000002
73 0.722222 0.25081699999999996 0.300654 0.07026199999999999
73 0.720588 0.3431375 0.287582 0.07516299999999998
73 0.723039 0.395425 0.2892159999999999 0.022875999999999952
73 0.7410129999999999 0.1593135 0.285948 0.08660099999999998
73 0.9624185000000001 0.348039 0.07189499999999993 0.06535999999999997
73 0.9624185000000001 0.41339899999999996 0.07189499999999993 0.019608000000000014
73 0.9673205 0.263889 0.06209100000000001 0.08333399999999999
73 0.9697709999999999 0.1707515 0.05718999999999996 0.08660099999999998
