73 0.1521875 0.4358335 0.02812500000000001 0.058333000000000024
73 0.1559375 0.32875 0.03312499999999999 0.08916600000000002
73 0.15875 0.5329165 0.036250000000000004 0.07416699999999993
73 0.1590625 0.2416665 0.026874999999999982 0.05666700000000002
73 0.24031249999999998 0.3141665 0.135625 0.07333299999999998
73 0.2396875 0.2270835 0.131875 0.089167
73 0.2484375 0.4375 0.143125 0.061666
73 0.2315625 0.6233335 0.09437499999999999 0.08333299999999999
73 0.23593750000000002 0.5304165 0.10062499999999999 0.08583299999999999
73 0.4840625 0.7033335000000001 0.14437500000000003 0.156667
73 0.6640625 0.725 0.21062500000000006 0.15833399999999997
73 0.881875 0.745417 0.235 0.1725000000000001
