73 0.18347349999999998 0.1275 0.365079 0.1025
73 0.10177399999999999 0.6440625 0.154996 0.13812500000000005
73 0.1951445 0.41625 0.34173699999999996 0.11624999999999996
73 0.1041085 0.528125 0.155929 0.08750000000000002
73 0.1923435 0.2521875 0.332399 0.109375
73 0.12838449999999998 0.775 0.163399 0.14375000000000004
73 0.5088699999999999 0.1703125 0.20354799999999995 0.14687499999999998
73 0.80859 0.12 0.38095199999999996 0.09750000000000002
73 0.815126 0.39656250000000004 0.34173600000000004 0.14187500000000003
73 0.8319325 0.2590625 0.334267 0.10937499999999997
73 0.8622785 0.40531249999999996 0.1316529999999999 0.116875
73 0.888889 0.65125 0.15872999999999993 0.14500000000000002
73 0.8902895 0.523125 0.16153099999999998 0.09374999999999994
