73 0.3571875 0.6280490000000001 0.296875 0.263602
73 0.30437499999999995 0.15572249999999999 0.05499999999999999 0.069419
73 0.3225 0.24108800000000002 0.057499999999999996 0.071294
73 0.316875 0.075985 0.03375 0.06379000000000001
73 0.3640625 0.16228900000000002 0.06687500000000002 0.07880000000000001
73 0.3609375 0.07879900000000001 0.03687499999999999 0.061914000000000004
73 0.37375 0.2551595 0.04750000000000004 0.07504700000000003
73 0.39437500000000003 0.0816135 0.03250000000000003 0.05628500000000001
73 0.43156249999999996 0.246248 0.060624999999999984 0.08911799999999998
73 0.4265625 0.0830205 0.03187499999999999 0.049719000000000006
73 0.43781250000000005 0.163227 0.044375 0.08442800000000002
73 0.4640625 0.075985 0.030625000000000013 0.056285999999999996
73 0.48875 0.27720449999999996 0.04875000000000007 0.045967000000000036
73 0.5034375 0.065197 0.026874999999999982 0.023452000000000008
73 0.5328125 0.052064 0.034375000000000044 0.027204
73 0.5703125 0.0511255 0.03562500000000002 0.05534699999999999
73 0.6115625 0.0769235 0.028124999999999956 0.054409
73 0.6403125000000001 0.1674485 0.041874999999999996 0.04971900000000001
73 0.6471875 0.0806755 0.03562500000000002 0.07317100000000001
73 0.67875 0.075047 0.04249999999999998 0.061914000000000004
73 0.7009375 0.173077 0.07937499999999997 0.057224
73 0.7150000000000001 0.07410900000000001 0.04874999999999996 0.082552
73 0.7690625 0.073171 0.04562500000000003 0.09193200000000001
73 0.784375 0.164634 0.05874999999999997 0.040337999999999985
73 0.80625 0.0806755 0.03374999999999995 0.080675
73 0.855 0.174484 0.06874999999999998 0.07879999999999998
73 0.8459375 0.0769235 0.030625000000000013 0.07692299999999999
73 0.888125 0.07410900000000001 0.04874999999999996 0.086304
73 0.9137500000000001 0.1988745 0.03874999999999995 0.06003700000000001
73 0.9293750000000001 0.084428 0.04874999999999996 0.06941800000000001
