73 0.05125 0.3517825 0.1025 0.08255100000000004
73 0.053125 0.6674485 0.10625 0.10225100000000009
73 0.054375 0.457786 0.10875 0.10131399999999996
73 0.0840625 0.3545965 0.02562500000000001 0.07692300000000002
73 0.1684375 0.5666040000000001 0.121875 0.10319
73 0.21437499999999998 0.3517825 0.20875 0.07879899999999995
73 0.1521875 0.6604125000000001 0.07437499999999998 0.07692299999999996
73 0.1484375 0.4596625 0.043125000000000024 0.07879900000000001
73 0.16875 0.674484 0.04124999999999998 0.08067599999999997
73 0.3590625 0.667448 0.33187500000000003 0.08724199999999993
73 0.25093750000000004 0.4540335 0.09687499999999999 0.09380899999999998
73 0.27249999999999996 0.356942 0.04375000000000001 0.08911799999999998
73 0.2784375 0.5590995 0.044375 0.08442700000000003
73 0.3784375 0.3452155 0.111875 0.07692299999999996
73 0.44 0.7274855 0.10124999999999995 0.032833
73 0.4146875 0.5684804999999999 0.023125000000000007 0.07692299999999996
73 0.4778125 0.4493435 0.07937499999999997 0.09193299999999999
73 0.46375 0.3508445 0.03875000000000001 0.080675
73 0.4828125 0.5590995 0.033125000000000016 0.08442700000000003
73 0.5725 0.641651 0.11749999999999994 0.08442799999999995
73 0.545625 0.45591000000000004 0.03874999999999995 0.08255200000000001
73 0.55 0.6604125000000001 0.04749999999999999 0.07692299999999996
73 0.57125 0.5511254999999999 0.08750000000000002 0.10412699999999997
73 0.580625 0.35084400000000004 0.1037499999999999 0.08817999999999998
73 0.5818749999999999 0.45028100000000004 0.04749999999999999 0.08630399999999999
73 0.671875 0.4484055 0.12125000000000008 0.07879900000000001
73 0.638125 0.533771 0.04874999999999996 0.065666
73 0.649375 0.3536585 0.03874999999999995 0.07879900000000001
73 0.680625 0.654315 0.10124999999999995 0.10600399999999999
73 0.6896875 0.5525325000000001 0.04437500000000005 0.07504699999999997
73 0.7934375 0.34709199999999996 0.14187499999999997 0.08817999999999998
73 0.8165625 0.543621 0.18062500000000004 0.09287000000000001
73 0.825625 0.6425890000000001 0.19374999999999998 0.10131400000000002
73 0.7640625 0.45684800000000003 0.04437500000000005 0.06941800000000004
73 0.77625 0.6472795 0.0462499999999999 0.08442700000000003
73 0.8628125 0.446529 0.11687500000000006 0.093808
73 0.8374999999999999 0.555347 0.04625000000000001 0.06941799999999998
73 0.880625 0.350844 0.040000000000000036 0.06941799999999998
73 0.9434374999999999 0.516417 0.03187499999999999 0.06472799999999995
73 0.9465625 0.380863 0.03312499999999996 0.05253200000000002
73 0.95875 0.447467 0.057499999999999996 0.065666
73 0.9915625 0.3836775 0.015625 0.05440900000000004
