73 0.075625 0.70591 0.15125 0.13602199999999998
73 0.076875 0.316604 0.15375 0.12664200000000003
73 0.081875 0.8517825 0.16375 0.07504700000000009
73 0.130625 0.49530949999999996 0.26125 0.16135099999999997
73 0.258125 0.305816 0.21125000000000002 0.15197
73 0.216875 0.6932455 0.11625000000000002 0.16135100000000002
73 0.3778125 0.487336 0.218125 0.19230799999999998
73 0.39937500000000004 0.1482175 0.10249999999999998 0.052532999999999996
73 0.47125 0.2992495 0.21499999999999997 0.180113
73 0.518125 0.1491555 0.12124999999999997 0.054408999999999985
73 0.70375 0.8644465 0.41375 0.269231
