73 0.018022 0.583125 0.036044 0.06499999999999995
73 0.055742 0.650625 0.111484 0.06624999999999992
73 0.07544 0.2971875 0.15088 0.02562500000000001
73 0.0913665 0.395 0.182733 0.03750000000000003
73 0.0926235 0.359375 0.185247 0.06125000000000003
73 0.10855 0.4190625 0.203688 0.044375
73 0.0993295 0.321875 0.171835 0.03750000000000003
73 0.1072925 0.4871875 0.182733 0.07187499999999997
73 0.0645435 0.6890624999999999 0.09388099999999999 0.07187500000000002
73 0.121123 0.4465625 0.151718 0.044375
73 0.128248 0.5571875 0.15591 0.08187500000000003
73 0.132439 0.4653125 0.15591 0.044375
73 0.13830699999999999 0.558125 0.149204 0.08374999999999999
73 0.142917 0.569375 0.13495400000000002 0.07125000000000004
73 0.15213749999999998 0.6028125 0.139983 0.08062499999999995
73 0.23889349999999998 0.26875 0.254819 0.10250000000000001
73 0.255239 0.1028125 0.20368799999999998 0.08187499999999999
73 0.2678125 0.340625 0.21542300000000003 0.09250000000000003
73 0.3063705 0.916875 0.265717 0.16500000000000004
73 0.3595975 0.7440625000000001 0.21626099999999998 0.10562499999999997
73 0.4715005 0.4465625 0.302599 0.608125
73 0.815591 0.65875 0.36714199999999997 0.68125
