73 0.28218750000000004 0.9364295 0.02437499999999998 0.045987
73 0.3059375 0.9355275000000001 0.018125000000000002 0.04779100000000003
73 0.31875 0.8958524999999999 0.017500000000000016 0.05320099999999994
73 0.338125 0.9490529999999999 0.04125000000000001 0.04598800000000003
73 0.33218749999999997 0.8588815000000001 0.01687500000000003 0.05320099999999994
73 0.340625 0.8985575 0.020000000000000018 0.04779099999999992
73 0.3484375 0.8183045 0.02562500000000001 0.042381
73 0.3565625 0.8570785 0.026874999999999982 0.045987
73 0.3590625 0.902164 0.021874999999999978 0.044184
73 0.36031250000000004 0.7777275 0.02437499999999998 0.045987
73 0.36031250000000004 0.9319205 0.019374999999999976 0.02254299999999998
73 0.3675 0.8165015 0.020000000000000018 0.042381
73 0.37531250000000005 0.8597835 0.02812500000000001 0.036970999999999976
73 0.37968749999999996 0.9039675 0.02437499999999998 0.036970999999999976
73 0.391875 0.939134 0.028749999999999998 0.03696999999999995
73 0.5571875 0.877367 0.02312499999999995 0.050495999999999985
73 0.5665625000000001 0.823715 0.021874999999999978 0.05680799999999997
73 0.574375 0.902164 0.03249999999999997 0.05500399999999994
73 0.5759375 0.867899 0.024375000000000036 0.04598800000000003
73 0.5871875 0.9147885 0.03937500000000005 0.040577000000000085
73 0.5834375 0.786745 0.01937500000000003 0.03156000000000003
73 0.5896874999999999 0.823715 0.021874999999999978 0.04237999999999997
73 0.5928125 0.745266 0.018125000000000058 0.051398000000000055
73 0.5996874999999999 0.8642925 0.02312499999999995 0.03516699999999995
73 0.6025 0.780433 0.01375000000000004 0.044184
73 0.6065625 0.9084765 0.01937499999999992 0.053201000000000054
73 0.6146875 0.8155995 0.020625000000000004 0.040576999999999974
73 0.6259375 0.9066725 0.02937500000000004 0.053201000000000054
73 0.6225 0.865194 0.01749999999999996 0.03696999999999995
