73 0.041875 0.6729164999999999 0.08375 0.17916699999999997
73 0.108125 0.454583 0.16499999999999998 0.1725
73 0.223125 0.7008335 0.2375 0.24166700000000008
73 0.19874999999999998 0.6879165 0.15 0.20083299999999993
73 0.339375 0.4125 0.12374999999999997 0.15999999999999998
73 0.356875 0.4483335 0.11499999999999999 0.14333300000000004
73 0.5178125 0.7095834999999999 0.24812499999999998 0.27916700000000005
73 0.62375 0.4475 0.19374999999999998 0.21333399999999997
73 0.8584375 0.740417 0.260625 0.3025
73 0.849375 0.7654164999999999 0.15250000000000008 0.24583300000000008
73 0.8734375 0.7620830000000001 0.17437499999999995 0.2875
73 0.9315625000000001 0.4133335 0.135625 0.19666699999999998
