73 0.0365625 0.118036 0.073125 0.077432
73 0.0371875 0.2162415 0.074375 0.08120900000000003
73 0.0415625 0.3045325 0.083125 0.06326700000000002
73 0.0421875 0.4032105 0.084375 0.06043499999999996
73 0.0421875 0.49150150000000004 0.084375 0.05760100000000007
73 0.0453125 0.5807365 0.090625 0.08498500000000009
73 0.543125 0.1728045 0.09000000000000002 0.06421100000000002
73 0.54625 0.3829085 0.09375 0.05382500000000001
73 0.55 0.31255900000000003 0.09625000000000006 0.05665800000000004
73 0.55125 0.516525 0.09624999999999995 0.05854599999999999
73 0.551875 0.4480645 0.09749999999999992 0.04815900000000001
73 0.5506249999999999 0.2417375 0.08750000000000002 0.04343700000000003
73 0.6309374999999999 0.18932949999999998 0.08062500000000006 0.06137899999999999
73 0.6334375 0.3144475 0.08062499999999995 0.060435000000000016
73 0.6346875000000001 0.2483475 0.083125 0.060435000000000016
73 0.6371875 0.377243 0.078125 0.05382399999999998
73 0.6371875 0.5009445 0.078125 0.05004700000000001
73 0.6371875 0.4353165 0.073125 0.06232300000000002
