73 0.7021485000000001 0.3595585 0.11523500000000009 0.24264699999999997
73 0.1015625 0.3963235 0.11523499999999999 0.10735300000000003
73 0.11816399999999999 0.4308825 0.07421799999999999 0.06764700000000001
73 0.148926 0.47573550000000003 0.11425799999999998 0.06323500000000004
73 0.1655275 0.423529 0.11230499999999999 0.09999999999999998
73 0.1845705 0.28088250000000003 0.11523499999999998 0.20882300000000004
73 0.2260745 0.4860295 0.15136700000000003 0.14264699999999997
73 0.362305 0.5742645 0.16992200000000002 0.16617699999999996
73 0.35253900000000005 0.5536765 0.13281199999999999 0.13676500000000003
73 0.38720699999999997 0.368382 0.06152399999999997 0.054412000000000016
73 0.42626949999999997 0.43088250000000006 0.07714899999999997 0.15294100000000005
73 0.442383 0.5764705 0.09375 0.10294099999999995
73 0.49560550000000003 0.6507350000000001 0.19433499999999998 0.22499999999999998
73 0.48779249999999996 0.447059 0.08496100000000001 0.20882400000000007
73 0.5039065 0.274265 0.09960899999999995 0.17500000000000002
73 0.611328 0.313971 0.10351599999999994 0.22499999999999998
73 0.8603514999999999 0.34411749999999997 0.22656299999999996 0.23235299999999998
