73 0.195 0.1746705 0.04250000000000001 0.108287
73 0.196875 0.0353105 0.04625000000000001 0.070621
73 0.201875 0.34604500000000005 0.05249999999999999 0.102636
73 0.2003125 0.5287195 0.046875 0.10451900000000003
73 0.2478125 0.051318499999999996 0.041874999999999996 0.100753
73 0.2496875 0.20197750000000003 0.043125 0.10075300000000001
73 0.2515625 0.5254235 0.04687500000000003 0.09039500000000006
73 0.2515625 0.36158199999999996 0.044375 0.09039599999999998
73 0.25875 0.685028 0.05124999999999999 0.108286
73 0.25625 0.838512 0.04375000000000001 0.11770199999999997
73 0.263125 0.964689 0.04500000000000001 0.06873799999999997
73 0.2925 0.525424 0.03750000000000003 0.07909600000000006
73 0.294375 0.094633 0.036250000000000004 0.09887
73 0.29593749999999996 0.3771185 0.03562499999999996 0.091337
73 0.4465625 0.6191145 0.336875 0.18549900000000008
73 0.2984375 0.2330505 0.03812500000000002 0.115819
73 0.45156250000000003 0.7128064999999999 0.34187500000000004 0.299435
73 0.31062500000000004 0.9463275 0.04999999999999999 0.10546100000000003
73 0.32906250000000004 0.3870055 0.03562499999999996 0.08286300000000002
73 0.3278125 0.120998 0.030625000000000013 0.10452
73 0.3315625 0.520716 0.03812500000000002 0.08474599999999993
73 0.3315625 0.25235399999999997 0.02562500000000001 0.08098
73 0.3609375 0.515066 0.033125000000000016 0.07344599999999996
73 0.3615625 0.3954805 0.029374999999999984 0.08097900000000002
73 0.4828125 0.818738 0.27187500000000003 0.36063999999999996
73 0.36343749999999997 0.274953 0.030624999999999958 0.08097999999999997
73 0.37593750000000004 0.1779665 0.03437499999999999 0.07156299999999999
73 0.38656250000000003 0.2909605 0.030624999999999958 0.07721299999999998
73 0.3871875 0.40301299999999995 0.026874999999999982 0.06968000000000002
73 0.39125 0.515066 0.030000000000000027 0.06591400000000003
73 0.5015625 0.7387005 0.234375 0.274011
73 0.40531249999999996 0.19774049999999999 0.026875000000000038 0.077213
73 0.4109375 0.30226 0.02562500000000001 0.06591399999999997
73 0.4128125 0.40960450000000004 0.029374999999999984 0.06026300000000001
73 0.5115624999999999 0.5136535 0.219375 0.059323000000000015
73 0.423125 0.219397 0.013749999999999984 0.054613999999999996
73 0.4290625 0.3149715 0.023125000000000007 0.066855
73 0.43281250000000004 0.417608 0.023125000000000007 0.05932200000000004
73 0.441875 0.233522 0.020000000000000018 0.06403000000000003
73 0.446875 0.3276835 0.017500000000000016 0.065913
73 0.4496875 0.4194915 0.020625000000000004 0.05178900000000003
73 0.45906250000000004 0.24905850000000002 0.014374999999999971 0.05555500000000002
73 0.4609375 0.42608250000000003 0.018124999999999947 0.04237300000000005
73 0.4621875 0.3380415 0.015625 0.05273099999999997
73 0.541875 0.445386 0.15125000000000005 0.06967999999999996
73 0.474375 0.2660075 0.013749999999999984 0.042372999999999994
73 0.4778125 0.3380415 0.018125000000000002 0.064031
73 0.4853125 0.27636550000000004 0.010624999999999996 0.04802299999999998
73 0.4878125 0.3526365 0.013124999999999998 0.046138999999999986
73 0.499375 0.3629945 0.014999999999999958 0.04802300000000004
73 0.5003125 0.287665 0.01687500000000003 0.04425599999999996
73 0.5090625 0.299435 0.014375000000000027 0.05273
73 0.5121875 0.36393600000000004 0.015625 0.053672
73 0.51625 0.3775895 0.007500000000000062 0.03389899999999996
73 0.520625 0.307439 0.013749999999999929 0.04802200000000001
73 0.5290625 0.3818265 0.013125000000000053 0.042372999999999994
73 0.5396875 0.3272125 0.024375000000000036 0.046138999999999986
73 0.5371874999999999 0.3874765 0.011874999999999969 0.031073000000000017
73 0.54625 0.391243 0.011249999999999982 0.03860600000000003
73 0.548125 0.3361585 0.010000000000000009 0.03201499999999996
73 0.5534375 0.393126 0.018124999999999947 0.038605999999999974
73 0.5590625 0.3446325 0.011874999999999969 0.022599000000000036
73 0.565625 0.35357799999999995 0.006249999999999978 0.029189999999999994
73 0.5918749999999999 0.4199625 0.05625000000000002 0.065913
73 0.57375 0.36111150000000003 0.015000000000000013 0.05178900000000003
73 0.6025 0.385593 0.03749999999999998 0.049906000000000006
