73 0.216875 0.42164199999999996 0.06 0.08955200000000002
73 0.23875 0.56903 0.07 0.15858200000000006
73 0.29500000000000004 0.4141795 0.09625 0.166045
73 0.29125 0.5951495 0.0625 0.16417900000000007
73 0.35875 0.43936549999999996 0.09999999999999998 0.15111899999999995
73 0.375625 0.622668 0.10875000000000001 0.17443999999999993
73 0.4303125 0.45242550000000004 0.09937499999999999 0.16604500000000005
73 0.448125 0.6683765 0.11250000000000004 0.170709
73 0.5134375 0.473414 0.12062499999999998 0.17443999999999998
73 0.518125 0.6949625 0.08875 0.166045
73 0.6215625 0.5 0.12937500000000002 0.173508
73 0.6021875 0.7056905 0.07687500000000003 0.21735100000000007
73 0.82875 0.789179 0.34125000000000005 0.322762
73 0.7159375 0.552705 0.11312499999999992 0.14459
73 0.838125 0.504664 0.13 0.042910000000000004
73 0.946875 0.603078 0.10250000000000004 0.18936599999999992
