73 0.110625 0.1058325 0.16375 0.044215000000000004
73 0.110625 0.1980245 0.15875 0.125117
73 0.11750000000000001 0.41015999999999997 0.16 0.09407400000000005
73 0.1246875 0.5126999999999999 0.161875 0.09783599999999992
73 0.10468749999999999 0.3156165 0.10937499999999999 0.098777
73 0.15531250000000002 0.3033865 0.030624999999999986 0.09313300000000002
73 0.1740625 0.3062085 0.029375000000000012 0.09125099999999997
73 0.2425 0.20507999999999998 0.07999999999999996 0.09595399999999998
73 0.264375 0.10677299999999999 0.11249999999999999 0.046096
73 0.41156249999999994 0.306209 0.19187499999999996 0.20225799999999997
73 0.5709375 0.125588 0.08562500000000006 0.031044000000000016
73 0.7453125 0.1876765 0.073125 0.06867299999999998
73 0.7678125 0.25870150000000003 0.023125000000000062 0.080903
73 0.8362499999999999 0.297272 0.04999999999999993 0.07713999999999999
73 0.8253125 0.2126055 0.02562500000000001 0.08090299999999997
73 0.86 0.21777950000000001 0.03374999999999995 0.11382899999999999
