73 0.576875 0.854167 0.17124999999999996 0.15500000000000003
73 0.08625 0.06375 0.1725 0.120834
73 0.0890625 0.22791650000000002 0.178125 0.11583299999999999
73 0.1025 0.3754165 0.205 0.12416700000000003
73 0.058750000000000004 0.959167 0.11625 0.08000000000000007
73 0.1528125 0.8583335 0.205625 0.11166699999999996
73 0.1553125 0.5054164999999999 0.11187499999999999 0.11916699999999997
73 0.1715625 0.6325000000000001 0.103125 0.10833400000000004
73 0.2359375 0.40125 0.06437500000000002 0.014166000000000012
73 0.2365625 0.41000000000000003 0.05062500000000003 0.006666000000000005
73 0.24562499999999998 0.4104165 0.05249999999999999 0.015832999999999986
73 0.3503125 0.0808335 0.17687499999999995 0.12666699999999997
73 0.3284375 0.35625 0.109375 0.09250000000000003
73 0.3415625 0.2316665 0.135625 0.098333
73 0.3503125 0.4825 0.13562500000000005 0.10333399999999993
73 0.41218750000000004 0.915417 0.21312500000000006 0.16749999999999998
73 0.36250000000000004 0.0058335 0.07500000000000001 0.011667
73 0.44656250000000003 0.9758335 0.22687500000000005 0.046667000000000014
73 0.453125 0.7083335 0.15999999999999998 0.1083329999999999
73 0.5234375 0.1083335 0.09187499999999998 0.10333300000000001
73 0.5271874999999999 0.34458350000000004 0.09437499999999999 0.08583299999999999
73 0.5503125 0.0258335 0.140625 0.051667
73 0.5121875 0.44666700000000004 0.06187499999999996 0.10500000000000004
73 0.5228125 0.2291665 0.08312499999999995 0.093333
73 0.515 0.55375 0.05624999999999997 0.08083399999999996
73 0.6784375 0.2245835 0.08437499999999998 0.08416699999999999
73 0.6796875 0.332083 0.08437500000000009 0.07250000000000001
73 0.6859375000000001 0.12041650000000001 0.09187500000000004 0.09916700000000002
73 0.6984375 0.0333335 0.11312500000000003 0.066667
73 0.6893750000000001 0.4166665 0.07999999999999996 0.08333299999999999
73 0.73125 0.8316665000000001 0.15125 0.10333300000000001
73 0.6815625000000001 0.5054165 0.04937500000000006 0.090833
73 0.7615625 0.8504165 0.17312499999999997 0.12083299999999997
73 0.7503124999999999 0.64125 0.13687499999999997 0.09083400000000008
73 0.765625 0.485417 0.04125000000000001 0.03750000000000003
73 0.766875 0.4129165 0.03374999999999995 0.07583299999999998
73 0.785625 0.32375 0.05499999999999994 0.0625
73 0.7928125 0.23041650000000002 0.06687500000000002 0.07916700000000002
73 0.801875 0.1366665 0.08000000000000007 0.088333
73 0.7946875 0.050416499999999996 0.05812499999999998 0.080833
73 0.8790625000000001 0.3141665 0.06187500000000001 0.08166699999999999
73 0.8765624999999999 0.37875000000000003 0.051875000000000004 0.034165999999999974
73 0.878125 0.23041650000000002 0.04375000000000007 0.069167
73 0.8909374999999999 0.1504165 0.05437499999999995 0.074167
73 0.8959375 0.0608335 0.0568749999999999 0.091667
73 0.8915625 0.0058335 0.03187499999999999 0.011667
73 0.96 0.16 0.03500000000000003 0.068334
73 0.9653125 0.0808335 0.026874999999999982 0.07166700000000001
73 0.975625 0.0225 0.04500000000000004 0.045
73 0.9940625000000001 0.545833 0.010624999999999996 0.020000000000000018
