73 0.1140625 0.0260415 0.228125 0.052083
73 0.121094 0.25 0.242188 0.19583399999999998
73 0.1242185 0.5010415 0.248437 0.21458300000000002
73 0.1296875 0.7302085 0.259375 0.21458299999999997
73 0.12421900000000001 0.896875 0.245312 0.12291600000000003
73 0.426562 0.0333335 0.33749999999999997 0.066667
73 0.4273435 0.221875 0.32656299999999994 0.19791599999999998
73 0.3140625 0.4510415 0.07499899999999998 0.19791700000000007
73 0.7335940000000001 0.0479165 0.22031199999999995 0.095833
73 0.7570315000000001 0.210417 0.14218699999999995 0.175
73 0.8078125 0.39895800000000003 0.05312499999999998 0.11874999999999997
73 0.9164065 0.676042 0.16406300000000007 0.13124999999999998
73 0.9226565 0.54375 0.151563 0.133334
73 0.933594 0.37395849999999997 0.12968800000000003 0.17291700000000004
73 0.9375 0.21666649999999998 0.1218760000000001 0.133333
73 0.942969 0.0510415 0.11093800000000009 0.102083
