73 0.028124999999999997 0.09625 0.04875 0.1175
73 0.0353125 0.1904165 0.050624999999999996 0.07083300000000001
73 0.0365625 0.27208350000000003 0.050625 0.06916700000000003
73 0.044375 0.41374999999999995 0.045000000000000005 0.07416600000000001
73 0.045 0.34 0.046250000000000006 0.063334
73 0.049374999999999995 0.48875 0.045 0.07250000000000001
73 0.0984375 0.16875 0.040624999999999994 0.069166
73 0.09468750000000001 0.08666650000000001 0.029375 0.091667
73 0.0996875 0.3866665 0.02687500000000001 0.04666699999999996
73 0.1003125 0.24541649999999998 0.02812500000000001 0.08416699999999996
73 0.1015625 0.332083 0.030625000000000013 0.07250000000000001
73 0.1196875 0.4295835 0.06687500000000002 0.03916700000000001
73 0.1703125 0.0429165 0.05437500000000001 0.085833
73 0.1765625 0.1383335 0.061874999999999986 0.091667
73 0.17531249999999998 0.2291665 0.05687499999999998 0.10333300000000001
73 0.1765625 0.333333 0.044375 0.09499999999999997
73 0.6209375 0.06625 0.475625 0.1325
73 0.4375 0.22791650000000002 0.10124999999999995 0.21916700000000003
73 0.4175 0.45125 0.04999999999999999 0.16583399999999993
73 0.41375 0.695417 0.040000000000000036 0.1725
73 0.41500000000000004 0.8887499999999999 0.03250000000000003 0.1725
73 0.56875 0.22458300000000003 0.16125000000000006 0.1675
73 0.648125 0.411667 0.07250000000000001 0.15500000000000003
73 0.7518750000000001 0.23833349999999998 0.20000000000000007 0.15666699999999997
