73 0.0875 0.6149155 0.09875 0.1998129999999999
73 0.1253125 0.557223 0.07687500000000001 0.150094
73 0.18125 0.6590055 0.09875 0.053471000000000046
73 0.18937500000000002 0.7232645 0.11500000000000002 0.06003700000000001
73 0.1790625 0.6796435000000001 0.09187500000000001 0.042212999999999945
73 0.19 0.6224205 0.07 0.03470899999999999
73 0.4109375 0.414634 0.186875 0.15759800000000002
73 0.5771875 0.31941850000000005 0.026874999999999982 0.02532899999999999
73 0.5815625 0.3541275 0.028124999999999956 0.032833
73 0.5846875 0.39258899999999997 0.026874999999999982 0.02532799999999996
73 0.5896875 0.4183865 0.024375000000000036 0.022515000000000007
73 0.6115625 0.3166045 0.04437500000000005 0.03470899999999999
73 0.6084375 0.3954035 0.03312499999999996 0.03846100000000002
73 0.6109374999999999 0.35506550000000003 0.030625000000000013 0.03846100000000002
73 0.6209375 0.46576 0.028124999999999956 0.040337999999999985
73 0.6475 0.39352750000000003 0.04749999999999999 0.034709000000000045
73 0.6475 0.3072235 0.03749999999999998 0.03846100000000002
73 0.6487499999999999 0.34380849999999996 0.039999999999999925 0.03846100000000002
73 0.651875 0.4301125 0.043749999999999956 0.042213
73 0.653125 0.4695125 0.036250000000000004 0.029081000000000023
73 0.6890625 0.3424015 0.05687500000000001 0.028142999999999974
73 0.6896875 0.303471 0.04437500000000005 0.038461999999999996
73 0.6937500000000001 0.467636 0.04500000000000004 0.04408999999999996
73 0.735625 0.2865855 0.04749999999999999 0.03658499999999998
73 0.7396875 0.336773 0.055624999999999925 0.04502800000000001
73 0.7418750000000001 0.377111 0.053750000000000075 0.041276000000000035
73 0.7424999999999999 0.47045000000000003 0.05500000000000005 0.04221400000000003
73 0.7425 0.42636 0.05249999999999999 0.038461999999999996
73 0.7940625 0.271107 0.06937499999999996 0.06754199999999999
73 0.796875 0.328799 0.06374999999999997 0.04408999999999996
73 0.7987500000000001 0.37804899999999997 0.05999999999999994 0.043152000000000024
73 0.8903125000000001 0.3203565 0.11312500000000003 0.057223000000000024
73 0.8759375 0.3747655 0.07187500000000002 0.04033700000000001
73 0.9653125 0.2875235 0.026874999999999982 0.17729899999999998
