73 0.389375 0.7782485 0.77875 0.441619
73 0.2259375 0.1548965 0.10437500000000002 0.05555499999999999
73 0.2325 0.2339925 0.10625000000000001 0.04425699999999999
73 0.234375 0.31120499999999995 0.10499999999999998 0.04425600000000002
73 0.3228125 0.1661955 0.07187500000000002 0.051789
73 0.3340625 0.31403000000000003 0.08937499999999998 0.046140000000000014
73 0.33875 0.24340900000000001 0.09125 0.04425600000000002
73 0.4375 0.16996250000000002 0.09624999999999995 0.03672299999999998
73 0.43656249999999996 0.2443505 0.08937500000000004 0.046138999999999986
73 0.41093749999999996 0.309322 0.033125000000000016 0.032955999999999985
73 0.5225 0.182674 0.08249999999999996 0.030131999999999992
73 0.5265625 0.2462335 0.08437499999999998 0.04613900000000001
73 0.520625 0.31403000000000003 0.06749999999999995 0.046140000000000014
73 0.598125 0.38935949999999997 0.03875000000000006 0.05743899999999996
73 0.603125 0.24811650000000002 0.043749999999999956 0.06120499999999998
73 0.6053124999999999 0.326271 0.03187499999999999 0.055555999999999994
73 0.6096874999999999 0.170904 0.04062500000000002 0.053672
73 0.65125 0.33992500000000003 0.05249999999999999 0.06402999999999998
73 0.651875 0.257062 0.04875000000000007 0.04896400000000001
73 0.6590625 0.418079 0.05812499999999998 0.06968000000000002
73 0.6581250000000001 0.1671375 0.04625000000000001 0.05743899999999999
73 0.7037500000000001 0.352166 0.057499999999999996 0.08474599999999999
73 0.7190624999999999 0.1643125 0.06562499999999993 0.051788999999999974
73 0.7346874999999999 0.2721285 0.08562499999999995 0.07156300000000002
73 0.776875 0.3747645 0.05499999999999994 0.07156300000000004
73 0.8043750000000001 0.270245 0.06375000000000008 0.07533000000000001
73 0.8403125 0.1600755 0.130625 0.075329
