73 0.10375 0.5239214999999999 0.2075 0.11913699999999994
73 0.10875 0.5820825000000001 0.2175 0.10412699999999997
73 0.1196875 0.7368669999999999 0.239375 0.52439
73 0.6975 0.4840525 0.5674999999999999 0.08442700000000003
73 0.6940625 0.562852 0.548125 0.15759799999999996
73 0.7096875 0.575985 0.579375 0.8461540000000001
73 0.6821875 0.8316135 0.478125 0.11913700000000005
73 0.6834374999999999 0.9165105 0.48062499999999997 0.14634100000000005
73 0.6965625 0.4310505 0.481875 0.13977499999999998
73 0.7128125000000001 0.750469 0.49812500000000004 0.159474
73 0.7178125 0.6618200000000001 0.47562499999999996 0.12851800000000002
73 0.7475 0.195591 0.50375 0.11538399999999999
73 0.771875 0.369606 0.41375000000000006 0.133208
73 0.786875 0.293621 0.40625 0.09568400000000002
