73 0.0521875 0.8570835 0.104375 0.28416700000000006
73 0.0734375 0.5225 0.146875 0.343334
73 0.0740625 0.1841665 0.148125 0.338333
73 0.108125 0.03875 0.085 0.0775
73 0.1771875 0.7595835 0.218125 0.295833
73 0.1875 0.8895835000000001 0.2025 0.219167
73 0.21156250000000001 0.1120835 0.13687500000000002 0.224167
73 0.20437500000000003 0.26 0.11500000000000002 0.26833399999999996
73 0.2159375 0.5079165 0.13812499999999997 0.224167
73 0.2915625 0.921667 0.09062499999999998 0.15500000000000003
73 0.3 0.35208300000000003 0.08374999999999999 0.15250000000000002
73 0.303125 0.665833 0.0675 0.15999999999999992
73 0.3090625 0.2075 0.06812499999999999 0.195
73 0.3103125 0.81875 0.05312499999999998 0.19083399999999995
73 0.3153125 0.51125 0.06062500000000004 0.134166
73 0.3490625 0.73375 0.055625000000000036 0.124166
73 0.35343749999999996 0.6129169999999999 0.05937500000000001 0.12750000000000006
73 0.38187499999999996 0.87 0.11374999999999996 0.25833400000000006
73 0.3540625 0.38125 0.05062500000000003 0.125834
73 0.3615625 0.8458335 0.05937500000000001 0.151667
73 0.36 0.266667 0.04625000000000001 0.155
73 0.3625 0.50125 0.05125000000000002 0.12083400000000005
73 0.3928125 0.6629164999999999 0.06812499999999999 0.13416700000000004
73 0.4 0.740417 0.05124999999999996 0.13749999999999996
73 0.3896875 0.405417 0.02562500000000001 0.08749999999999997
73 0.401875 0.5870835000000001 0.04749999999999999 0.11416700000000002
73 0.3940625 0.3175 0.021875000000000033 0.09833400000000003
73 0.40375 0.499583 0.036250000000000004 0.08250000000000002
73 0.4140625 0.3545835 0.020625000000000004 0.06916699999999998
73 0.4140625 0.4191665 0.020625000000000004 0.06666700000000003
73 0.4509375 0.49 0.021874999999999978 0.040000000000000036
73 0.45281249999999995 0.4029165 0.023125000000000007 0.05583300000000002
73 0.4534375 0.5320830000000001 0.01937500000000003 0.04749999999999999
73 0.45406250000000004 0.444167 0.018125000000000002 0.05499999999999999
73 0.4546875 0.5766665 0.019374999999999976 0.06166700000000003
73 0.4553125 0.609583 0.020625000000000004 0.07250000000000001
73 0.458125 0.66125 0.026249999999999996 0.08916600000000008
73 0.5496875000000001 0.5458335 0.020625000000000004 0.31333300000000003
73 0.6371875 0.87 0.09937499999999999 0.25833400000000006
73 0.6165624999999999 0.5858334999999999 0.05312499999999998 0.10333300000000001
73 0.6240625 0.3125 0.06812499999999999 0.15000000000000002
73 0.606875 0.490417 0.03125 0.08250000000000002
73 0.6240625 0.3958335 0.06562499999999993 0.11666699999999997
73 0.655 0.825 0.12 0.34833400000000003
73 0.67375 0.7483335 0.15749999999999997 0.301667
73 0.6709375 0.4966665 0.09687499999999993 0.11166700000000002
73 0.71375 0.6491665 0.1499999999999999 0.18333299999999997
73 0.7106250000000001 0.1970835 0.11750000000000005 0.24583300000000002
73 0.7553125 0.3045835 0.188125 0.27916699999999994
73 0.7753125000000001 0.5 0.208125 0.20500000000000002
73 0.861875 0.81625 0.275 0.365834
73 0.8553124999999999 0.0945835 0.17937499999999995 0.189167
73 0.8915625 0.5387500000000001 0.21562500000000007 0.29250000000000004
73 0.923125 0.1775 0.15249999999999997 0.35166600000000003
