73 0.0633335 0.351875 0.126667 0.07374999999999998
73 0.0666665 0.5703125 0.133333 0.08687500000000004
73 0.0791665 0.2578125 0.158333 0.06687500000000002
73 0.2691665 0.138125 0.538333 0.14500000000000002
73 0.056666499999999995 0.7284375 0.061667 0.078125
73 0.0933335 0.4721875 0.038333000000000006 0.06812499999999999
73 0.12625 0.74375 0.09083399999999998 0.05125000000000002
73 0.16375 0.6165625 0.1025 0.06687500000000002
73 0.2333335 0.35843749999999996 0.24166700000000002 0.080625
73 0.177917 0.445625 0.10250000000000001 0.07374999999999998
73 0.16041650000000002 0.5278125 0.059167 0.06687500000000002
73 0.3258335 0.25625 0.36166699999999996 0.0975
73 0.2120835 0.7496875000000001 0.12083300000000002 0.05937500000000007
73 0.28375 0.7693749999999999 0.11416599999999999 0.05500000000000005
73 0.46375 0.7925 0.07250000000000001 0.06374999999999997
73 0.4895835 0.6840625 0.03916700000000006 0.04437500000000005
73 0.525 0.241875 0.043333999999999984 0.08875
73 0.7220835 0.3534375 0.430833 0.083125
73 0.5520830000000001 0.753125 0.07750000000000001 0.07999999999999996
73 0.69125 0.8265625000000001 0.345834 0.073125
73 0.7025 0.249375 0.341666 0.08375000000000002
73 0.570417 0.56 0.07250000000000001 0.0737500000000001
73 0.70625 0.6840625 0.3441660000000001 0.08562500000000006
73 0.5920835 0.43875 0.03416700000000006 0.03624999999999995
73 0.6195835 0.759375 0.07916699999999999 0.07499999999999996
73 0.632083 0.561875 0.0824999999999999 0.08000000000000007
73 0.6879165 0.7659374999999999 0.08416699999999999 0.08562499999999995
73 0.69375 0.4634375 0.08250000000000002 0.07187500000000002
73 0.6970835 0.56375 0.07083300000000003 0.08374999999999999
73 0.7662500000000001 0.5771875 0.07750000000000001 0.08062500000000006
73 0.7620834999999999 0.45843750000000005 0.054166999999999965 0.075625
73 0.8391665 0.5865625 0.06833299999999998 0.08562500000000006
73 0.8620829999999999 0.44906250000000003 0.07750000000000001 0.06312500000000004
