73 0.0115625 0.32875 0.023125 0.11416599999999999
73 0.020625 0.184167 0.04125 0.12
73 0.1340625 0.061667 0.16312500000000002 0.1
73 0.1384375 0.19374999999999998 0.150625 0.11583399999999996
73 0.1215625 0.29833350000000003 0.08687500000000001 0.10166700000000001
73 0.2134375 0.9395835 0.22562499999999996 0.11916700000000002
73 0.1475 0.419583 0.05249999999999999 0.07750000000000001
73 0.2225 0.6091664999999999 0.09125 0.10333300000000001
73 0.2471875 0.7375 0.140625 0.10499999999999998
73 0.2740625 0.6475 0.08437499999999998 0.05166599999999999
73 0.49750000000000005 0.6508335000000001 0.2 0.09666699999999995
73 0.5796875 0.165417 0.20187500000000003 0.1275
73 0.5853125 0.286667 0.20812499999999995 0.125
73 0.5846875 0.0454165 0.20437500000000003 0.090833
73 0.6196875 0.41583349999999997 0.12687499999999996 0.12166700000000003
73 0.631875 0.5391665 0.07625000000000004 0.10666700000000001
73 0.7334375 0.548333 0.09062500000000007 0.11499999999999994
73 0.8021875 0.2895835 0.21062499999999995 0.13083299999999998
73 0.8143750000000001 0.1408335 0.23250000000000004 0.151667
73 0.7771875 0.4191665 0.15187499999999998 0.12166699999999997
73 0.843125 0.0283335 0.26875000000000004 0.056667
73 0.845 0.723333 0.10750000000000004 0.09000000000000008
73 0.9340625 0.16375 0.015625 0.08416599999999999
73 0.9746874999999999 0.43708349999999996 0.04937500000000006 0.12083300000000002
73 0.9775 0.2920835 0.04375000000000007 0.129167
73 0.9909375 0.105 0.016874999999999973 0.21
