73 0.24874999999999997 0.779436 0.09874999999999998 0.096186
73 0.2715625 0.7806795 0.026874999999999982 0.06218900000000005
73 0.37625 0.967662 0.23625000000000002 0.06301800000000002
73 0.38468749999999996 0.7740465 0.231875 0.12023300000000003
73 0.459375 0.7114425 0.036250000000000004 0.04975099999999999
73 0.46375 0.655887 0.03249999999999997 0.051409999999999956
73 0.46375 0.604063 0.030000000000000027 0.05555599999999994
73 0.4675 0.5107794999999999 0.03250000000000003 0.03814299999999998
73 0.468125 0.5584579999999999 0.03375 0.05721399999999999
73 0.473125 0.46185699999999996 0.034999999999999976 0.036484000000000016
73 0.5046875 0.731758 0.051875000000000004 0.07379800000000003
73 0.5078125 0.6235489999999999 0.05812499999999998 0.05970200000000003
73 0.5071875 0.6803485 0.05437500000000006 0.07048100000000002
73 0.513125 0.5169985 0.05375000000000002 0.05058100000000004
73 0.513125 0.5679935 0.05375000000000002 0.058042999999999956
73 0.5165625 0.46102849999999995 0.05437499999999995 0.048093
73 0.565 0.7669984999999999 0.06625000000000003 0.08623499999999995
73 0.568125 0.7068825 0.0625 0.07213899999999995
73 0.5734375 0.5841624999999999 0.06437499999999996 0.06716500000000003
73 0.575 0.6455225 0.06500000000000006 0.07048100000000002
73 0.5762499999999999 0.5228025 0.0675 0.055554999999999966
73 0.5762499999999999 0.464345 0.06500000000000006 0.054726
73 0.94875 0.961443 0.10125000000000006 0.07545600000000008
73 0.9565625 0.8146765 0.08562500000000006 0.09535700000000003
73 0.954375 0.6699835000000001 0.07625000000000004 0.08457700000000001
