73 0.1103125 0.0525 0.220625 0.105
73 0.1115625 0.16499999999999998 0.223125 0.155
73 0.26625 0.24875000000000003 0.08625000000000002 0.12583400000000003
73 0.2728125 0.09208300000000001 0.06562499999999999 0.0975
73 0.341875 0.2025 0.07250000000000001 0.060000000000000026
73 0.3484375 0.07125000000000001 0.07187500000000002 0.11916600000000001
73 0.4071875 0.211667 0.06312499999999999 0.044999999999999984
73 0.42125 0.081667 0.07124999999999998 0.11500000000000002
73 0.5175 0.11375 0.11125000000000002 0.2275
73 0.6556249999999999 0.9283335 0.27625 0.141667
73 0.916875 0.1933335 0.043749999999999956 0.046666999999999986
73 0.9281250000000001 0.06791649999999999 0.036250000000000004 0.105833
73 0.9650000000000001 0.1729165 0.06874999999999998 0.060833000000000026
73 0.9740625 0.0733335 0.05062500000000003 0.10166700000000001
