73 0.0153125 0.279454 0.030625 0.13362000000000002
73 0.055 0.7550285 0.11 0.260057
73 0.0178125 0.46623549999999997 0.025625 0.14224099999999995
73 0.0653125 0.280891 0.066875 0.136494
73 0.0715625 0.4647985 0.071875 0.14511499999999994
73 0.249375 0.5596265 0.10500000000000001 0.515805
73 0.5784374999999999 0.424569 0.06562499999999993 0.17672400000000005
73 0.5678125 0.26149449999999996 0.021874999999999978 0.13793099999999997
73 0.6109375 0.090517 0.09937499999999999 0.181034
73 0.598125 0.6106325 0.04625000000000001 0.15229899999999996
73 0.5956250000000001 0.26293099999999997 0.03375000000000006 0.12356399999999998
73 0.6025 0.7859195 0.03749999999999998 0.155173
73 0.6353125 0.635776 0.048125000000000084 0.16235599999999994
73 0.6340625 0.4403735 0.04062500000000002 0.16522900000000001
73 0.6321875 0.244971 0.034375000000000044 0.16523
73 0.6371875 0.841954 0.02937499999999993 0.13793199999999994
73 0.6859375000000001 0.288075 0.073125 0.25718399999999997
73 0.684375 0.58477 0.05249999999999999 0.247126
73 0.673125 0.840517 0.02124999999999999 0.21264399999999994
73 0.746875 0.0653735 0.16625 0.130747
73 0.6928125 0.8721265 0.02312499999999995 0.252873
73 0.7565625 0.6314655 0.078125 0.334771
73 0.77 0.8814655 0.09750000000000003 0.23419499999999993
73 0.775 0.2543105 0.10499999999999998 0.313219
73 0.8078125 0.6774425 0.03437499999999993 0.2859189999999999
73 0.854375 0.675287 0.03875000000000006 0.33046
73 0.86 0.2341955 0.04499999999999993 0.34770100000000004
73 0.90375 0.700431 0.04500000000000004 0.375
73 0.9409375 0.219109 0.11687500000000006 0.41810400000000003
73 0.9550000000000001 0.7449715 0.0675 0.44971300000000003
