73 0.081875 0.27875 0.16375 0.2825
73 0.226875 0.3158335 0.16749999999999998 0.366667
73 0.393125 0.2841665 0.1975 0.37833300000000003
73 0.6159375 0.113333 0.258125 0.11000000000000001
73 0.6234375 0.21708349999999998 0.253125 0.089167
73 0.5290625 0.38833300000000004 0.05687500000000001 0.06
73 0.6278125 0.31708349999999996 0.254375 0.07583299999999998
73 0.73 0.4133335 0.05249999999999999 0.093333
73 0.8771875 0.08166649999999999 0.24187500000000006 0.12166699999999998
73 0.880625 0.2016665 0.23750000000000004 0.10666700000000001
73 0.8812500000000001 0.31666700000000003 0.23375 0.09000000000000002
73 0.809375 0.423333 0.08750000000000002 0.10999999999999999
73 0.7796875 0.31708349999999996 0.013125000000000053 0.07583299999999998
73 0.96 0.46 0.07625000000000004 0.058334
