73 0.0434375 0.2547275 0.086875 0.10011100000000003
73 0.104375 0.1362625 0.20875 0.14126899999999998
73 0.21 0.3047835 0.42 0.182425
73 0.021875000000000002 0.028365 0.04125 0.05673
73 0.176875 0.108454 0.21750000000000003 0.063404
73 0.15625 0.0394885 0.14875 0.078977
73 0.16843750000000002 0.2869855 0.168125 0.12013300000000002
73 0.27468750000000003 0.0394885 0.06812500000000002 0.078977
73 0.2746875 0.1651835 0.06562499999999999 0.116797
73 0.33843749999999995 0.3164625 0.174375 0.139043
73 0.37375 0.12291450000000001 0.11249999999999999 0.072303
73 0.436875 0.0489435 0.036250000000000004 0.097887
73 0.528125 0.185762 0.20375 0.162402
73 0.5615625 0.0600665 0.249375 0.120133
73 0.5046875 0.34482749999999995 0.11812499999999998 0.151279
73 0.7971874999999999 0.22691899999999998 0.27812500000000007 0.1802
73 0.785625 0.40433850000000005 0.25249999999999995 0.19466100000000003
73 0.774375 0.0684095 0.18874999999999997 0.136819
73 0.8443750000000001 0.0272525 0.21250000000000002 0.054505
73 0.9609375 0.426585 0.07687500000000003 0.16128999999999993
73 0.9665625 0.2525025 0.06562500000000004 0.164627
73 0.97875 0.1195775 0.04125000000000001 0.058954999999999994
