73 0.204375 0.5595625 0.195 0.271475
73 0.2215625 0.7378445 0.158125 0.26012900000000005
73 0.203125 0.604133 0.09875 0.08833000000000002
73 0.281875 0.209076 0.23875 0.277148
73 0.35281250000000003 0.563209 0.245625 0.30307999999999996
73 0.380625 0.7171799999999999 0.2 0.22528399999999993
73 0.400625 0.8630469999999999 0.13624999999999998 0.2188
73 0.5559375 0.3537275 0.35187500000000005 0.11912499999999998
73 0.5659375 0.471637 0.329375 0.162074
73 0.7059375 0.3136145 0.505625 0.11993500000000001
73 0.69375 0.1146675 0.46875 0.119125
73 0.58125 0.5972445 0.235 0.07941699999999996
73 0.7084375 0.19570500000000002 0.48437500000000006 0.13533200000000004
73 0.70125 0.149514 0.4675 0.125608
73 0.7090625 0.236224 0.483125 0.13046999999999997
73 0.7150000000000001 0.2791735 0.49250000000000005 0.12398699999999999
73 0.7571874999999999 0.428687 0.03187499999999999 0.08265800000000001
73 0.8565625 0.3788495 0.19937500000000008 0.07536500000000002
