73 0.12125 0.0283335 0.11625 0.056667
73 0.1359375 0.1516665 0.10437499999999998 0.10333300000000001
73 0.144375 0.245 0.11125000000000002 0.10499999999999998
73 0.148125 0.345833 0.11624999999999999 0.10999999999999999
73 0.2759375 0.0370835 0.18312499999999998 0.074167
73 0.28125 0.1695835 0.19374999999999998 0.115833
73 0.28625 0.247083 0.18875 0.0975
73 0.4465625 0.7733335 0.23562499999999997 0.19666699999999993
73 0.5065625 0.0491665 0.26687500000000003 0.098333
73 0.5046875 0.32875 0.24312499999999998 0.16249999999999998
73 0.5071875 0.21500000000000002 0.24812499999999998 0.148334
73 0.5040625 0.452083 0.21562499999999996 0.16749999999999998
73 0.6546875 0.36583350000000003 0.05687500000000001 0.11166700000000002
73 0.6815625000000001 0.23875 0.083125 0.1325
73 0.8206249999999999 0.0741665 0.35750000000000004 0.148333
73 0.9043749999999999 0.9475 0.19000000000000006 0.10333400000000004
73 0.8975 0.28208300000000003 0.15000000000000002 0.18250000000000002
73 0.9159375 0.391667 0.06812499999999999 0.06
73 0.98125 0.427917 0.036250000000000004 0.09750000000000003
73 0.9890625 0.2779165 0.020625000000000004 0.135833
