73 0.099412 0.6167715 0.198824 0.440439
73 0.15705850000000002 0.604232 0.311765 0.5564260000000001
73 0.18117650000000002 0.6653605 0.195295 0.452979
73 0.3117645 0.5321315 0.35764700000000005 0.7163010000000001
73 0.3735295 0.5587774999999999 0.27411700000000006 0.612853
73 0.43235250000000003 0.5736675 0.257647 0.570533
73 0.49294150000000003 0.5791535 0.24705899999999997 0.5909090000000001
73 0.5564709999999999 0.583072 0.27529400000000004 0.639498
73 0.7517645 0.5916925000000001 0.19294099999999992 0.565831
73 0.858824 0.5399685 0.28 0.747649
73 0.9376475 0.6206895 0.12235300000000005 0.6175550000000001
