73 0.4680555 0.8638889999999999 0.261111 0.172222
73 0.461806 0.37129599999999996 0.23749999999999993 0.20185199999999998
73 0.45416650000000003 0.6898150000000001 0.216667 0.15370399999999995
73 0.713889 0.22037050000000002 0.10277800000000004 0.14074100000000003
73 0.6854169999999999 0.2805555 0.040277999999999925 0.06481499999999998
73 0.7194445 0.6592595 0.10833300000000001 0.08148099999999991
73 0.717361 0.771296 0.08472199999999996 0.07222200000000001
73 0.7270835 0.901852 0.093055 0.08148200000000005
73 0.740972 0.3351855 0.05972199999999994 0.06296300000000005
73 0.823611 0.391667 0.05277799999999999 0.07222200000000001
73 0.827778 0.523148 0.04444399999999993 0.042592000000000074
73 0.829167 0.651852 0.047221999999999986 0.07037000000000004
73 0.8340274999999999 0.7370369999999999 0.054166999999999965 0.05925999999999998
73 0.8368059999999999 0.33518499999999996 0.03749999999999998 0.07036999999999999
