73 0.2859375 0.476172 0.08645899999999998 0.09453199999999995
73 0.2734375 0.5707035 0.05729099999999998 0.05703099999999994
73 0.27447900000000003 0.69375 0.05520799999999998 0.03125
73 0.33177100000000004 0.8398435 0.10104200000000002 0.08281300000000003
73 0.3776045 0.5632809999999999 0.109375 0.08593799999999996
73 0.3802085 0.6523435 0.11458299999999999 0.07968699999999995
73 0.39375000000000004 0.48203149999999995 0.05416599999999999 0.08281299999999997
73 0.4911455 0.7351565 0.08437499999999992 0.120313
73 0.4703125 0.46875 0.03854099999999999 0.08593800000000001
73 0.481771 0.6386715000000001 0.05729200000000001 0.0382809999999999
73 0.550521 0.4777345 0.038541999999999965 0.028907000000000016
73 0.6458335 0.48124999999999996 0.0770829999999999 0.03281200000000001
73 0.7125 0.6660155 0.11458400000000002 0.07265699999999997
73 0.7354164999999999 0.5859375 0.07291700000000001 0.08437500000000009
73 0.734375 0.5027345 0.06666599999999989 0.07578100000000004
73 0.80625 0.7367185 0.054165999999999936 0.020312999999999914
73 0.8151045 0.707422 0.05312500000000009 0.027344000000000035
73 0.8921874999999999 0.7539065 0.144791 0.051563000000000025
