73 0.10437500000000001 0.8775 0.19125 0.20499999999999996
73 0.09968750000000001 0.57875 0.166875 0.32416599999999995
73 0.2340625 0.86375 0.07062499999999997 0.0675
73 0.298125 0.8383335000000001 0.155 0.14833299999999994
73 0.339375 0.7091665 0.18125 0.10333300000000001
73 0.60625 0.63625 0.1975 0.08416599999999996
73 0.6628125 0.729167 0.13812500000000005 0.09499999999999997
73 0.77125 0.65375 0.14874999999999994 0.1875
73 0.9278125 0.57875 0.140625 0.23083399999999998
73 0.96 0.60875 0.07874999999999999 0.16416600000000003
