73 0.0475 0.0566665 0.095 0.113333
73 0.083125 0.217917 0.16625 0.1325
73 0.085 0.539167 0.17 0.14499999999999996
73 0.10125 0.377917 0.2025 0.15749999999999997
73 0.30062500000000003 0.0475 0.23249999999999998 0.095
73 0.32125000000000004 0.19 0.22500000000000003 0.19499999999999998
73 0.340625 0.3675 0.25 0.15666599999999997
73 0.475 0.5595829999999999 0.12125000000000002 0.0724999999999999
73 0.6178125 0.0325 0.21562499999999996 0.065
73 0.6390625 0.17541649999999998 0.22187500000000004 0.16583299999999998
73 0.608125 0.35375 0.15500000000000003 0.1775
73 0.578125 0.53125 0.0774999999999999 0.14250000000000002
73 0.746875 0.775 0.20000000000000007 0.11666599999999994
73 0.8984375 0.5304165000000001 0.09562500000000007 0.14416700000000005
73 0.92625 0.3504165 0.14625 0.149167
73 0.9265625 0.1625 0.14312500000000006 0.15666599999999997
73 0.9278124999999999 0.0325 0.14312500000000006 0.065
73 0.9309375 0.7583335 0.13687499999999997 0.166667
