73 0.0183595 0.019531 0.036719 0.039062
73 0.023828 0.086914 0.047656 0.0625
73 0.032031 0.1489255 0.064062 0.067383
73 0.056640499999999996 0.21875 0.046092999999999995 0.05859399999999998
73 0.08242200000000001 0.012207 0.088282 0.024414
73 0.09765650000000001 0.078613 0.11093700000000001 0.06542999999999999
73 0.10585900000000001 0.145996 0.091406 0.069336
73 0.1128905 0.2177735 0.074219 0.056641
73 0.2132815 0.059082 0.09062499999999998 0.069336
73 0.223047 0.133789 0.078906 0.066406
73 0.35976549999999996 0.135742 0.130469 0.072266
73 0.357422 0.038574 0.114844 0.077148
73 0.39023450000000004 0.21630850000000001 0.10546899999999998 0.067383
73 0.5101565 0.0356445 0.15937500000000004 0.071289
73 0.516797 0.11816399999999999 0.13984399999999997 0.09374999999999999
73 0.5265624999999999 0.22216799999999998 0.14531299999999997 0.09081999999999998
73 0.7972655 0.09082000000000001 0.367969 0.09375000000000001
73 0.8058595 0.020996 0.37421899999999997 0.041992
73 0.9496089999999999 0.20605449999999997 0.04765600000000003 0.09179699999999999
