73 0.073222 0.7690625 0.146444 0.17062500000000003
73 0.1158995 0.9040625 0.231799 0.19062500000000004
73 0.1087865 0.7128125000000001 0.199163 0.18062499999999992
73 0.26569 0.9153125 0.246862 0.15937500000000004
73 0.364435 0.7178125 0.24686200000000003 0.09562499999999996
73 0.3757325 0.6925 0.200837 0.0787500000000001
73 0.567364 0.8556250000000001 0.39330599999999993 0.1825
73 0.8 0.583125 0.11715399999999998 0.11624999999999996
73 0.9401675 0.6684375 0.11799100000000007 0.07562500000000005
73 0.9435145 0.5734375 0.11129699999999998 0.114375
