73 0.426875 0.46001899999999996 0.16625 0.12605799999999995
73 0.4425 0.5766695 0.11499999999999999 0.0959549999999999
73 0.59375 0.451552 0.05624999999999991 0.08466600000000002
73 0.8190625 0.2469425 0.038124999999999964 0.08936900000000003
73 0.8203125 0.47271850000000004 0.04062499999999991 0.11194700000000007
73 0.8203125 0.3603015 0.03562500000000002 0.08842899999999998
73 0.8284374999999999 0.573377 0.02937500000000004 0.110066
73 0.8668750000000001 0.23048000000000002 0.04500000000000004 0.10536199999999998
73 0.8703125 0.37017849999999997 0.048125000000000084 0.10442100000000004
73 0.8775 0.7507055 0.057499999999999996 0.14675499999999997
73 0.8775 0.6251180000000001 0.04999999999999993 0.13076199999999993
73 0.8775 0.5032925 0.04250000000000009 0.09595500000000001
73 0.8871875 0.37017900000000004 0.01937500000000003 0.08184399999999997
