73 0.0563725 0.9379085 0.112745 0.120915
73 0.43137250000000005 0.120915 0.781045 0.24183
73 0.415033 0.389706 0.728758 0.191176
73 0.4248365 0.6053919999999999 0.666667 0.18790800000000007
73 0.4248365 0.8267975 0.653595 0.18627499999999997
73 0.9599675 0.6691175 0.076797 0.11601300000000003
73 0.9607844999999999 0.2124185 0.07516299999999998 0.104575
73 0.9624185000000001 0.8071895 0.07189499999999993 0.13398700000000008
73 0.973039 0.5204245 0.05065399999999998 0.15196099999999996
73 0.981209 0.34967349999999997 0.034313999999999956 0.15686300000000003
