73 0.03625 0.0258335 0.0725 0.051667
73 0.04 0.12375 0.08 0.1275
73 0.054375 0.2616665 0.10875 0.11666699999999999
73 0.356875 0.0154165 0.48624999999999996 0.030833
73 0.3525 0.2004165 0.4625 0.11583299999999999
73 0.35812499999999997 0.0925 0.47375 0.10333399999999998
73 0.801875 0.39666650000000003 0.39375000000000004 0.153333
73 0.809375 0.2445835 0.37875000000000003 0.140833
73 0.7225 0.5225 0.1875 0.08499999999999996
73 0.82375 0.0775 0.35 0.155
73 0.704375 0.625833 0.10624999999999996 0.10499999999999998
