73 0.0384375 0.08 0.076875 0.13999999999999999
73 0.0503125 0.45 0.100625 0.15333399999999997
73 0.0559375 0.8358335 0.111875 0.15333299999999994
73 0.060625 0.9658335 0.12125 0.05833299999999997
73 0.0440625 0.2654165 0.086875 0.179167
73 0.05125 0.6308335 0.10124999999999999 0.10833300000000001
73 0.1978125 0.0479165 0.070625 0.034167
73 0.20124999999999998 0.265 0.07749999999999999 0.10333399999999998
73 0.200625 0.14125 0.07124999999999998 0.0925
73 0.20750000000000002 0.385 0.07249999999999998 0.10499999999999998
73 0.20625 0.507917 0.0675 0.10750000000000004
73 0.2146875 0.6225 0.06812499999999999 0.09500000000000008
73 0.2165625 0.7458335 0.071875 0.10666699999999996
73 0.28374999999999995 0.11125 0.03375 0.0325
73 0.284375 0.1729165 0.03249999999999997 0.07416699999999998
73 0.28625 0.27375 0.03125 0.06583400000000003
73 0.28812499999999996 0.365 0.034999999999999976 0.065
73 0.2878125 0.4504165 0.025624999999999953 0.08083300000000004
73 0.29281250000000003 0.5404165 0.025624999999999953 0.07583300000000004
73 0.2953125 0.6258334999999999 0.023125000000000007 0.06333299999999997
73 0.32718749999999996 0.2683335 0.01687500000000003 0.05166700000000002
73 0.3296875 0.19625 0.019374999999999976 0.069166
73 0.3296875 0.48124999999999996 0.019374999999999976 0.060834
73 0.3303125 0.3441665 0.018125000000000002 0.06166700000000003
73 0.33281249999999996 0.4175 0.018125000000000002 0.063334
73 0.33218749999999997 0.5516665000000001 0.014374999999999971 0.06333299999999997
73 0.3559375 0.20916649999999998 0.013124999999999998 0.05333299999999999
73 0.356875 0.2708335 0.008750000000000036 0.05333299999999999
73 0.3575 0.32916650000000003 0.010000000000000009 0.05166699999999996
73 0.35875 0.3908335 0.012500000000000011 0.05833299999999997
73 0.36 0.45 0.015000000000000013 0.046665999999999985
73 0.361875 0.507917 0.011249999999999982 0.04749999999999999
73 0.374375 0.32166649999999997 0.0050000000000000044 0.048333000000000015
73 0.375 0.27 0.006249999999999978 0.044999999999999984
73 0.375625 0.22 0.0050000000000000044 0.04833399999999999
73 0.37687499999999996 0.37458349999999996 0.007500000000000007 0.03916700000000001
73 0.37875000000000003 0.42083349999999997 0.00874999999999998 0.03666699999999995
73 0.37687499999999996 0.475 0.0025000000000000022 0.048334000000000044
73 0.6003125 0.3845835 0.010624999999999996 0.035833000000000004
73 0.6021875 0.22375 0.01187500000000008 0.037500000000000006
73 0.6021875000000001 0.42874999999999996 0.009375000000000022 0.03750000000000003
73 0.6028125 0.2625 0.008125000000000049 0.033334
73 0.6040625 0.345417 0.010624999999999996 0.03250000000000003
73 0.6028125 0.305417 0.005624999999999991 0.03249999999999997
73 0.615 0.44666700000000004 0.008750000000000036 0.03999999999999998
73 0.6165625 0.40291699999999997 0.01187500000000008 0.03750000000000003
73 0.6168750000000001 0.3616665 0.007499999999999951 0.03833299999999995
73 0.6184375 0.2229165 0.010624999999999996 0.035833000000000004
73 0.6184375 0.315 0.008125000000000049 0.03500000000000003
73 0.618125 0.27375 0.0050000000000000044 0.04083400000000004
73 0.6371875 0.369167 0.021874999999999978 0.03999999999999998
73 0.6371875 0.474167 0.021874999999999978 0.06000000000000005
73 0.6378125 0.4183335 0.023125000000000062 0.041666999999999954
73 0.6384375 0.27125 0.016874999999999973 0.04249999999999998
73 0.6396875 0.21666649999999998 0.016874999999999973 0.04166699999999998
73 0.6396875 0.3175 0.016874999999999973 0.036665999999999976
73 0.6675 0.3866665 0.026249999999999996 0.05333300000000002
73 0.6659375000000001 0.511667 0.018125000000000058 0.04499999999999993
73 0.6671875 0.2683335 0.020625000000000004 0.05166700000000002
73 0.6671875 0.4458335 0.020625000000000004 0.05833299999999997
73 0.6678124999999999 0.206667 0.01937500000000003 0.05499999999999999
73 0.6684375 0.3308335 0.020625000000000004 0.04833299999999996
73 0.70625 0.48375 0.036250000000000004 0.0625
73 0.70625 0.55625 0.03375000000000006 0.05916600000000005
73 0.7075 0.416667 0.036250000000000004 0.05499999999999999
73 0.7075 0.3458335 0.03374999999999995 0.058333000000000024
73 0.711875 0.1991665 0.03500000000000003 0.05333300000000002
73 0.711875 0.2708335 0.03500000000000003 0.05666700000000002
73 0.7703125 0.62875 0.06312499999999999 0.07250000000000001
73 0.7790625 0.27125 0.06562500000000004 0.07083400000000004
73 0.7753125000000001 0.53375 0.055624999999999925 0.08249999999999996
73 0.7784375 0.44875 0.0618749999999999 0.07416600000000001
73 0.7790625 0.35624999999999996 0.06062499999999993 0.07916600000000001
73 0.7803125 0.17125 0.06062500000000004 0.07749999999999999
73 0.7778125 0.077917 0.05312499999999998 0.07750000000000001
73 0.8812500000000001 0.7358335 0.10750000000000004 0.10166699999999995
73 0.8903125000000001 0.6266665 0.104375 0.10333300000000001
73 0.8528125 0.47 0.01937500000000003 0.038334000000000035
73 0.8965624999999999 0.3841665 0.10687499999999994 0.093333
73 0.88125 0.495417 0.05249999999999999 0.07749999999999996
73 0.9115625 0.1325 0.11062500000000008 0.131666
73 0.8746875000000001 0.26416649999999997 0.03187499999999999 0.091667
73 0.925 0.260833 0.06874999999999998 0.10499999999999998
