73 0.0628125 0.294979 0.125625 0.34728000000000003
73 0.07375 0.620502 0.1475 0.37908000000000003
73 0.1059375 0.8606695 0.211875 0.276987
73 0.2584375 0.280335 0.370625 0.30794999999999995
73 0.2896875 0.542678 0.335625 0.37573199999999995
73 0.31437499999999996 0.7799165 0.31 0.41506299999999996
73 0.3509375 0.882845 0.298125 0.23263600000000006
73 0.7096875 0.564435 0.316875 0.869456
73 0.9209375 0.41715500000000005 0.07437499999999997 0.54477
73 0.9871875 0.32133900000000004 0.024375000000000036 0.356486
