73 0.17125 0.65625 0.12375 0.07583399999999996
73 0.5706249999999999 0.4416665 0.07999999999999996 0.14333300000000004
73 0.573125 0.755 0.07000000000000006 0.15999999999999992
73 0.5790625 0.6129165000000001 0.06812499999999999 0.165833
73 0.5778125000000001 0.89625 0.05812500000000009 0.16416600000000003
73 0.6659375000000001 0.81375 0.10062500000000008 0.22916599999999998
73 0.6653125 0.9420835000000001 0.08937499999999998 0.11416700000000002
73 0.6746875 0.4575 0.09937499999999999 0.20500000000000007
73 0.67125 0.618333 0.09000000000000008 0.16500000000000004
73 0.73125 0.9833335000000001 0.03500000000000003 0.031667
73 0.796875 0.9008335000000001 0.15500000000000003 0.19666700000000004
73 0.8178125 0.427083 0.16437500000000005 0.21750000000000003
73 0.78625 0.59625 0.05875000000000008 0.16083400000000003
73 0.8471875 0.64 0.10062499999999996 0.20500000000000007
