73 0.4240315 0.828635 0.10724900000000004 0.14985199999999999
73 0.0089375 0.293027 0.017875 0.037092000000000014
73 0.015889 0.625371 0.031778 0.10830800000000007
73 0.017875 0.760386 0.03575 0.1409499999999999
73 0.0610725 0.316766 0.07447899999999999 0.12907999999999997
73 0.063555 0.4792285 0.07150000000000001 0.13353099999999996
73 0.071996 0.7848665 0.07447799999999999 0.14243300000000003
73 0.0744785 0.6409495000000001 0.06554099999999999 0.13649900000000004
73 0.2070505 0.27522250000000004 0.076465 0.096439
73 0.212512 0.3820475 0.08540200000000003 0.09940700000000002
73 0.2164845 0.4925815 0.09136099999999997 0.106825
73 0.2040715 0.725519 0.058589 0.11869399999999997
73 0.21847099999999997 0.614985 0.087388 0.11424400000000001
73 0.463257 0.7062315 0.479642 0.43323500000000004
73 0.5461765000000001 0.901335 0.14498500000000003 0.19436199999999992
73 0.6688185 0.7351635 0.04468700000000003 0.11721099999999995
73 0.7696125 0.371662 0.14697099999999996 0.07269999999999999
73 0.7532274999999999 0.5333825 0.11221500000000006 0.06973299999999999
73 0.7537240000000001 0.45178050000000003 0.11320800000000009 0.08160300000000004
73 0.7706055 0.2900595 0.142999 0.07863499999999995
73 0.7527305 0.6164689999999999 0.105263 0.08160200000000006
73 0.758689 0.6973295 0.08143 0.068249
73 0.764151 0.745549 0.05064599999999997 0.03412400000000004
73 0.9210525 0.3664685 0.15590899999999996 0.07715100000000003
73 0.921549 0.2885755 0.15491599999999994 0.07863499999999998
73 0.9314795 0.44584599999999996 0.12909700000000002 0.08456999999999998
73 0.944886 0.5333825 0.10824199999999995 0.06973299999999999
73 0.9592849999999999 0.614243 0.07944399999999996 0.07418400000000003
73 0.961271 0.7878335 0.07348599999999994 0.08902100000000002
73 0.962264 0.6943619999999999 0.07150000000000001 0.08901999999999999
