73 0.1690625 0.14625 0.338125 0.250834
73 0.184375 0.489167 0.36875 0.30000000000000004
73 0.1915625 0.7508334999999999 0.383125 0.3783329999999999
73 0.201875 0.9058335 0.33749999999999997 0.18666700000000003
73 0.410625 0.149583 0.04125000000000001 0.1925
73 0.46843749999999995 0.30375 0.12937499999999996 0.07750000000000001
73 0.45875 0.479583 0.10749999999999993 0.07750000000000007
73 0.4815625 0.174583 0.10062499999999996 0.1775
73 0.4821875 0.394583 0.09437500000000004 0.07250000000000001
73 0.6378125 0.16083350000000002 0.10812500000000003 0.056666999999999995
73 0.645625 0.29416699999999996 0.11375000000000002 0.05499999999999999
73 0.6403125000000001 0.2341665 0.10062500000000008 0.05166700000000002
73 0.645625 0.365 0.11125000000000007 0.058334
73 0.65375 0.4320835 0.03749999999999998 0.05916699999999997
73 0.6875 0.436667 0.02750000000000008 0.06
73 0.736875 0.36083350000000003 0.07750000000000001 0.06666699999999998
73 0.7615624999999999 0.2245835 0.12687499999999996 0.060833
73 0.7103125 0.436667 0.018124999999999947 0.06
73 0.7406250000000001 0.2925 0.07625000000000004 0.05499999999999999
73 0.765 0.14916649999999998 0.125 0.056666999999999995
73 0.905 0.14125 0.14500000000000002 0.0725
73 0.8921875 0.5175000000000001 0.06687500000000002 0.056665999999999994
73 0.8981250000000001 0.2291665 0.07124999999999992 0.05833299999999997
73 0.8946875000000001 0.29625 0.04937500000000006 0.0625
73 0.8946875 0.3683335 0.02562500000000001 0.06833300000000003
73 0.9665625 0.22375 0.02937499999999993 0.05583399999999997
73 0.98 0.52625 0.036250000000000004 0.07416599999999995
73 0.983125 0.297083 0.03249999999999997 0.0675
73 0.9909375 0.45208349999999997 0.016874999999999973 0.07416700000000004
73 0.9890625 0.377083 0.010624999999999996 0.0625
73 0.9921875 0.14375 0.014375000000000027 0.06416599999999999
73 0.9934375 0.21666649999999998 0.011874999999999969 0.061667
