73 0.13718750000000002 0.3495835 0.048125 0.04083300000000001
73 0.2 0.40625 0.08499999999999999 0.03416600000000003
73 0.201875 0.3570835 0.08124999999999999 0.035833000000000004
73 0.2159375 0.5191669999999999 0.060624999999999984 0.029999999999999916
73 0.2134375 0.320417 0.05312499999999998 0.02749999999999997
73 0.21531250000000002 0.44625000000000004 0.05687499999999998 0.030833999999999973
73 0.21718749999999998 0.485417 0.050625 0.027500000000000024
73 0.36124999999999996 0.3554165 0.07 0.11583300000000002
73 0.7396875 0.31875 0.09062500000000007 0.034165999999999974
73 0.74 0.35624999999999996 0.08000000000000007 0.04083399999999998
73 0.769375 0.44499999999999995 0.08499999999999996 0.04999999999999999
73 0.7828125 0.4916665 0.05812499999999998 0.043333000000000066
73 0.7946875 0.3491665 0.04312500000000008 0.05166700000000002
73 0.7959375 0.3908335 0.02937500000000004 0.04833299999999996
73 0.7987500000000001 0.5520835 0.03500000000000003 0.035833000000000004
73 0.9025000000000001 0.6666665 0.19374999999999998 0.14833299999999994
73 0.905 0.45333350000000006 0.18874999999999997 0.10166700000000001
73 0.905625 0.5741670000000001 0.1875 0.15000000000000002
73 0.8456250000000001 0.3770835 0.053750000000000075 0.059167000000000025
73 0.9340625 0.3304165 0.130625 0.13083299999999998
