73 0.0571875 0.1291665 0.114375 0.216667
73 0.168125 0.314167 0.26499999999999996 0.16
73 0.1396875 0.5991664999999999 0.10937499999999999 0.10333300000000001
73 0.20968750000000003 0.68875 0.09937500000000002 0.14416600000000002
73 0.26968749999999997 0.8479165 0.18562499999999998 0.18416699999999997
73 0.2940625 0.722083 0.168125 0.2875
73 0.2746875 0.5554165 0.08812499999999998 0.22916700000000007
73 0.3671875 0.6479165 0.06812499999999999 0.12916700000000003
73 0.378125 0.318333 0.05125000000000002 0.11000000000000004
73 0.379375 0.49 0.048750000000000016 0.10499999999999998
73 0.47875 0.9179170000000001 0.24 0.16249999999999998
73 0.4503125 0.49916699999999997 0.051875000000000004 0.10999999999999999
73 0.4534375 0.3245835 0.05312499999999998 0.11583300000000002
73 0.5059374999999999 0.76625 0.15812499999999996 0.33416599999999996
73 0.520625 0.5595835 0.1175 0.16916700000000007
73 0.51375 0.48333349999999997 0.05125000000000007 0.05333300000000002
73 0.5221875 0.33458350000000003 0.05812500000000004 0.12583300000000003
73 0.61875 0.8825000000000001 0.15874999999999995 0.22833399999999993
73 0.5796874999999999 0.50875 0.051875000000000004 0.07750000000000001
73 0.5909375 0.3445835 0.059374999999999956 0.13083299999999998
73 0.6434375 0.5145835 0.055625000000000036 0.06916699999999998
73 0.64625 0.377917 0.03750000000000009 0.07750000000000001
73 0.9521875 0.925 0.09437499999999999 0.14833400000000008
