73 0.091875 0.769122 0.18375 0.20868799999999998
73 0.0896875 0.928706 0.179375 0.13125600000000004
73 0.103125 0.5448535 0.20625 0.21907499999999996
73 0.0903125 0.16525 0.178125 0.152974
73 0.08750000000000001 0.035883 0.165 0.071766
73 0.11687499999999999 0.3522195 0.1525 0.15486300000000003
73 0.3021875 0.7573185 0.06187500000000001 0.06798900000000008
73 0.3884375 0.9126535 0.234375 0.1728050000000001
73 0.575625 0.917375 0.14 0.163362
73 0.7134375 0.8951845 0.12312500000000004 0.207743
73 0.7262500000000001 0.094901 0.14875000000000005 0.189802
73 0.7268749999999999 0.7488195 0.08625000000000005 0.08120899999999998
73 0.905 0.8522190000000001 0.18874999999999997 0.11048200000000008
73 0.9153125 0.5118035000000001 0.16812499999999997 0.179415
73 0.9153125 0.6803589999999999 0.16812499999999997 0.13314400000000004
73 0.92625 0.0122755 0.14625 0.024551
73 0.950625 0.1293675 0.09750000000000003 0.14730900000000002
