73 0.307003 0.445055 0.03420200000000001 0.11111200000000004
73 0.31758949999999997 0.33760650000000003 0.04234500000000002 0.08913299999999996
73 0.5594465 0.37912049999999997 0.07003300000000001 0.01587299999999997
73 0.571661 0.462759 0.08794800000000003 0.024419999999999997
73 0.562704 0.3559215 0.06351799999999996 0.02808299999999997
73 0.5659609999999999 0.433455 0.06351800000000007 0.019535999999999998
73 0.5651470000000001 0.41025599999999995 0.048860000000000015 0.021977999999999998
73 0.688925 0.3803415 0.03583000000000003 0.05494500000000002
73 0.6897395 0.5671555 0.021172999999999997 0.04517700000000002
73 0.690554 0.43772849999999996 0.019544000000000006 0.04517699999999997
73 0.6995115000000001 0.3168495 0.03745900000000002 0.057386999999999966
73 0.6905535 0.5 0.013029000000000068 0.054945999999999995
73 0.7043975 0.253968 0.027687000000000017 0.04395600000000002
73 0.909609 0.5262515 0.17752400000000002 0.12698500000000007
73 0.909609 0.8247865000000001 0.17752400000000002 0.11843700000000001
73 0.9055375 0.377289 0.16612300000000002 0.12942599999999999
73 0.9104235 0.065934 0.17589500000000002 0.131868
73 0.9104235 0.223443 0.17589500000000002 0.129426
73 0.9128665 0.675214 0.17100899999999997 0.13430999999999993
73 0.916938 0.544567 0.009772000000000003 0.07325999999999999
