73 0.0525 0.36750950000000004 0.105 0.175093
73 0.053125 0.1835205 0.10625 0.18539299999999997
73 0.05375 0.5613295 0.1075 0.19756500000000005
73 0.054375 0.7485955 0.10875 0.21441900000000003
73 0.0575 0.903558 0.115 0.19101199999999996
73 0.1528125 0.925562 0.124375 0.1470039999999999
73 0.159375 0.383895 0.09624999999999999 0.134832
73 0.161875 0.242041 0.09874999999999999 0.13015
73 0.16375 0.5327715 0.0925 0.14419500000000002
73 0.16499999999999998 0.8094570000000001 0.0875 0.20505600000000002
73 0.16749999999999998 0.668539 0.09 0.15355800000000008
