73 0.2707355 0.2885415 0.100157 0.10208300000000003
73 0.27151800000000004 0.435417 0.10172200000000003 0.07499999999999996
73 0.27308299999999996 0.545833 0.07668199999999997 0.16249999999999992
73 0.252739 0.8531249999999999 0.02973400000000001 0.06874999999999998
73 0.269171 0.8125 0.059467999999999965 0.06666599999999989
73 0.307512 0.6614585 0.13615 0.197917
73 0.28169 0.7916665 0.04694799999999999 0.05833300000000008
73 0.3090765 0.7770835 0.054773000000000016 0.07083300000000003
73 0.34428800000000004 0.42083349999999997 0.081378 0.05416700000000002
73 0.33255100000000004 0.7479165 0.048514 0.054167000000000076
73 0.33959300000000003 0.5125 0.06259799999999999 0.09166599999999997
73 0.363067 0.2989585 0.056338 0.08958300000000002
73 0.41392799999999996 0.655208 0.12989 0.15625
73 0.3935835 0.5697915 0.051642999999999994 0.08541700000000008
73 0.4061035 0.4927085 0.06416299999999997 0.08541700000000002
73 0.41079849999999996 0.4114585 0.05790299999999998 0.05208299999999999
73 0.4162755 0.309375 0.03129900000000002 0.05208400000000002
73 0.445227 0.534375 0.05164400000000002 0.07291600000000004
73 0.4577465 0.4583335 0.03912300000000002 0.09166700000000005
73 0.460094 0.315625 0.021909999999999985 0.05625000000000002
73 0.4632235 0.4010415 0.025039000000000033 0.03541700000000003
73 0.5156495 0.5333335 0.10485099999999997 0.13333299999999998
73 0.4882625 0.4489585 0.028169 0.05208299999999999
73 0.489045 0.5052085000000001 0.029734000000000038 0.027083000000000024
73 0.4890455 0.321875 0.020345000000000002 0.03958400000000001
73 0.4913925 0.38958349999999997 0.025039000000000033 0.029167
73 0.5070425000000001 0.432292 0.028169 0.04375000000000001
73 0.5078244999999999 0.4947915 0.014085000000000014 0.022916999999999965
73 0.5203439999999999 0.32708349999999997 0.029734000000000038 0.04583299999999996
73 0.5195620000000001 0.385417 0.012519999999999976 0.025000000000000022
73 0.525039 0.4166665 0.02034400000000003 0.04166700000000001
73 0.525039 0.4770835 0.01095400000000002 0.04166700000000001
73 0.538341 0.41458300000000003 0.015650000000000053 0.03750000000000003
73 0.539906 0.4614585 0.00939000000000001 0.027082999999999968
73 0.5508605 0.37083299999999997 0.031298999999999966 0.024999999999999967
73 0.5500780000000001 0.32708349999999997 0.02034400000000003 0.033333
73 0.550861 0.454167 0.00939000000000001 0.025000000000000022
73 0.5516435 0.40625 0.010954999999999937 0.03749999999999998
73 0.7785599999999999 0.35625 0.03599399999999997 0.004166000000000003
73 0.809859 0.353125 0.020343999999999918 0.010416000000000036
73 0.8528955 0.35520850000000004 0.03442900000000004 0.02291700000000002
73 0.903756 0.35625 0.04538400000000009 0.029166000000000025
73 0.915493 0.3875 0.012520000000000087 0.02083400000000002
73 0.970266 0.35833349999999997 0.056338 0.033333
73 0.9741785000000001 0.3875 0.04851299999999992 0.02083400000000002
