73 0.0953125 0.2279165 0.190625 0.284167
73 0.29031250000000003 0.2495835 0.183125 0.15916699999999998
73 0.3090625 0.61625 0.138125 0.17916600000000005
73 0.324375 0.45999999999999996 0.08875 0.14833399999999997
73 0.3684375 0.6854169999999999 0.14562499999999995 0.24749999999999994
73 0.379375 0.812917 0.065 0.1725000000000001
73 0.41031249999999997 0.29791650000000003 0.07187499999999997 0.08583299999999999
73 0.4109375 0.530417 0.06812499999999999 0.14750000000000002
73 0.41218750000000004 0.41666650000000005 0.05562499999999998 0.096667
73 0.46375 0.29625 0.03749999999999998 0.07583400000000001
73 0.46875 0.480417 0.03874999999999995 0.09249999999999997
73 0.4665625 0.389583 0.029374999999999984 0.07750000000000001
73 0.6628125 0.269167 0.13312500000000005 0.09499999999999997
73 0.669375 0.39249999999999996 0.11750000000000005 0.09333399999999997
73 0.9471875000000001 0.3375 0.104375 0.08333399999999996
73 0.93875 0.2408335 0.07750000000000001 0.048333000000000015
