73 0.16125 0.5107875000000001 0.27125 0.14165100000000003
73 0.0715625 0.847092 0.08687500000000001 0.15759800000000002
73 0.1625 0.922139 0.26375 0.15384600000000004
73 0.16375 0.670263 0.26625 0.1735460000000001
73 0.1296875 0.35600350000000003 0.07312500000000001 0.12101299999999998
73 0.210625 0.366792 0.05249999999999999 0.08818000000000004
73 0.215625 0.7973735 0.0625 0.135085
73 0.269375 0.369137 0.05749999999999997 0.10975599999999996
73 0.27125 0.7781425 0.06125 0.11913699999999994
73 0.3509375 0.507505 0.04062500000000002 0.08255199999999996
73 0.3490625 0.6252345 0.034375000000000044 0.08724299999999996
73 0.3534375 0.8606945 0.04062500000000002 0.12288900000000003
73 0.4078125 0.924953 0.14687500000000003 0.14821799999999996
73 0.389375 0.7204505 0.05124999999999996 0.09568500000000002
73 0.38687499999999997 0.5028144999999999 0.04124999999999995 0.09193299999999999
73 0.390625 0.8334900000000001 0.043749999999999956 0.11163200000000006
73 0.42000000000000004 0.6106940000000001 0.03875000000000001 0.08818000000000004
73 0.4253125 0.7176359999999999 0.030625000000000013 0.093808
73 0.4278125 0.815666 0.03562500000000002 0.10600399999999999
73 0.45281249999999995 0.6069415 0.03437499999999999 0.07692299999999996
73 0.4559375 0.7973735 0.030625000000000013 0.09193299999999993
73 0.4853125 0.688555 0.03312499999999996 0.08630400000000005
73 0.4871875 0.5994375000000001 0.029374999999999984 0.07692299999999996
73 0.4865625 0.5056285 0.020625000000000004 0.07504699999999997
73 0.52125 0.850375 0.09000000000000002 0.11350799999999994
73 0.49406249999999996 0.780019 0.025624999999999953 0.08911800000000003
73 0.5084375 0.588649 0.033125000000000016 0.066604
73 0.5090625 0.502814 0.01937500000000003 0.06941799999999998
73 0.5278125 0.5070355 0.020625000000000004 0.060974999999999946
73 0.5359375 0.584897 0.02937500000000004 0.06660400000000011
73 0.5340625 0.672608 0.023125000000000062 0.06941799999999998
73 0.5546875 0.7476545 0.038124999999999964 0.0731710000000001
73 0.5553125000000001 0.6697934999999999 0.021874999999999978 0.07504699999999997
73 0.5809375 0.4282365 0.02187500000000009 0.04971900000000001
73 0.603125 0.7865854999999999 0.06374999999999997 0.09099500000000005
73 0.5821875 0.5802065000000001 0.016874999999999973 0.053470999999999935
73 0.6096874999999999 0.6472795 0.048125000000000084 0.05816099999999991
73 0.6078125000000001 0.503752 0.021874999999999978 0.06378999999999996
73 0.6159375 0.6974675 0.03312499999999996 0.057223000000000024
73 0.6215625 0.5703564999999999 0.024375000000000036 0.05816100000000002
73 0.6225 0.4357415 0.01749999999999996 0.053471000000000046
73 0.6225 0.4981235 0.015000000000000013 0.05628500000000003
73 0.655 0.49906150000000005 0.04249999999999998 0.054408999999999985
73 0.655625 0.616323 0.043749999999999956 0.065666
73 0.655625 0.562852 0.04125000000000001 0.061914000000000025
73 0.6596875 0.6801124999999999 0.038124999999999964 0.06941900000000001
73 0.6596875 0.7354594999999999 0.038124999999999964 0.08067499999999994
73 0.7012499999999999 0.7049719999999999 0.039999999999999925 0.06847999999999999
73 0.7 0.507036 0.03500000000000003 0.04596600000000001
73 0.700625 0.55394 0.036250000000000004 0.04784199999999994
73 0.70125 0.6580675 0.03249999999999997 0.05909900000000001
73 0.701875 0.447936 0.03374999999999995 0.04408999999999996
73 0.70375 0.610225 0.03499999999999992 0.040337999999999985
