73 0.02875 0.1075 0.0575 0.163334
73 0.105625 0.7275 0.21125 0.19499999999999995
73 0.105625 0.8320835 0.21125 0.334167
73 0.106875 0.5104165 0.21375 0.23583300000000001
73 0.1171875 0.8479165 0.190625 0.290833
73 0.12125000000000001 0.42333350000000003 0.18875 0.31666700000000003
73 0.1540625 0.8808335 0.101875 0.23666700000000007
73 0.3471875 0.585417 0.020625000000000004 0.0625
73 0.3490625 0.68875 0.014375000000000027 0.08250000000000002
73 0.3625 0.6991665 0.010000000000000009 0.06833299999999998
73 0.3696875 0.577917 0.014375000000000027 0.08750000000000002
73 0.3828125 0.71 0.024375000000000036 0.09833400000000003
73 0.38656250000000003 0.5733334999999999 0.014374999999999971 0.093333
73 0.4 0.719167 0.012500000000000011 0.09499999999999997
73 0.4015625 0.5700000000000001 0.015625 0.09333399999999992
73 0.419375 0.5725 0.026249999999999996 0.10499999999999998
73 0.41875 0.7275 0.016249999999999987 0.13666600000000007
73 0.4375 0.565 0.012499999999999956 0.10333399999999993
73 0.44343750000000004 0.7462500000000001 0.02437499999999998 0.139166
73 0.4509375 0.55625 0.014375000000000027 0.11416599999999999
73 0.45218749999999996 0.3445835 0.011875000000000024 0.13083299999999998
73 0.46468750000000003 0.7591665 0.023125000000000007 0.161667
73 0.4640625 0.318333 0.016874999999999973 0.155
73 0.4671875 0.545833 0.018125000000000002 0.135
73 0.4821875 0.3125 0.011874999999999969 0.13666599999999998
73 0.4828125 0.525 0.013124999999999998 0.16833400000000004
73 0.4903125 0.7749999999999999 0.020625000000000004 0.193334
73 0.5034375 0.522917 0.023125000000000007 0.17749999999999994
73 0.5003124999999999 0.267917 0.014374999999999971 0.17750000000000002
73 0.534375 0.7841670000000001 0.08250000000000007 0.20499999999999996
73 0.5196875000000001 0.252083 0.01937500000000003 0.1875
73 0.53625 0.5016665 0.04499999999999993 0.21166700000000005
73 0.558125 0.2333335 0.07374999999999998 0.19166699999999998
73 0.57375 0.4933335 0.06374999999999997 0.221667
73 0.596875 0.494167 0.029999999999999916 0.23000000000000004
73 0.6109374999999999 0.1279165 0.01937500000000003 0.235833
73 0.6678124999999999 0.834167 0.13312500000000005 0.27
73 0.625625 0.4925 0.03249999999999997 0.245
73 0.6259375 0.12416650000000001 0.015625 0.213333
73 0.6421874999999999 0.1041665 0.011874999999999969 0.208333
73 0.6525 0.879167 0.030000000000000027 0.24
73 0.6603125 0.09125 0.024375000000000036 0.1825
73 0.6778124999999999 0.8733335 0.05437499999999995 0.251667
73 0.6621874999999999 0.4675 0.020625000000000004 0.263334
73 0.6815625 0.0825 0.02562500000000001 0.165
73 0.6965625 0.881667 0.04562500000000003 0.235
73 0.6871875000000001 0.47875 0.021874999999999978 0.24416599999999994
73 0.7021875 0.075 0.015625 0.15
73 0.7134375 0.4641665 0.026875000000000093 0.26333299999999993
73 0.7690625 0.8570835 0.135625 0.28416700000000006
73 0.72375 0.0629165 0.030000000000000027 0.125833
73 0.7446875 0.0483335 0.020625000000000004 0.096667
73 0.7615624999999999 0.4270835 0.05437499999999995 0.324167
73 0.7565625 0.906667 0.03312499999999996 0.18500000000000005
73 0.7628125 0.0345835 0.02562500000000001 0.069167
73 0.7887500000000001 0.44 0.05124999999999991 0.30500000000000005
73 0.7778125 0.0266665 0.021874999999999978 0.053333
73 0.799375 0.8945835 0.036250000000000004 0.209167
73 0.8087500000000001 0.0154165 0.02749999999999997 0.030833
73 0.8896875 0.86 0.16562500000000002 0.26
73 0.8203125 0.413333 0.02187500000000009 0.3450000000000001
73 0.8353125 0.9120835 0.03562500000000002 0.17416700000000007
73 0.849375 0.3941665 0.03374999999999995 0.37833300000000003
73 0.861875 0.41500000000000004 0.032500000000000084 0.341666
73 0.8831249999999999 0.9137500000000001 0.0675 0.17083400000000004
73 0.881875 0.40208350000000004 0.026249999999999996 0.349167
73 0.9365625 0.8783335 0.05062500000000003 0.24166700000000008
73 0.923125 0.37 0.022499999999999964 0.40666599999999997
73 0.973125 0.315833 0.03500000000000003 0.505
73 0.98 0.8879170000000001 0.03875000000000006 0.22250000000000003
