73 0.0990625 0.8270975 0.198125 0.343537
73 0.1240625 0.1621315 0.201875 0.324263
73 0.29874999999999996 0.8219955 0.20124999999999998 0.34920700000000005
73 0.31375 0.1564625 0.195 0.312925
73 0.446875 0.489796 0.19249999999999995 0.340136
73 0.50375 0.829365 0.20124999999999998 0.339002
73 0.5046875 0.1621315 0.19187499999999996 0.324263
73 0.645 0.49433150000000003 0.19625000000000004 0.33560100000000004
73 0.695625 0.159864 0.1975 0.319728
73 0.7103125 0.8327665 0.21687499999999993 0.332199
73 0.84375 0.4977325 0.20875 0.34693899999999994
73 0.8825 0.164966 0.1975 0.329932
73 0.899375 0.8304990000000001 0.20000000000000007 0.336734
73 0.9659375 0.49433099999999996 0.06687500000000002 0.34467200000000003
