73 0.46218750000000003 0.060000000000000005 0.14437500000000003 0.106666
73 0.46843749999999995 0.400833 0.14937499999999998 0.09999999999999998
73 0.4659375 0.1704165 0.14187499999999997 0.110833
73 0.4678125 0.2808335 0.14312500000000006 0.10666699999999998
73 0.4709375 0.509583 0.14437499999999998 0.1175
73 0.4721875 0.614583 0.13687500000000002 0.09250000000000003
73 0.4878125 0.7145835 0.11062499999999997 0.099167
73 0.626875 0.7275 0.15625 0.10833400000000004
73 0.6275 0.516667 0.15249999999999997 0.09000000000000002
73 0.615625 0.1758335 0.12624999999999997 0.10333300000000001
73 0.629375 0.054167 0.15125 0.105
73 0.6046875 0.2883335 0.09937499999999999 0.10166700000000001
73 0.6259375 0.63125 0.13687499999999997 0.08416599999999996
73 0.7887500000000001 0.7483335 0.15499999999999992 0.10833300000000001
73 0.789375 0.5337500000000001 0.15625 0.09583400000000003
73 0.7887500000000001 0.6383335 0.15000000000000002 0.10166699999999995
73 0.7959375 0.4191665 0.161875 0.091667
73 0.7990625 0.17916700000000002 0.1656249999999999 0.1
73 0.7996875000000001 0.305833 0.166875 0.09500000000000003
73 0.80625 0.0525 0.16625 0.105
73 0.9340625 0.7525 0.130625 0.10999999999999999
73 0.9359375000000001 0.6425000000000001 0.12687499999999996 0.11333399999999993
73 0.94125 0.5375000000000001 0.11624999999999996 0.09666600000000003
73 0.9456249999999999 0.30125 0.10750000000000004 0.09916600000000003
73 0.9496875 0.1808335 0.09937499999999999 0.093333
73 0.9521875 0.0629165 0.09437499999999999 0.090833
73 0.9553125 0.421667 0.08812500000000001 0.09999999999999998
