73 0.1534375 0.34125 0.21062499999999998 0.21375
73 0.17031249999999998 0.646875 0.24437499999999998 0.26125
73 0.183125 0.916875 0.24625000000000002 0.16500000000000004
73 0.4096875 0.3540625 0.169375 0.21562499999999998
73 0.3865625 0.6428125 0.109375 0.18437499999999996
73 0.453125 0.9546875 0.19124999999999998 0.08687500000000004
73 0.46875 0.9078125 0.16749999999999998 0.16062500000000002
73 0.6078125 0.609375 0.11062499999999997 0.18625000000000003
73 0.6121875 0.3840625 0.11937500000000001 0.179375
73 0.641875 0.9059375000000001 0.16874999999999996 0.11312500000000003
73 0.75125 0.39156250000000004 0.09375 0.174375
73 0.765625 0.596875 0.11624999999999996 0.19125000000000003
73 0.9681249999999999 0.7615624999999999 0.05625000000000002 0.16937499999999994
73 0.9696875 0.405625 0.05937500000000007 0.16749999999999998
