73 0.185 0.6058334999999999 0.15125 0.166667
73 0.18875 0.4308335 0.14875 0.161667
73 0.195 0.27625 0.15125 0.130834
73 0.39468749999999997 0.52625 0.11312499999999998 0.18083399999999994
73 0.39468749999999997 0.6633335 0.11312499999999998 0.05166700000000002
73 0.401875 0.35624999999999996 0.11249999999999999 0.08416600000000002
73 0.401875 0.25125 0.10499999999999998 0.0875
73 0.43562500000000004 0.5304165000000001 0.02250000000000002 0.18416700000000008
73 0.571875 0.6675 0.11624999999999996 0.05333399999999999
73 0.575 0.2579165 0.11249999999999993 0.07416699999999998
73 0.5775 0.357083 0.11749999999999994 0.08250000000000002
73 0.5728125 0.5195835 0.10562499999999997 0.19083299999999997
73 0.770625 0.38291699999999995 0.14250000000000007 0.1175
73 0.7775 0.6058335 0.14625 0.17333299999999996
