73 0.0640625 0.088672 0.128125 0.113282
73 0.0759375 0.196875 0.151875 0.09218799999999999
73 0.080625 0.30781250000000004 0.16125 0.10781299999999999
73 0.0834375 0.4210935 0.166875 0.11562499999999998
73 0.086875 0.5285154999999999 0.1625 0.12421899999999997
73 0.07125 0.6414065 0.09999999999999999 0.12187499999999996
73 0.20656249999999998 0.1101565 0.11812500000000001 0.06406300000000001
73 0.2153125 0.19179649999999998 0.116875 0.08203099999999999
73 0.22375 0.2871095 0.12249999999999997 0.09453099999999998
73 0.2328125 0.3757815 0.12062500000000004 0.08281300000000003
73 0.24281250000000001 0.4625 0.116875 0.09843800000000003
73 0.331875 0.18320350000000002 0.09875 0.08203099999999999
73 0.3365625 0.261328 0.078125 0.08359399999999997
73 0.3528125 0.338672 0.08937500000000004 0.07109400000000005
73 0.35625 0.4160155 0.08250000000000002 0.08046900000000001
73 0.415625 0.18398399999999998 0.06375000000000003 0.06640599999999999
73 0.4240625 0.24609350000000002 0.06312499999999999 0.06718700000000002
73 0.43343750000000003 0.31367199999999995 0.07187499999999997 0.072656
73 0.50625 0.161719 0.09875000000000006 0.07031199999999999
73 0.5146875 0.232031 0.10187500000000005 0.08125000000000002
73 0.7003125 0.209766 0.25312500000000004 0.06640599999999999
73 0.6046875 0.1121095 0.04312499999999997 0.060157
73 0.644375 0.11523449999999999 0.04249999999999998 0.060157
73 0.6912499999999999 0.105859 0.03749999999999998 0.06484399999999998
73 0.7678125 0.098828 0.046875 0.064844
73 0.815 0.09453149999999999 0.04500000000000004 0.090625
73 0.86375 0.0964845 0.05499999999999994 0.074219
73 0.90375 0.0996095 0.04375000000000007 0.07421900000000001
73 0.9459375 0.108594 0.04812499999999997 0.06718800000000001
73 0.981875 0.10664100000000001 0.03500000000000003 0.071094
