73 0.26187499999999997 0.415 0.10374999999999998 0.11444399999999999
73 0.2578125 0.666667 0.08812500000000001 0.10222200000000004
73 0.26375 0.5455555 0.09999999999999998 0.10666700000000001
73 0.26875 0.7777775 0.10750000000000001 0.10666700000000007
73 0.3840625 0.538889 0.133125 0.11555599999999994
73 0.34062499999999996 0.682778 0.03875000000000001 0.125556
73 0.34750000000000003 0.7772224999999999 0.04750000000000004 0.06333299999999997
73 0.38656250000000003 0.404444 0.12312499999999998 0.12000000000000005
73 0.5275000000000001 0.3955555 0.15125 0.12444500000000003
73 0.5309375 0.5483335 0.13937499999999997 0.12111100000000002
73 0.5309375000000001 0.6905555 0.13687499999999997 0.141111
73 0.6890625 0.6983334999999999 0.17437499999999995 0.14333300000000004
73 0.6575 0.5377775 0.10624999999999996 0.14666699999999994
73 0.6603125000000001 0.382778 0.10687499999999994 0.15000000000000002
