73 0.023125 0.482126 0.04625 0.11947399999999997
73 0.1128125 0.7789275 0.225625 0.4327369999999999
73 0.14750000000000002 0.956256 0.13875 0.08560600000000007
73 0.2784375 0.5211665 0.078125 0.09407300000000002
73 0.42156249999999995 0.7055505 0.32812499999999994 0.363123
73 0.5278125 0.491063 0.23312500000000003 0.15428000000000003
73 0.538125 0.3725305 0.18749999999999994 0.07525900000000002
73 0.5284375 0.9459075 0.080625 0.10630300000000004
73 0.606875 0.5587955 0.0525000000000001 0.09595500000000001
73 0.6459375 0.862653 0.1206250000000001 0.2069620000000001
73 0.6625000000000001 0.5954845 0.05625000000000002 0.09971699999999994
73 0.7009375 0.38664149999999997 0.12812500000000004 0.09407300000000002
73 0.741875 0.509878 0.1975 0.13358400000000004
73 0.7278125 0.671684 0.09437499999999999 0.21072400000000002
73 0.7321875 0.9534335 0.09312500000000001 0.09125100000000008
73 0.7146875 0.9722485 0.024375000000000036 0.03668899999999997
73 0.8078125 0.7460015 0.08812500000000001 0.370649
73 0.9484375 0.799153 0.07937500000000008 0.39981200000000006
