73 0.0090625 0.2125 0.018125 0.15999999999999998
73 0.015625 0.6483335 0.03125 0.19166700000000003
73 0.0234375 0.9604170000000001 0.046875 0.07750000000000001
73 0.0265625 0.8541665 0.053125 0.20666700000000005
73 0.110625 0.0854165 0.1875 0.170833
73 0.113125 0.2179165 0.16875 0.204167
73 0.073125 0.42000000000000004 0.08625000000000001 0.21000000000000002
73 0.11812500000000001 0.5975 0.16125 0.20333399999999996
73 0.1228125 0.7233335 0.149375 0.20333299999999999
73 0.09937499999999999 0.7158329999999999 0.09375 0.05500000000000005
73 0.1365625 0.871667 0.166875 0.255
73 0.1525 0.4391665 0.0825 0.10666700000000001
73 0.1628125 0.9354169999999999 0.10312500000000001 0.12750000000000006
73 0.245625 0.1533335 0.09000000000000002 0.148333
73 0.24625 0.30166649999999995 0.09125 0.096667
73 0.25125000000000003 0.5225 0.08875000000000002 0.15166600000000002
73 0.2578125 0.6308335 0.08937499999999998 0.13833299999999993
73 0.2571875 0.8554165 0.083125 0.19083300000000003
73 0.3171875 0.4933335 0.04812499999999997 0.10666700000000001
73 0.3171875 0.5691665 0.04812499999999997 0.09666700000000006
73 0.31781250000000005 0.1991665 0.049375 0.098333
73 0.3190625 0.310417 0.049375 0.08250000000000002
73 0.319375 0.6345835 0.036250000000000004 0.07916699999999999
73 0.360625 0.319167 0.03875000000000001 0.065
73 0.361875 0.6074999999999999 0.03874999999999995 0.10833400000000004
73 0.36124999999999996 0.47166700000000006 0.034999999999999976 0.08500000000000002
73 0.3625 0.22625 0.03749999999999998 0.089166
73 0.3928125 0.45375 0.02562500000000001 0.07250000000000001
73 0.3965625 0.50625 0.02562500000000001 0.06750000000000006
73 0.39656250000000004 0.2504165 0.023125000000000007 0.065833
73 0.3959375 0.3208335 0.014375000000000027 0.05166700000000002
