73 0.02125 0.3204165 0.0425 0.06916699999999998
73 0.021875 0.3975 0.04375 0.058334
73 0.021875 0.4691665 0.04375 0.06333299999999997
73 0.024375 0.5616669999999999 0.04875 0.05500000000000005
73 0.021562500000000002 0.24791649999999998 0.041875 0.055832999999999994
73 0.221875 0.1870835 0.34375 0.08083300000000002
73 0.2225 0.2995835 0.34249999999999997 0.099167
73 0.22437500000000002 0.42874999999999996 0.34125 0.09916600000000003
73 0.22625 0.5441665 0.33499999999999996 0.13833300000000004
73 0.23093750000000002 0.682083 0.333125 0.12749999999999995
73 0.275625 0.37375 0.23625 0.034165999999999974
73 0.711875 0.25375 0.575 0.3225
73 0.7221875 0.95 0.5543750000000001 0.09833400000000003
