73 0.2009375 0.19208350000000002 0.05937499999999998 0.07416700000000001
73 0.284375 0.515 0.06374999999999997 0.11333400000000005
73 0.2878125 0.416667 0.06687499999999996 0.10999999999999999
73 0.280625 0.32 0.044999999999999984 0.09666600000000003
73 0.283125 0.5958334999999999 0.04749999999999999 0.10333300000000001
73 0.2865625 0.2295835 0.05437499999999995 0.08416699999999999
73 0.336875 0.260833 0.07250000000000001 0.11499999999999996
73 0.3340625 0.5733330000000001 0.05687500000000001 0.09999999999999998
73 0.3353125 0.36666699999999997 0.05937500000000001 0.09000000000000002
73 0.33999999999999997 0.45791650000000006 0.06375000000000003 0.11083300000000001
73 0.33999999999999997 0.6775 0.06124999999999997 0.10833399999999993
73 0.45125000000000004 0.35124999999999995 0.11500000000000005 0.1175
73 0.5840624999999999 0.5095835 0.07062500000000005 0.07583299999999998
73 0.5865625 0.4495835 0.05812499999999998 0.08583299999999999
73 0.5828125 0.31 0.048125000000000084 0.08999999999999997
73 0.5834375 0.3675 0.04937500000000006 0.08833400000000002
73 0.5871875 0.23583300000000001 0.05687500000000001 0.07999999999999999
73 0.656875 0.58375 0.07499999999999996 0.08916600000000008
73 0.65125 0.4054165 0.05499999999999994 0.08416699999999999
73 0.6553125 0.4975 0.06312499999999999 0.08666600000000002
73 0.6615625 0.24125000000000002 0.06562499999999993 0.07583399999999998
73 0.6565624999999999 0.320417 0.05312499999999998 0.08250000000000002
73 0.7409375 0.260833 0.06687500000000002 0.10499999999999998
73 0.7346874999999999 0.6312500000000001 0.051875000000000004 0.09083399999999997
73 0.7462500000000001 0.5529165 0.06999999999999995 0.089167
73 0.750625 0.36416649999999995 0.07624999999999993 0.10166700000000001
73 0.7746875 0.45791650000000006 0.12437500000000001 0.12083300000000002
73 0.8490625 0.72 0.06312499999999999 0.09666600000000003
73 0.85875 0.39249999999999996 0.07250000000000001 0.11333399999999999
73 0.8559375 0.618333 0.06437500000000007 0.09999999999999998
73 0.8721875 0.5095835 0.08937499999999998 0.11083299999999996
73 0.8765624999999999 0.2941665 0.09562499999999996 0.11333300000000002
73 0.9503125 0.5079165 0.023125000000000062 0.08583299999999999
73 0.9540625 0.4183335 0.02562500000000001 0.086667
73 0.9578125 0.2945835 0.020625000000000004 0.07916699999999999
