73 0.055176 0.184896 0.110352 0.065104
73 0.0625 0.2584635 0.125 0.06640700000000002
73 0.180664 0.45182300000000003 0.361328 0.32031200000000004
73 0.1791995 0.2565105 0.10644499999999998 0.06770899999999999
73 0.403809 0.1796875 0.551758 0.07031300000000001
73 0.3188475 0.25455700000000003 0.172851 0.06119800000000003
73 0.3964845 0.4791665 0.140625 0.08072899999999994
73 0.3847655 0.41341150000000004 0.04101499999999997 0.06901099999999999
73 0.39404300000000003 0.3294275 0.059569999999999956 0.075521
73 0.41699200000000003 0.25651050000000003 0.007811999999999986 0.05208300000000002
73 0.5424804999999999 0.2539065 0.23535099999999998 0.07291699999999998
73 0.5688475 0.32747400000000004 0.18261699999999997 0.05859399999999998
