73 0.1471875 0.11734699999999999 0.294375 0.161224
73 0.1471875 0.5066325 0.294375 0.18673499999999998
73 0.1484375 0.9204085 0.296875 0.15714300000000003
73 0.1496875 0.7102040000000001 0.299375 0.17959200000000008
73 0.1503125 0.305612 0.300625 0.17449
73 0.5215625 0.907143 0.424375 0.183674
73 0.5190625 0.712245 0.41437499999999994 0.17959199999999997
73 0.5209375 0.5071425 0.41812499999999997 0.16734700000000002
73 0.52 0.112245 0.40750000000000003 0.155102
73 0.5209374999999999 0.306633 0.399375 0.15
73 0.3409375 0.30867350000000005 0.008124999999999993 0.17244900000000002
73 0.8684375 0.1112245 0.26187499999999997 0.15714299999999998
73 0.8684375 0.3112245 0.26187499999999997 0.159183
73 0.8709375 0.5117345 0.25687499999999996 0.158163
73 0.8709375 0.9173469999999999 0.25687499999999996 0.16326600000000002
73 0.8715625 0.704082 0.255625 0.17551000000000005
