73 0.074375 0.365 0.05 0.09999999999999998
73 0.2625 0.719167 0.42625 0.405
73 0.08375 0.9475 0.065 0.10333400000000004
73 0.130625 0.3616665 0.08 0.10666699999999996
73 0.19 0.3720835 0.065 0.095833
73 0.24875000000000003 0.37375 0.06375 0.08916600000000002
73 0.25312500000000004 0.5316665 0.07 0.10166700000000001
73 0.3146875 0.37541650000000004 0.055625000000000036 0.07583299999999998
73 0.31718749999999996 0.5183335 0.05562499999999998 0.08666700000000005
73 0.5659375 0.51375 0.04437500000000005 0.030834000000000028
73 0.681875 0.517083 0.15749999999999997 0.07249999999999995
73 0.6812499999999999 0.6408335000000001 0.15125 0.10333300000000001
73 0.685 0.4529165 0.15499999999999992 0.07083300000000003
73 0.6840625 0.5845835 0.14812500000000006 0.07916699999999999
73 0.6868749999999999 0.38625 0.15125 0.059165999999999996
73 0.690625 0.32208349999999997 0.15125 0.07416700000000004
73 0.7203125 0.71625 0.055625000000000036 0.07416600000000007
73 0.774375 0.7345835000000001 0.06625000000000003 0.07583299999999993
73 0.7809375000000001 0.6729164999999999 0.04062500000000002 0.06416699999999997
73 0.7821875 0.5974999999999999 0.03187499999999999 0.05999999999999994
73 0.88125 0.29916699999999996 0.22999999999999998 0.09500000000000003
73 0.8840625 0.37625 0.23062499999999997 0.07583400000000001
73 0.885 0.46541699999999997 0.22750000000000004 0.08249999999999996
73 0.8828125 0.5387500000000001 0.2181249999999999 0.08750000000000002
73 0.889375 0.7004170000000001 0.02749999999999997 0.0675
73 0.9215625000000001 0.6125 0.06562499999999993 0.046665999999999985
