73 0.0749995 0.228125 0.128125 0.06041599999999997
73 0.078125 0.33854150000000005 0.121874 0.060417
73 0.084375 0.4125 0.134374 0.05416599999999999
73 0.2046875 0.2395835 0.12187500000000001 0.058332999999999996
73 0.21562499999999998 0.404167 0.11249999999999999 0.050000000000000044
73 0.214063 0.340625 0.10624999999999998 0.05208400000000002
73 0.342187 0.246875 0.125 0.05625000000000002
73 0.3390625 0.3333335 0.11562499999999998 0.04583300000000001
73 0.3406245 0.39895800000000003 0.109375 0.04375000000000001
73 0.44609350000000003 0.39375 0.10156300000000001 0.058334
73 0.4515625 0.3395835 0.09687499999999999 0.04166700000000001
73 0.45546849999999994 0.2520835 0.09218699999999996 0.05416699999999999
73 0.55 0.25833300000000003 0.08750000000000002 0.04999999999999999
73 0.5429685 0.3395835 0.07031299999999996 0.04166700000000001
73 0.55 0.4 0.084376 0.04999999999999999
