73 0.1428125 0.36069399999999996 0.058124999999999996 0.023451999999999973
73 0.2478125 0.2528145 0.03437500000000002 0.03470899999999999
73 0.45687500000000003 0.4498125 0.10625000000000001 0.17729899999999998
73 0.4934375 0.3161355 0.171875 0.163227
73 0.5140625 0.1702625 0.17687500000000006 0.136023
73 0.5390625 0.0384615 0.16312499999999996 0.076923
73 0.7971874999999999 0.45262650000000004 0.40437500000000004 0.26735500000000006
73 0.7012499999999999 0.2537525 0.19000000000000006 0.122889
73 0.8125 0.0905255 0.37375 0.181051
73 0.6940625 0.011726 0.08562499999999995 0.023452
73 0.8421875 0.284709 0.130625 0.09286999999999998
73 0.86 0.2331145 0.11749999999999994 0.051594999999999974
73 0.94125 0.272983 0.11624999999999996 0.13133199999999998
