73 0.030625 0.30736549999999996 0.06125 0.09726099999999999
73 0.060625 0.1369215 0.12125 0.088763
73 0.0646875 0.415014 0.129375 0.11803600000000003
73 0.079375 0.49527899999999997 0.15875 0.08592999999999995
73 0.23374999999999999 0.355052 0.3725 0.14542
73 0.264375 0.46033999999999997 0.28375 0.170916
73 0.2234375 0.151558 0.163125 0.09915
73 0.2965625 0.5571295 0.126875 0.05476899999999996
73 0.3721875 0.161473 0.13437500000000002 0.09065200000000001
73 0.5959375 0.1652505 0.12937500000000002 0.09442899999999999
73 0.6915625 0.4254015 0.318125 0.18602500000000005
73 0.598125 0.548631 0.028750000000000053 0.09820599999999996
73 0.69875 0.673277 0.16000000000000003 0.20963200000000004
73 0.6909375 0.5443815000000001 0.08562500000000006 0.114259
73 0.7496875000000001 0.568933 0.07562499999999994 0.12370199999999998
73 0.7949999999999999 0.5845134999999999 0.05500000000000005 0.13975499999999996
