73 0.030625 0.4261555 0.06125 0.481023
73 0.074375 0.0292905 0.14625 0.058581
73 0.065 0.47689800000000004 0.06 0.39604
73 0.1146875 0.42533 0.138125 0.492574
73 0.20156249999999998 0.32467 0.024375000000000008 0.34241
73 0.285625 0.754538 0.19250000000000003 0.489274
73 0.2734375 0.038779 0.163125 0.077558
73 0.224375 0.3263205 0.03125 0.339109
73 0.24906250000000002 0.3287955 0.025625000000000037 0.347359
73 0.2640625 0.324257 0.05562500000000001 0.35973600000000006
73 0.326875 0.306518 0.11874999999999997 0.391914
73 0.301875 0.32302 0.03249999999999997 0.367162
