73 0.4239735 0.4 0.20421700000000004 0.1825
73 0.1786905 0.53 0.25749099999999997 0.06125000000000003
73 0.189234 0.45999999999999996 0.14539400000000002 0.11249999999999999
73 0.2769145 0.555625 0.10321899999999998 0.05125000000000002
73 0.40788 0.5515625 0.12763600000000003 0.04937500000000006
73 0.4944505 0.7059375 0.269701 0.109375
73 0.664262 0.4975 0.20310800000000007 0.08875
73 0.63818 0.536875 0.10876799999999998 0.04749999999999999
73 0.653718 0.43437499999999996 0.11542799999999998 0.10249999999999998
73 0.7930075000000001 0.558125 0.22974499999999998 0.05625000000000002
73 0.8973359999999999 0.47875 0.20310799999999996 0.14999999999999997
