73 0.027604 0.2833335 0.055208 0.11388900000000002
73 0.050521 0.4416665 0.101042 0.13333300000000003
73 0.0552085 0.584028 0.110417 0.11805599999999994
73 0.0572915 0.1215275 0.114583 0.120833
73 0.3859375 0.0493055 0.259375 0.098611
73 0.39375 0.226389 0.25625 0.10555600000000001
73 0.3979165 0.39166650000000003 0.26041699999999995 0.13333299999999998
73 0.396354 0.5625 0.251042 0.14166600000000001
73 0.6494795 0.051389 0.22187500000000004 0.102778
73 0.6578125 0.2006945 0.22604099999999994 0.145833
73 0.7427085 0.34791649999999996 0.05208299999999999 0.048611000000000015
73 0.828646 0.310417 0.08020800000000006 0.040278000000000036
73 0.893229 0.0555555 0.20520799999999995 0.08611100000000001
73 0.8916665 0.197917 0.19166700000000003 0.13749999999999998
