73 0.09375 0.6175 0.1875 0.178334
73 0.1175 0.44166649999999996 0.235 0.18333299999999997
73 0.499375 0.2033335 0.99875 0.406667
73 0.499375 0.7841665 0.99875 0.4283330000000001
73 0.331875 0.6208335 0.19125 0.12833300000000003
73 0.3575 0.4566665 0.22999999999999998 0.15666700000000006
73 0.521875 0.6491665 0.22375000000000006 0.16833300000000007
73 0.5231250000000001 0.48416649999999994 0.18125000000000002 0.11833299999999997
73 0.770625 0.46166700000000005 0.32375 0.2
73 0.845 0.7133335 0.3075 0.233333
73 0.9750000000000001 0.4375 0.04749999999999999 0.23166599999999998
