73 0.075625 0.0506565 0.10499999999999998 0.101313
73 0.079375 0.347561 0.1075 0.11913600000000002
73 0.0746875 0.18761699999999998 0.095625 0.13133199999999998
73 0.084375 0.4803 0.115 0.15759800000000002
73 0.09 0.5942775 0.09625 0.11350900000000008
73 0.1984375 0.204972 0.084375 0.10787999999999998
73 0.2003125 0.0703565 0.085625 0.131333
73 0.1946875 0.3348965 0.071875 0.09756100000000001
73 0.2046875 0.445122 0.06437500000000002 0.12289
73 0.27718750000000003 0.0197 0.05312500000000003 0.0394
73 0.27531249999999996 0.199343 0.043125000000000024 0.10787999999999998
73 0.28 0.0961535 0.04750000000000004 0.098499
73 0.2875 0.308161 0.05499999999999999 0.10975600000000002
73 0.34750000000000003 0.10788 0.04250000000000004 0.09005599999999998
73 0.3465625 0.3972795 0.03187499999999999 0.089119
73 0.34781249999999997 0.4840525 0.03187500000000004 0.06191300000000005
73 0.3453125 0.033302 0.02437499999999998 0.066604
73 0.4009375 0.5895874999999999 0.08187500000000003 0.03470899999999999
73 0.395 0.30675450000000004 0.04999999999999999 0.07692300000000002
73 0.38968749999999996 0.032364 0.026875000000000038 0.064728
73 0.396875 0.2120075 0.03875000000000001 0.090057
73 0.39249999999999996 0.118668 0.027500000000000024 0.100376
73 0.394375 0.3836775 0.03125 0.080675
73 0.4475 0.1280485 0.04749999999999999 0.072233
73 0.45 0.0562855 0.05249999999999999 0.075047
73 0.485 0.574109 0.10624999999999996 0.050656000000000034
73 0.5090625 0.5281425 0.06812499999999999 0.05065700000000006
73 0.546875 0.136961 0.08499999999999996 0.06379
73 0.558125 0.0609755 0.10250000000000004 0.061912999999999996
73 0.543125 0.217636 0.05125000000000002 0.06754199999999999
73 0.5615625 0.374296 0.08062500000000006 0.065666
73 0.5596875 0.4493435 0.06937499999999996 0.05440900000000004
73 0.5671875 0.2898685 0.07937500000000008 0.080675
73 0.660625 0.1055345 0.05125000000000002 0.036585000000000006
73 0.673125 0.043152 0.07250000000000001 0.07317
73 0.7921875 0.37898699999999996 0.06562499999999993 0.09005599999999997
73 0.7996875 0.2992495 0.08062499999999995 0.08818099999999995
73 0.791875 0.2120075 0.05125000000000002 0.08255099999999999
73 0.8096875 0.034709 0.08687500000000004 0.06379
73 0.8043750000000001 0.12711050000000002 0.06625000000000003 0.07410900000000001
73 0.8128124999999999 0.46247649999999996 0.05812500000000009 0.080675
73 0.935625 0.12288949999999998 0.0625 0.078799
73 0.95375 0.0370545 0.09125000000000005 0.074109
73 0.9646875 0.382739 0.028124999999999956 0.06379000000000001
73 0.9684375000000001 0.304878 0.030625000000000013 0.08817999999999998
73 0.9728125000000001 0.2120075 0.03187499999999999 0.08255099999999999
