73 0.0335 0.5 0.067 0.33033
73 0.0345 0.150901 0.065 0.301802
73 0.14500000000000002 0.1794295 0.10400000000000001 0.292793
73 0.14200000000000002 0.5105105 0.096 0.28828899999999996
73 0.388 0.511261 0.10399999999999998 0.181682
73 0.369 0.2702705 0.055999999999999994 0.183183
73 0.42000000000000004 0.30105099999999996 0.043999999999999984 0.172672
73 0.5409999999999999 0.3078075 0.051999999999999935 0.165165
73 0.5405 0.511261 0.04300000000000004 0.18768800000000002
73 0.597 0.286036 0.050000000000000044 0.181682
73 0.601 0.5030030000000001 0.052000000000000046 0.19519600000000004
73 0.8140000000000001 0.223724 0.08799999999999997 0.24624600000000002
73 0.8140000000000001 0.5015015 0.08399999999999996 0.246247
73 0.9295 0.19519499999999998 0.11299999999999999 0.294294
73 0.9315 0.515015 0.10499999999999998 0.273274
73 0.948 0.551802 0.02399999999999991 0.07057000000000002
