73 0.0146485 0.7759125 0.029297 0.44525499999999996
73 0.125 0.6489055 0.220704 0.167883
73 0.145996 0.8160585 0.141602 0.283211
73 0.226074 0.8525545 0.108398 0.291971
73 0.35449200000000003 0.857664 0.15234399999999998 0.281752
73 0.46875 0.60146 0.328124 0.0642339999999999
73 0.5371095 0.8671530000000001 0.18945299999999993 0.26277399999999995
73 0.8041995 0.8729925000000001 0.313477 0.25109499999999996
73 0.8061525 0.5759125 0.13964900000000002 0.12992700000000001
73 0.852051 0.3357665 0.108398 0.10510900000000001
73 0.875 0.6160585000000001 0.1113280000000001 0.10802900000000004
73 0.9609375 0.3043795 0.07617099999999999 0.09197099999999997
