73 0.0405275 0.6145835 0.081055 0.203125
73 0.0439455 0.8424475 0.04296900000000001 0.171875
73 0.0703125 0.623047 0.06445300000000001 0.18359400000000003
73 0.0893555 0.811849 0.047851000000000005 0.105468
73 0.11816399999999999 0.6035155000000001 0.062499999999999986 0.20182299999999997
73 0.1469725 0.6009115 0.049805 0.20442700000000003
73 0.260254 0.5579425 0.020508000000000026 0.14192699999999997
73 0.2919925 0.576172 0.01953100000000002 0.09765599999999997
73 0.3100585 0.565104 0.016600999999999977 0.08593799999999996
73 0.325195 0.5605469999999999 0.017577999999999983 0.074218
73 0.345215 0.5625 0.01855399999999996 0.07031199999999993
