73 0.4291665 0.221875 0.11666699999999997 0.125
73 0.0520835 0.424219 0.104167 0.11093799999999998
73 0.0583335 0.5453125 0.116667 0.128125
73 0.0677085 0.0578125 0.135417 0.100001
73 0.0697915 0.3203125 0.139583 0.10312500000000002
73 0.0791665 0.189844 0.158333 0.098438
73 0.225 0.38749999999999996 0.266666 0.14375
73 0.2104165 0.2289065 0.233333 0.135937
73 0.22812500000000002 0.5187505 0.260416 0.17812500000000003
73 0.24375 0.6656255 0.27916599999999997 0.21562499999999996
73 0.28125 0.059375000000000004 0.29583400000000004 0.096876
73 0.4927085 0.43828100000000003 0.127083 0.12968800000000003
73 0.515625 0.777344 0.09791599999999995 0.12031199999999997
73 0.5447915 0.3093755 0.11458300000000005 0.11562500000000003
73 0.628125 0.2132815 0.21041600000000005 0.417187
73 0.6208335 0.434375 0.09166700000000005 0.11875000000000002
73 0.6697915 0.730469 0.08958299999999997 0.12031199999999997
73 0.6739585 0.4882815 0.08541700000000008 0.129687
73 0.8708335 0.5601565000000001 0.25416700000000003 0.13593700000000003
73 0.8739585000000001 0.46640650000000006 0.24791700000000005 0.13593700000000003
73 0.888542 0.349219 0.21875 0.11718799999999996
73 0.8927080000000001 0.216406 0.20624999999999993 0.10468799999999998
73 0.903125 0.1046875 0.18958400000000009 0.093749
