73 0.2059375 0.2648695 0.181875 0.148699
73 0.1784375 0.42704450000000005 0.03437499999999999 0.099443
73 0.22125 0.419145 0.05375000000000002 0.12267600000000001
73 0.244375 0.5743495000000001 0.095 0.13197099999999995
73 0.245625 0.175186 0.09500000000000003 0.023234000000000005
73 0.25406249999999997 0.1593865 0.085625 0.025093000000000004
73 0.2503125 0.6747209999999999 0.07062500000000002 0.061338000000000004
73 0.26 0.8861525 0.08750000000000002 0.09572500000000006
73 0.2734375 0.4289035 0.03687499999999999 0.125465
73 0.319375 0.578067 0.04749999999999999 0.13940599999999992
73 0.36406249999999996 0.15474 0.13187500000000002 0.041822
73 0.4590625 0.236524 0.321875 0.17565
73 0.3365625 0.4210035 0.06937500000000002 0.13754700000000003
73 0.3434375 0.737454 0.07937499999999997 0.14405199999999996
73 0.35843749999999996 0.8963755 0.08187499999999998 0.13847500000000001
73 0.38875 0.36663599999999996 0.04249999999999998 0.047397999999999996
73 0.5175 0.498606 0.10249999999999998 0.10873599999999994
73 0.52 0.392193 0.06874999999999998 0.076208
73 0.569375 0.5975835 0.08625000000000005 0.139405
73 0.5646875 0.9200744999999999 0.07437500000000008 0.14869900000000003
73 0.5703125 0.757435 0.07562500000000005 0.16171000000000002
73 0.59375 0.4182155 0.050000000000000044 0.135687
73 0.701875 0.9251860000000001 0.16374999999999995 0.14777000000000007
73 0.6403125000000001 0.7592935000000001 0.03187499999999999 0.15799299999999994
73 0.708125 0.22769499999999998 0.14874999999999994 0.165428
73 0.7168749999999999 0.5227695 0.16000000000000003 0.20353099999999996
73 0.6815625000000001 0.4154275 0.07187500000000002 0.15241700000000002
73 0.6959375 0.7713755 0.08062499999999995 0.15613300000000008
73 0.7215625 0.1096655 0.13187499999999996 0.05204500000000001
73 0.7581249999999999 0.39172850000000004 0.061249999999999916 0.11988899999999997
73 0.8515625 0.10362450000000001 0.130625 0.02881099999999999
73 0.9275 0.2258365 0.14375000000000004 0.15799300000000002
73 0.9709375 0.9512085 0.05687500000000001 0.09572500000000006
73 0.971875 0.806691 0.05500000000000005 0.1617099999999999
