73 0.18125 0.34579000000000004 0.10625000000000001 0.09744599999999998
73 0.185 0.4446545 0.10375000000000001 0.08893099999999998
73 0.21812499999999999 0.539262 0.16499999999999998 0.083254
73 0.1953125 0.6329235 0.078125 0.05487299999999995
73 0.335625 0.539262 0.06374999999999997 0.07946999999999999
73 0.42281250000000004 0.2067175 0.07687499999999997 0.11258299999999999
73 0.4359375 0.34673600000000004 0.09062500000000001 0.09933799999999998
73 0.519375 0.21523199999999998 0.065 0.09933800000000001
73 0.5246875 0.34200600000000003 0.075625 0.105014
73 0.5753125 0.5487225 0.028124999999999956 0.060548999999999964
73 0.6268750000000001 0.2530745 0.04749999999999999 0.10879900000000003
73 0.7221875 0.5392625 0.13312499999999994 0.09082300000000004
73 0.7190624999999999 0.6125825 0.024374999999999925 0.06717099999999998
73 0.7518750000000001 0.364238 0.07124999999999992 0.07568600000000003
73 0.7565625 0.45033100000000004 0.078125 0.07757799999999998
