73 0.0134375 0.1518275 0.026875 0.069353
73 0.0228125 0.354264 0.045625 0.08247399999999999
73 0.0459375 0.25398299999999996 0.091875 0.089972
73 0.054375 0.0477975 0.10875 0.07310299999999999
73 0.1790625 0.0524835 0.12312500000000001 0.086223
73 0.1875 0.1494845 0.13749999999999998 0.100281
73 0.15281250000000002 0.255389 0.06562500000000002 0.096532
73 0.9346875 0.058107000000000006 0.12937500000000002 0.09747
73 0.9353125 0.1658855 0.12812500000000004 0.10121899999999999
73 0.9075 0.275539 0.06999999999999995 0.089972
