73 0.09531250000000001 0.8875 0.139375 0.10166599999999992
73 0.1625 0.9695834999999999 0.15999999999999998 0.05916700000000008
73 0.185 0.8558335 0.06874999999999998 0.08666700000000005
73 0.2546875 0.828333 0.104375 0.09000000000000008
73 0.2921875 0.914167 0.161875 0.16499999999999992
73 0.324375 0.722917 0.12 0.22750000000000004
73 0.3503125 0.9833335000000001 0.08937500000000004 0.031667
73 0.41125 0.8616665 0.19500000000000006 0.15333299999999994
73 0.4875 0.6712499999999999 0.30874999999999997 0.23416599999999999
73 0.51375 0.9420835000000001 0.27125000000000005 0.11416700000000002
73 0.4728125 0.5925 0.13312500000000005 0.061666
73 0.65625 0.76 0.15625 0.10166600000000003
73 0.675 0.7404165 0.11875000000000002 0.06916699999999998
73 0.84875 0.659583 0.30125 0.14749999999999996
