73 0.041874999999999996 0.9176865000000001 0.05875 0.16240299999999996
73 0.0434375 0.740823 0.059375 0.19132400000000005
73 0.0728125 0.347052 0.094375 0.193548
73 0.06562499999999999 0.558398 0.042499999999999996 0.17352599999999996
73 0.1521875 0.3487205 0.07437499999999998 0.11902099999999999
73 0.6103125 0.1707455 0.27562500000000006 0.19688499999999998
73 0.653125 0.3932145 0.14625 0.125695
73 0.6634375 0.5689655 0.14812500000000006 0.147943
73 0.776875 0.032814 0.32875 0.065628
73 0.8659375 0.309789 0.266875 0.423804
73 0.8465625 0.708565 0.1868749999999999 0.164628
73 0.9762500000000001 0.035039 0.04625000000000001 0.070078
73 0.9762500000000001 0.6529475 0.04625000000000001 0.10678500000000002
