73 0.28125 0.3187495 0.066666 0.078125
73 0.28229150000000003 0.5046875 0.04791700000000004 0.07812499999999994
73 0.286458 0.225781 0.05625000000000002 0.060937999999999964
73 0.28437500000000004 0.584375 0.04375000000000001 0.07187600000000005
73 0.2864585 0.6789065000000001 0.039583000000000035 0.07656300000000005
73 0.29270799999999997 0.411719 0.04375000000000001 0.08593799999999996
73 0.8500000000000001 0.74375 0.29583400000000004 0.17812399999999995
73 0.8500000000000001 0.915625 0.29583400000000004 0.16562600000000005
73 0.857292 0.5570315 0.28125 0.15781299999999998
73 0.8625 0.147656 0.270834 0.157812
73 0.8656250000000001 0.345312 0.26458400000000004 0.16249999999999998
