73 0.023125 0.8766670000000001 0.04625 0.245
73 0.040625 0.49791699999999994 0.08125 0.22749999999999998
73 0.084375 0.2204165 0.16875 0.220833
73 0.073125 0.962917 0.10875 0.07250000000000001
73 0.11906249999999999 0.7575000000000001 0.11187499999999999 0.25833399999999995
73 0.1275 0.4991665 0.08750000000000001 0.261667
73 0.5278125 0.4933335 0.671875 0.276667
73 0.325625 0.49624999999999997 0.26249999999999996 0.2825
73 0.5203125 0.20125 0.645625 0.285834
73 0.38031250000000005 0.7849999999999999 0.32937500000000003 0.26833399999999996
73 0.2971875 0.9695834999999999 0.12812500000000002 0.05916700000000008
73 0.6475 0.765417 0.14374999999999993 0.24249999999999994
73 0.7775 0.96875 0.15500000000000003 0.060834000000000055
