73 0.1034375 0.5604345 0.06312500000000001 0.05193499999999995
73 0.09875 0.5042495 0.051250000000000004 0.05665700000000001
73 0.0975 0.372521 0.04375 0.05193599999999998
73 0.1003125 0.44050999999999996 0.045625 0.04438199999999998
73 0.1521875 0.3503305 0.055624999999999994 0.058545000000000014
73 0.1528125 0.434844 0.05437500000000001 0.05193599999999998
73 0.156875 0.5051935 0.056249999999999994 0.05099099999999995
73 0.16125 0.5661005 0.05249999999999999 0.06326699999999996
73 0.1759375 0.6303115 0.023125000000000007 0.040605
73 0.20875 0.3578845 0.057499999999999996 0.06987699999999997
73 0.21687499999999998 0.657224 0.06125 0.07931999999999995
73 0.215625 0.5273845 0.056249999999999994 0.05571299999999996
73 0.21625 0.4442875 0.057499999999999996 0.05571300000000001
73 0.39875 0.2752595 0.12 0.11992500000000003
73 0.40156250000000004 0.38432449999999996 0.12312499999999998 0.10198299999999999
73 0.39937500000000004 0.5118035 0.11625000000000002 0.08687499999999998
73 0.4028125 0.7242685 0.12062499999999998 0.14730900000000002
73 0.4040625 0.6128425 0.11812500000000004 0.10198300000000005
73 0.5615625 0.805949 0.19937500000000002 0.19546799999999998
73 0.5609375 0.693107 0.193125 0.15108600000000005
73 0.56875 0.2223795 0.19874999999999998 0.18224699999999996
73 0.8246875 0.877243 0.349375 0.243626
73 0.8240624999999999 0.7186025 0.34562499999999996 0.23607100000000003
73 0.8303125 0.5302169999999999 0.338125 0.17658199999999996
73 0.8309375 0.1133145 0.33687500000000004 0.226629
73 0.6734375 0.34136 0.016874999999999973 0.12370199999999998
73 0.6878125 0.335694 0.015625 0.11425799999999997
73 0.8459375 0.292729 0.306875 0.213408
