73 0.0078125 0.867969 0.015625 0.198438
73 0.021875 0.3890625 0.03125 0.171875
73 0.028125 0.1921875 0.028126000000000005 0.146875
73 0.0406245 0.698438 0.015625 0.125
73 0.042187 0.33281249999999996 0.012500000000000004 0.09062500000000001
73 0.049999499999999995 0.8734375000000001 0.028124999999999997 0.14687499999999998
73 0.0484375 0.200781 0.015625 0.098438
73 0.0578125 0.6015625 0.015625 0.1343749999999999
73 0.060156 0.325 0.020311999999999997 0.09062599999999998
73 0.06875 0.4640625 0.025 0.12812499999999993
73 0.084375 0.671875 0.028125999999999998 0.103124
73 0.170312 0.086719 0.2 0.120312
73 0.1679685 0.200781 0.17656299999999997 0.089062
73 0.19062500000000002 0.30859349999999997 0.2 0.08593699999999999
73 0.1882815 0.40937500000000004 0.18906299999999998 0.103126
73 0.192187 0.6164065000000001 0.19374999999999998 0.10781300000000005
73 0.1960935 0.513281 0.201563 0.07031199999999993
73 0.45703150000000003 0.084375 0.17656300000000003 0.10625000000000001
73 0.46171850000000003 0.0835935 0.01093700000000003 0.09531300000000001
73 0.6953125 0.30859349999999997 0.09687500000000004 0.10781299999999999
73 0.6960934999999999 0.407812 0.08593700000000004 0.08750000000000002
73 0.6953125 0.08750000000000001 0.0812489999999999 0.1
73 0.699219 0.197656 0.08593799999999996 0.10156199999999999
73 0.7023440000000001 0.6117185 0.08593799999999996 0.098437
73 0.7062505 0.50625 0.07187499999999991 0.11249999999999999
73 0.7875005 0.6710935 0.109375 0.14531300000000003
73 0.7882815000000001 0.4351565 0.10781300000000005 0.120313
73 0.7882815000000001 0.552344 0.10781300000000005 0.135938
73 0.7875 0.0632815 0.10312600000000005 0.117187
73 0.7890625 0.190625 0.1062510000000001 0.10624999999999998
73 0.8031245 0.328125 0.09062499999999996 0.12187400000000004
73 0.9164065 0.780469 0.16406300000000007 0.17343799999999998
73 0.920313 0.6148435000000001 0.15625 0.160937
73 0.91875 0.0578125 0.146876 0.115625
73 0.924219 0.1929685 0.14843800000000007 0.129687
73 0.924219 0.4750005 0.14843800000000007 0.13437500000000002
73 0.927344 0.3429685 0.1421880000000001 0.13593699999999997
