73 0.22875 0.6950000000000001 0.16500000000000004 0.11666600000000005
73 0.40812499999999996 0.0175 0.27875 0.035
73 0.395625 0.28 0.23875000000000002 0.12000000000000002
73 0.394375 0.1083335 0.22375 0.12666699999999997
73 0.318125 0.385 0.06874999999999998 0.056665999999999994
73 0.653125 0.1125 0.21624999999999994 0.101666
73 0.6799999999999999 0.015 0.16000000000000003 0.03
73 0.7206250000000001 0.2466665 0.06625000000000003 0.036667000000000005
73 0.810625 0.28 0.10375000000000001 0.10666599999999998
73 0.880625 0.1133335 0.23625000000000007 0.10333300000000001
73 0.816875 0.0125 0.09624999999999995 0.025
73 0.884375 0.30333350000000003 0.05125000000000002 0.06333300000000003
