73 0.19968750000000002 0.032364 0.199375 0.064728
73 0.18875 0.12992499999999998 0.15499999999999997 0.09287
73 0.3959375 0.031895 0.181875 0.043151999999999996
73 0.4328125 0.328799 0.14812499999999995 0.12851800000000002
73 0.45843750000000005 0.18386450000000001 0.174375 0.14258900000000002
73 0.4596875 0.4620075 0.11812500000000004 0.10600300000000007
73 0.5103125 0.7195125 0.18562500000000004 0.18198899999999996
73 0.49875 0.027673499999999997 0.034999999999999976 0.042213
73 0.6346875000000001 0.7973735 0.19562500000000005 0.24953100000000006
73 0.724375 0.164634 0.345 0.14540399999999998
73 0.6371875 0.0257975 0.08812500000000001 0.051595
73 0.6634375 0.42167 0.11812500000000004 0.113508
73 0.6615625 0.583959 0.083125 0.06097599999999992
73 0.6671875 0.298311 0.08687499999999992 0.10881799999999997
73 0.7181249999999999 0.022983 0.057499999999999996 0.04409
73 0.8049999999999999 0.0257975 0.11124999999999996 0.051595
73 0.9299999999999999 0.021576 0.13875000000000004 0.043152
73 0.948125 0.13789849999999998 0.10250000000000004 0.07692299999999999
