73 0.41166650000000005 0.5046875 0.19333300000000003 0.044375
73 0.4716665 0.555625 0.13666700000000004 0.05125000000000002
73 0.547083 0.588125 0.18250000000000005 0.06125000000000003
73 0.63125 0.6265625 0.19583400000000006 0.07687500000000003
73 0.639167 0.54875 0.18499999999999994 0.05125000000000002
73 0.7383335 0.6984375 0.318333 0.11062500000000008
73 0.7325 0.474375 0.16666599999999998 0.135
73 0.8745835 0.6565624999999999 0.19583300000000003 0.07187500000000002
73 0.863333 0.520625 0.15500000000000003 0.16874999999999996
73 0.87625 0.7809375000000001 0.10750000000000004 0.05812500000000009
73 0.96 0.5721875 0.07833400000000001 0.19312499999999994
