73 0.0178125 0.6011110000000001 0.035625 0.795556
73 0.105 0.4994445 0.21 0.998889
73 0.2534375 0.52 0.12812500000000002 0.957778
73 0.3390625 0.498889 0.07937499999999997 0.997778
73 0.44625 0.5027780000000001 0.16249999999999998 0.992222
73 0.5584375 0.4994445 0.09937499999999999 0.998889
73 0.6775 0.4994445 0.16874999999999996 0.998889
73 0.751875 0.5027780000000001 0.06125000000000003 0.992222
73 0.8140624999999999 0.4994445 0.13437500000000002 0.998889
73 0.8915625 0.498889 0.11312500000000003 0.997778
73 0.9428125 0.49888899999999997 0.0993750000000001 0.993334
73 0.9696875 0.5583335 0.05937500000000007 0.874445
