73 0.20875 0.174506 0.16375000000000003 0.121354
73 0.18562499999999998 0.278457 0.10500000000000001 0.09031
73 0.18937500000000002 0.3786455 0.07125000000000001 0.098777
73 0.1978125 0.47601150000000003 0.085625 0.10348099999999999
73 0.20468750000000002 0.5658515 0.081875 0.117591
73 0.2065625 0.6660395 0.085625 0.13358500000000006
73 0.2559375 0.20131700000000002 0.061874999999999986 0.082784
73 0.260625 0.28222 0.04500000000000001 0.07525799999999999
73 0.264375 0.364064 0.044999999999999984 0.06961399999999995
73 0.27 0.4482595 0.05374999999999999 0.098777
73 0.27125 0.5211665 0.053749999999999964 0.09407300000000002
73 0.345625 0.355597 0.08750000000000002 0.071496
73 0.3609375 0.20790199999999998 0.11812499999999998 0.065852
73 0.3471875 0.4223895 0.08437500000000003 0.07714099999999996
73 0.36312500000000003 0.278457 0.11374999999999996 0.06397
73 0.31937499999999996 0.504233 0.013749999999999984 0.07149600000000006
73 0.335625 0.42521200000000003 0.04625000000000001 0.06397000000000003
73 0.5021875 0.1890875 0.133125 0.080903
73 0.5406249999999999 0.27845699999999995 0.05874999999999997 0.07902199999999998
73 0.5553125 0.3527755 0.016874999999999973 0.07337699999999997
73 0.5853125 0.364064 0.03312500000000007 0.08466600000000002
73 0.5859375 0.3913455 0.024375000000000036 0.05456300000000003
73 0.65125 0.182032 0.14250000000000007 0.055504
73 0.6784375 0.30244550000000003 0.07062500000000005 0.04985900000000004
73 0.6840625 0.257291 0.07687500000000003 0.06679199999999996
73 0.8087500000000001 0.199436 0.16249999999999998 0.06397
73 0.8165625000000001 0.280339 0.11687499999999995 0.071496
73 0.855 0.356538 0.050000000000000044 0.06585199999999997
73 0.9234374999999999 0.3189085 0.07437499999999997 0.05268099999999998
73 0.9453125 0.257291 0.10812500000000003 0.05174000000000001
73 0.9475 0.20225749999999998 0.10375000000000001 0.054563
