73 0.22625 0.8375 0.07874999999999999 0.043333999999999984
73 0.7675000000000001 0.8091664999999999 0.07625000000000004 0.05166700000000002
73 0.79125 0.8679165 0.036250000000000004 0.02416700000000005
73 0.8371875 0.8654165 0.05062500000000003 0.029167000000000054
73 0.840625 0.8266665 0.036250000000000004 0.05833299999999997
73 0.8390625 0.7108335 0.018125000000000058 0.05166699999999991
73 0.8403125 0.755833 0.015625 0.03500000000000003
73 0.865 0.8712500000000001 0.03875000000000006 0.02749999999999997
73 0.8596874999999999 0.7541665 0.013124999999999942 0.031667
73 0.8656250000000001 0.7108335 0.01375000000000004 0.05166699999999991
73 0.8775 0.839583 0.03500000000000003 0.022499999999999964
73 0.881875 0.812917 0.03125 0.03750000000000009
73 0.8853125 0.7620835 0.021874999999999978 0.035833000000000004
73 0.903125 0.8770835 0.05500000000000005 0.025832999999999995
73 0.8859375 0.7095834999999999 0.018125000000000058 0.04083300000000001
73 0.905 0.8216665000000001 0.036250000000000004 0.05166700000000002
73 0.9296875 0.8404164999999999 0.04437500000000005 0.030833
73 0.93625 0.8841669999999999 0.03874999999999995 0.015000000000000013
73 0.9550000000000001 0.7929165 0.03500000000000003 0.06416699999999997
73 0.9625 0.8454165 0.03249999999999997 0.02083299999999999
73 0.96875 0.8912500000000001 0.040000000000000036 0.025834000000000024
73 0.9896875 0.849583 0.01937500000000003 0.022499999999999964
73 0.995 0.890417 0.008750000000000036 0.01750000000000007
