73 0.0075 0.7424999999999999 0.015 0.15333399999999997
73 0.0115625 0.59125 0.023125 0.129166
73 0.018125 0.9245835 0.03625 0.14916700000000005
73 0.0521875 0.7470829999999999 0.06812499999999999 0.13750000000000007
73 0.06625 0.59375 0.08625 0.12749999999999995
73 0.16249999999999998 0.7508334999999999 0.145 0.21166699999999994
73 0.1646875 0.61 0.140625 0.15833399999999997
73 0.176875 0.875417 0.14500000000000002 0.24750000000000005
73 0.16312500000000002 0.52125 0.06875 0.030834000000000028
73 0.2146875 0.479167 0.060624999999999984 0.040000000000000036
73 0.2334375 0.66375 0.09062500000000001 0.11416599999999999
73 0.215625 0.503333 0.03125 0.014999999999999958
73 0.2278125 0.524167 0.043125000000000024 0.019999999999999907
73 0.254375 0.7637499999999999 0.07250000000000001 0.13750000000000007
73 0.2653125 0.5575 0.084375 0.09499999999999997
73 0.2734375 0.479167 0.05687500000000001 0.040000000000000036
73 0.2628125 0.9479165 0.026874999999999982 0.06583299999999992
73 0.2796875 0.8495835 0.060624999999999984 0.14083299999999999
73 0.28875 0.61625 0.07625000000000004 0.10583399999999998
73 0.296875 0.71 0.053749999999999964 0.12
73 0.31375 0.7745835000000001 0.04624999999999996 0.11583299999999996
73 0.3209375 0.5291665000000001 0.060624999999999984 0.06166700000000003
73 0.3303125 0.5816665 0.05687500000000001 0.06666700000000003
73 0.3259375 0.655 0.04312499999999997 0.06499999999999995
73 0.3303125 0.47875 0.051875000000000004 0.03416600000000003
73 0.34062499999999996 0.714167 0.03875000000000001 0.09499999999999997
73 0.3453125 0.628333 0.029374999999999984 0.06999999999999995
73 0.36906249999999996 0.514583 0.06437500000000002 0.03749999999999992
73 0.35875 0.6720835000000001 0.028749999999999998 0.0791670000000001
73 0.38093750000000004 0.5525 0.06437500000000002 0.03833400000000009
73 0.3840625 0.59125 0.06312500000000004 0.03583400000000003
73 0.3803125 0.4795835 0.05062500000000003 0.035833000000000004
73 0.37375 0.6308335 0.02250000000000002 0.036667000000000005
73 0.41500000000000004 0.6266670000000001 0.03250000000000003 0.03500000000000003
73 0.4403125 0.47833349999999997 0.07187500000000002 0.038333000000000006
73 0.445625 0.51625 0.07999999999999996 0.030834000000000028
73 0.4446875 0.5508335 0.06312499999999999 0.031667
73 0.4446875 0.5895835 0.050624999999999976 0.03916700000000006
73 0.45625 0.6283335 0.04249999999999998 0.03833299999999995
73 0.5075 0.587917 0.07 0.03249999999999997
73 0.5125 0.5525 0.07249999999999995 0.03166599999999997
73 0.490625 0.628333 0.017500000000000016 0.03500000000000003
73 0.5196875000000001 0.5120835 0.07062500000000005 0.03916700000000001
73 0.52875 0.4758335 0.07625000000000004 0.036667000000000005
73 0.5159374999999999 0.624167 0.02937500000000004 0.040000000000000036
73 0.63375 0.8125 0.23250000000000004 0.37333400000000005
73 0.6553125 0.7858335000000001 0.244375 0.40333300000000005
73 0.6690625 0.685 0.25812499999999994 0.298334
73 0.6893750000000001 0.592917 0.27874999999999994 0.19249999999999995
73 0.59125 0.47750000000000004 0.04625000000000001 0.03666600000000003
73 0.63 0.47791700000000004 0.03125 0.03250000000000003
73 0.6715625 0.47750000000000004 0.046875 0.03666600000000003
73 0.7321875 0.5120835 0.08562500000000006 0.03916700000000001
73 0.71875 0.475 0.04249999999999998 0.038334000000000035
73 0.76125 0.5258335000000001 0.06125000000000003 0.018333000000000044
73 0.7696875 0.475833 0.059374999999999956 0.040000000000000036
73 0.8471875 0.475 0.05437500000000006 0.041666000000000036
73 0.9134375 0.4841665 0.171875 0.053332999999999964
