73 0.43062500000000004 0.2004165 0.08124999999999999 0.380833
73 0.436875 0.5595835 0.06374999999999997 0.19583299999999998
73 0.4403125 0.444167 0.05312499999999998 0.034999999999999976
73 0.5240625 0.20500000000000002 0.085625 0.375
73 0.5209375 0.5775 0.04812500000000003 0.06000000000000005
73 0.5278125 0.47708300000000003 0.051875000000000004 0.07250000000000006
73 0.5284375 0.5275000000000001 0.05312500000000009 0.056665999999999994
73 0.5253125000000001 0.6266665 0.041874999999999996 0.06166700000000003
73 0.6040625 0.554583 0.06937500000000008 0.24749999999999994
73 0.61625 0.211667 0.08374999999999999 0.375
73 0.6784375 0.6304164999999999 0.06562500000000004 0.06916700000000009
73 0.6875 0.5266665 0.07374999999999998 0.06166699999999997
73 0.6865625 0.58 0.05937500000000007 0.05166599999999999
73 0.6956249999999999 0.4458335 0.07750000000000001 0.086667
73 0.7128125000000001 0.21708349999999998 0.10062500000000008 0.385833
73 0.8200000000000001 0.27708350000000004 0.10875000000000001 0.25083300000000003
