73 0.14656249999999998 0.457667 0.141875 0.17967999999999995
73 0.28312499999999996 0.4444965 0.14375 0.12135499999999999
73 0.32218749999999996 0.341016 0.06562499999999999 0.162746
73 0.5662499999999999 0.260113 0.09750000000000003 0.09313199999999999
73 0.7096875 0.2648165 0.06687500000000002 0.11382899999999999
73 0.78125 0.863594 0.14874999999999994 0.20508000000000004
73 0.7709375 0.6914395 0.08187500000000003 0.15992499999999998
73 0.7928125 0.552211 0.06937499999999996 0.14111000000000007
73 0.8190625 0.3913455 0.08812500000000001 0.13170300000000001
73 0.8165625 0.711195 0.046875 0.161806
73 0.859375 0.734713 0.09250000000000003 0.161806
73 0.8325 0.5493885 0.036250000000000004 0.15051699999999996
73 0.8615625 0.9068674999999999 0.03937499999999994 0.1674509999999999
73 0.8896875 0.5724365 0.08562499999999995 0.16274699999999998
73 0.905625 0.40075249999999996 0.09000000000000008 0.158043
73 0.9365625 0.8301974999999999 0.06937499999999996 0.12135499999999999
73 0.9540625 0.7017875 0.07937499999999997 0.1429910000000001
73 0.9750000000000001 0.5174034999999999 0.04874999999999996 0.23706499999999997
73 0.9859375 0.8377235 0.026874999999999982 0.117591
73 0.9878125 0.7201314999999999 0.023125000000000062 0.12135499999999999
