73 0.39437500000000003 0.802917 0.16499999999999998 0.3325
73 0.1175 0.3308335 0.235 0.20666700000000002
73 0.1853125 0.9158335 0.370625 0.166667
73 0.16562500000000002 0.6745835 0.3125 0.43916700000000003
73 0.41781250000000003 0.3316665 0.295625 0.20166699999999999
73 0.465 0.5416664999999999 0.30500000000000005 0.19166699999999998
73 0.605 0.330833 0.07874999999999999 0.165
73 0.7853125 0.920417 0.286875 0.12750000000000006
73 0.694375 0.53125 0.07374999999999998 0.18416600000000005
73 0.754375 0.34791649999999996 0.18125000000000002 0.169167
73 0.6968749999999999 0.69 0.04749999999999999 0.1050000000000001
73 0.9784375000000001 0.7066669999999999 0.041874999999999996 0.10999999999999999
