73 0.21327649999999998 0.8571875 0.215631 0.04937499999999995
73 0.20951050000000002 0.43437499999999996 0.172317 0.03375
73 0.21092300000000003 0.3496875 0.169492 0.05312499999999998
73 0.23258 0.9084375 0.20904 0.04312500000000008
73 0.21468900000000002 0.3909375 0.167608 0.05312499999999998
73 0.2208095 0.47625 0.179849 0.036250000000000004
73 0.227401 0.0215625 0.17231599999999997 0.043125
73 0.2391715 0.8075 0.195857 0.0462499999999999
73 0.181262 0.086875 0.07438800000000001 0.0325
73 0.2904895 0.9834375 0.29284299999999996 0.03187499999999999
73 0.2142185 0.044062500000000004 0.13653500000000002 0.045625
73 0.17231649999999998 0.861875 0.02071500000000001 0.04250000000000009
73 0.2316385 0.3046875 0.11299500000000001 0.04812499999999997
73 0.398305 0.85375 0.154426 0.050000000000000044
73 0.40018849999999995 0.7540625000000001 0.146893 0.04437499999999994
73 0.383239 0.8084374999999999 0.103578 0.04062500000000002
73 0.408663 0.33968750000000003 0.13936000000000004 0.05312500000000003
73 0.4176085 0.395 0.15160099999999999 0.06124999999999997
73 0.4143125 0.28656250000000005 0.13935899999999996 0.049375
73 0.409134 0.2475 0.108286 0.028750000000000026
73 0.4209035 0.9053125 0.12617699999999998 0.03937500000000005
73 0.7547079999999999 0.19874999999999998 0.19303199999999998 0.06875
73 0.7419965 0.356875 0.16195900000000008 0.04249999999999998
73 0.7627120000000001 0.2521875 0.20339000000000007 0.07687500000000003
73 0.7617705 0.313125 0.19585699999999995 0.07124999999999998
73 0.759887 0.72375 0.182674 0.05624999999999991
73 0.7730699999999999 0.865 0.17325800000000002 0.05125000000000002
73 0.775424 0.7896875000000001 0.17796600000000007 0.06187500000000001
73 0.7810735 0.9299999999999999 0.17231700000000005 0.05124999999999991
73 0.7806025 0.149375 0.14689299999999994 0.065
