73 0.0246875 0.126523 0.034375 0.09934399999999999
73 0.0734375 0.1237115 0.036875 0.093721
73 0.08937500000000001 0.2675725 0.04875 0.105905
73 0.11624999999999999 0.1237115 0.04375 0.10496699999999999
73 0.14500000000000002 0.2628865 0.047500000000000014 0.11152699999999999
73 0.1675 0.125586 0.03875000000000001 0.089972
73 0.1990625 0.264761 0.044375 0.096532
73 0.21437499999999998 0.122774 0.035 0.09934399999999999
73 0.2515625 0.263824 0.04187500000000002 0.113402
73 0.3034375 0.264761 0.04812500000000003 0.10028200000000001
73 0.349375 0.2666355 0.04625000000000001 0.10777900000000001
73 0.395625 0.269447 0.03875000000000001 0.09091000000000002
73 0.4346875 0.275539 0.016874999999999973 0.089972
73 0.58125 0.3964385 0.04874999999999996 0.125585
73 0.650625 0.4044045 0.06125000000000003 0.117151
73 0.708125 0.4034675 0.05125000000000002 0.11527700000000002
73 0.7346874999999999 0.2746015 0.03437499999999993 0.08809699999999998
73 0.7884375 0.2736645 0.03937499999999994 0.089971
73 0.839375 0.269447 0.050000000000000044 0.098406
73 0.89625 0.265698 0.050000000000000044 0.09465799999999999
73 0.9512499999999999 0.264761 0.04999999999999993 0.10777799999999998
73 0.9684375000000001 0.12746 0.04062500000000002 0.09746999999999999
