73 0.010742 0.6866760000000001 0.021484 0.046852000000000005
73 0.0566405 0.6654465 0.039063 0.03660300000000005
73 0.13085950000000002 0.7942895 0.05468700000000001 0.05710100000000007
73 0.1259765 0.37042450000000005 0.04101500000000001 0.08199099999999998
73 0.132324 0.527818 0.045897999999999994 0.112738
73 0.2075195 0.7862374999999999 0.051757 0.05563700000000005
73 0.20898450000000002 0.379209 0.052735000000000004 0.11420199999999997
73 0.21337899999999999 0.5322105 0.059569999999999984 0.12152300000000005
73 0.222168 0.6771595 0.049804000000000015 0.106881
73 0.283203 0.394583 0.05859399999999998 0.112738
73 0.288574 0.533675 0.06152400000000002 0.11859400000000003
73 0.294922 0.6866765 0.072266 0.12298699999999996
73 0.30078150000000003 0.809663 0.054686999999999986 0.09077599999999997
73 0.4125975 0.599561 0.05957100000000004 0.09516799999999992
73 0.4072265 0.3718885 0.041015000000000024 0.09956100000000001
73 0.4121095 0.486823 0.05078100000000002 0.09516799999999997
73 0.47314449999999997 0.4970715 0.043944999999999956 0.09809700000000005
73 0.477051 0.363836 0.047852000000000006 0.08638400000000002
73 0.48046900000000003 0.7057100000000001 0.04492199999999996 0.07027799999999995
73 0.47949200000000003 0.606149 0.041016 0.09077600000000008
73 0.8217775 0.3433385 0.2861330000000001 0.12152299999999999
73 0.895508 0.454612 0.14257799999999998 0.112738
73 0.894043 0.557833 0.11425799999999997 0.08492
73 0.951172 0.6544655 0.02343800000000007 0.08784700000000001
73 0.987793 0.5739385 0.02050799999999997 0.055636999999999937
73 0.988281 0.6742315000000001 0.021483999999999948 0.09809699999999999
73 0.9907225 0.8125914999999999 0.016600999999999977 0.06734899999999999
73 0.9921875 0.4502195 0.011719000000000035 0.05417300000000003
73 0.9941405 0.308199 0.009765000000000024 0.08638400000000002
