73 0.184375 0.5265625 0.36875 0.42187500000000006
73 0.4273435 0.4375 0.139063 0.334376
73 0.41015650000000003 0.4476565 0.039063000000000014 0.310937
73 0.458594 0.423438 0.06718800000000003 0.26249999999999996
73 0.524219 0.5375000000000001 0.08906199999999997 0.4
73 0.6023434999999999 0.558594 0.08593700000000004 0.445312
73 0.675 0.5484375 0.09999999999999998 0.47812499999999997
73 0.7484375000000001 0.5710934999999999 0.10312500000000002 0.45468699999999995
73 0.814844 0.5476565 0.07968799999999998 0.5140629999999999
73 0.909375 0.5507815 0.115626 0.517187
73 0.965625 0.5382815 0.0625 0.542187
