73 0.1015625 0.43624999999999997 0.203125 0.32083399999999995
73 0.106875 0.28500000000000003 0.21375 0.08500000000000002
73 0.1778125 0.8683335000000001 0.355625 0.261667
73 0.2940625 0.5420834999999999 0.171875 0.13916699999999999
73 0.2525 0.39666650000000003 0.08374999999999999 0.168333
73 0.42562500000000003 0.8570835 0.30375 0.28416700000000006
73 0.40718750000000004 0.4920835 0.20687499999999998 0.24583299999999997
73 0.57875 0.8633335 0.19375000000000003 0.271667
73 0.5509375 0.43791650000000004 0.08937499999999998 0.07583299999999998
73 0.5540625 0.5441665 0.09562500000000007 0.16333299999999995
73 0.630625 0.5670835 0.08499999999999996 0.14083299999999993
73 0.795625 0.7633335 0.4075 0.47166700000000006
