73 0.028125 0.34791649999999996 0.05625 0.216667
73 0.0328125 0.6489585 0.065625 0.297917
73 0.0328125 0.8968750000000001 0.065625 0.20208400000000004
73 0.1257815 0.0708335 0.251563 0.141667
73 0.2710935 0.3145835 0.414063 0.320833
73 0.2820315 0.7770835 0.426563 0.44166700000000003
73 0.1999995 0.9333335 0.24062499999999998 0.12916700000000003
73 0.28203100000000003 0.3145835 0.11093800000000001 0.295833
73 0.9625 0.9083335 0.07187600000000005 0.17916700000000008
73 0.9703125 0.6354165 0.05625100000000005 0.308333
73 0.9750005 0.2364585 0.046875 0.285417
