73 0.162582 0.2916665 0.285948 0.04738500000000001
73 0.0490195 0.4256535 0.05555500000000001 0.076797
73 0.12091500000000001 0.517974 0.199346 0.07516400000000006
73 0.160131 0.222222 0.277778 0.055555999999999994
73 0.1021245 0.622549 0.158497 0.062092000000000036
73 0.160948 0.161765 0.276144 0.042483999999999994
73 0.375 0.153595 0.11601399999999995 0.058824
73 0.5245095 0.2614375 0.40196099999999996 0.107843
73 0.5187904999999999 0.526144 0.38398699999999997 0.06862800000000002
73 0.622549 0.155229 0.22548999999999997 0.062091999999999994
73 0.8553919999999999 0.5163395 0.24019599999999997 0.09477100000000005
73 0.861111 0.235294 0.23202599999999995 0.05882399999999999
73 0.8651960000000001 0.2908495 0.227124 0.04901899999999998
73 0.868464 0.1633985 0.220588 0.08496700000000001
