73 0.1526795 0.0721875 0.305359 0.144375
73 0.1607685 0.3478125 0.321537 0.296875
73 0.4302325 0.5965625 0.860465 0.514375
73 0.4383215 0.6865625 0.876643 0.625625
73 0.445905 0.2975 0.19413600000000003 0.21375
73 0.4489385 0.0790625 0.18806900000000004 0.158125
73 0.569262 0.2853125 0.21840200000000004 0.151875
73 0.646613 0.10781249999999999 0.14054600000000006 0.134375
73 0.7224470000000001 0.24375000000000002 0.08796799999999994 0.09875000000000003
73 0.7876645 0.1265625 0.15773499999999996 0.10812500000000001
73 0.817998 0.24625 0.074824 0.08749999999999997
73 0.860971 0.24 0.07179000000000002 0.07874999999999999
