73 0.136875 0.9148635 0.27375 0.16462900000000003
73 0.26875000000000004 0.7826905 0.20500000000000002 0.11100699999999997
73 0.3340625 0.7130765 0.17687499999999998 0.07337700000000003
73 0.36375 0.6429914999999999 0.11499999999999999 0.05550299999999997
73 0.5365625 0.745061 0.26937500000000003 0.507996
73 0.5334375 0.444967 0.06062499999999993 0.13922799999999996
73 0.6171875 0.467545 0.12312499999999993 0.15616200000000008
73 0.6109375 0.31796800000000003 0.059374999999999956 0.20507999999999998
73 0.671875 0.3941675 0.0625 0.09031100000000003
73 0.6646875 0.3043275 0.023125000000000062 0.119473
73 0.6765625 0.4520225 0.02562500000000001 0.044215000000000004
73 0.85625 0.9534335 0.245 0.09125100000000008
73 0.84875 0.7248355 0.2037500000000001 0.43555900000000003
73 0.9671875000000001 0.7248355 0.06437499999999996 0.431797
