73 0.3303125 0.5703564999999999 0.04562500000000003 0.05440900000000004
73 0.6559375000000001 0.769231 0.686875 0.459662
73 0.391875 0.47138800000000003 0.06624999999999998 0.08724200000000004
73 0.395 0.383208 0.07 0.10600399999999999
73 0.3971875 0.1435275 0.06937500000000002 0.095685
73 0.395625 0.27251400000000003 0.05874999999999997 0.10788000000000003
73 0.3996875 0.5933394999999999 0.06437500000000002 0.09662300000000001
73 0.6878124999999999 0.8864915 0.581875 0.22514100000000004
73 0.48624999999999996 0.5164165 0.10125 0.12288899999999997
73 0.4878125 0.3855535 0.08937499999999998 0.09568500000000002
73 0.4840625 0.2453095 0.07437499999999997 0.12288900000000003
73 0.7590625 0.48545949999999993 0.13937500000000003 0.18855499999999997
73 0.7590625 0.687148 0.12437500000000001 0.19043199999999993
73 0.925 0.0379925 0.14875000000000005 0.075985
73 0.925 0.36257 0.14875000000000005 0.5844280000000001
73 0.925 0.36069450000000003 0.14875000000000005 0.18855499999999997
73 0.92875 0.171201 0.14125 0.17542199999999997
73 0.9353125 0.7739215 0.12812500000000004 0.22701700000000002
73 0.9359375000000001 0.575985 0.12687499999999996 0.17636000000000002
