73 0.038912 0.3259375 0.077824 0.128125
73 0.048117 0.74875 0.096234 0.14375000000000004
73 0.216318 0.2796875 0.208368 0.11812500000000001
73 0.208368 0.5428125 0.18744800000000003 0.12437499999999996
73 0.213389 0.3871875 0.19246799999999997 0.09062500000000001
73 0.194979 0.7490625 0.076988 0.10187500000000005
73 0.373222 0.6615625 0.20585799999999999 0.11312500000000003
73 0.412134 0.8134375 0.10962400000000005 0.12312500000000004
73 0.5422595 0.6496875 0.05020899999999995 0.05812499999999998
73 0.5824265 0.7503124999999999 0.09874499999999997 0.10562499999999997
73 0.813389 0.7728125 0.23598399999999997 0.12312499999999993
73 0.8184100000000001 0.6428125 0.21757400000000005 0.10562500000000008
73 0.966527 0.7846875 0.065272 0.09937499999999999
73 0.975732 0.6453125 0.04686200000000007 0.12812499999999993
