73 0.0884375 0.9080675 0.176875 0.18198899999999996
73 0.099375 0.030019 0.19875 0.060038
73 0.1046875 0.204972 0.209375 0.197936
73 0.1053125 0.4357415 0.210625 0.18292700000000006
73 0.1065625 0.6749529999999999 0.213125 0.18105000000000004
73 0.431875 0.237336 0.4125000000000001 0.221388
73 0.356875 0.5605065 0.25749999999999995 0.24484099999999998
73 0.44 0.045966 0.40249999999999997 0.091932
73 0.5071875 0.4962475 0.034375000000000044 0.05816100000000002
73 0.7159375 0.2673545 0.13187499999999996 0.242027
73 0.7665625 0.5628515000000001 0.22312500000000002 0.23264500000000005
73 0.7471875 0.8001879999999999 0.16437499999999994 0.17260799999999998
73 0.7396875 0.0182925 0.13812499999999994 0.036585
73 0.8325 0.281895 0.12624999999999997 0.17917399999999997
73 0.91125 0.836773 0.17625000000000002 0.21200799999999997
73 0.8803125 0.0164165 0.08187500000000003 0.032833
73 0.9346875 0.586773 0.12937500000000002 0.17354599999999998
73 0.9534374999999999 0.256098 0.0893750000000001 0.23827399999999999
