73 0.5790625 0.9720835 0.104375 0.054167000000000076
73 0.5846875 0.89 0.09437499999999999 0.11166600000000004
73 0.5871875 0.7925 0.09187500000000004 0.09666600000000003
73 0.5915625 0.7066665 0.09062499999999996 0.06833299999999998
73 0.670625 0.8020835 0.08250000000000002 0.24583300000000008
73 0.7171875000000001 0.8004169999999999 0.051875000000000004 0.07750000000000001
73 0.7946875 0.8125 0.10312499999999991 0.11166600000000004
73 0.7959375 0.9199999999999999 0.10562499999999997 0.10666600000000004
73 0.7928125 0.712917 0.09687500000000004 0.08250000000000002
73 0.9246875 0.715417 0.14937500000000004 0.08750000000000002
73 0.9284375 0.8158335 0.14187499999999997 0.10833300000000001
73 0.9321875 0.933333 0.1306250000000001 0.11499999999999999
