73 0.06 0.833889 0.12 0.13666599999999995
73 0.17281249999999998 0.75 0.06437499999999999 0.16888799999999993
73 0.233125 0.767778 0.06124999999999997 0.15555600000000003
73 0.24343749999999997 0.6599999999999999 0.076875 0.09777800000000003
73 0.291875 0.726111 0.06125000000000003 0.14777800000000008
73 0.3315625 0.6905555 0.06437500000000002 0.141111
73 0.3403125 0.81 0.07687499999999997 0.07111199999999995
73 0.398125 0.8216665 0.053749999999999964 0.06555500000000003
73 0.4234375 0.6766665000000001 0.085625 0.19111099999999992
73 0.4371875 0.835 0.06812499999999999 0.06999999999999995
73 0.48843749999999997 0.7505554999999999 0.075625 0.156667
73 0.5462499999999999 0.8044445 0.057499999999999996 0.151111
73 0.59375 0.7094445 0.0625 0.13888900000000004
73 0.6178125 0.771111 0.078125 0.197778
