73 0.0165625 0.160833 0.028125 0.07
73 0.12687500000000002 0.1495835 0.11750000000000001 0.06916699999999999
73 0.130625 0.24624999999999997 0.12499999999999999 0.08249999999999999
73 0.135 0.36125 0.11374999999999999 0.08250000000000002
73 0.29874999999999996 0.23416700000000001 0.15875 0.09
73 0.30125 0.11 0.15625000000000003 0.1
73 0.308125 0.3520835 0.16 0.08416699999999999
73 0.49375 0.08625 0.19249999999999995 0.0825
73 0.500625 0.3391665 0.19624999999999998 0.093333
73 0.500625 0.2108335 0.19375000000000003 0.11166699999999999
73 0.514375 0.45958299999999996 0.16875 0.09249999999999997
73 0.651875 0.45916650000000003 0.08999999999999997 0.09833300000000006
73 0.7196875 0.0525 0.22562499999999996 0.10166599999999999
73 0.728125 0.1841665 0.24 0.126667
73 0.725625 0.31875 0.22499999999999998 0.124166
73 0.92625 0.319167 0.14625 0.10500000000000004
73 0.9309375 0.17125 0.13687499999999997 0.10583400000000001
73 0.9346875 0.03875 0.12937500000000002 0.06749999999999999
73 0.94 0.4658335 0.11875000000000002 0.11166700000000002
