73 0.0965625 0.51 0.12687500000000002 0.935
73 0.18562499999999998 0.49 0.10374999999999998 0.9750000000000001
73 0.28593749999999996 0.4995835 0.128125 0.999167
73 0.3878125 0.529583 0.09187500000000004 0.9375
73 0.4615625 0.537917 0.070625 0.9225
73 0.535 0.521667 0.07624999999999998 0.9550000000000001
73 0.6159375 0.542917 0.10812500000000003 0.9125000000000001
73 0.6809375 0.515 0.06812499999999999 0.966666
73 0.7625 0.537083 0.08625000000000005 0.9175
73 0.8065625 0.4995835 0.171875 0.999167
73 0.9321875 0.4995835 0.10812499999999992 0.999167
