73 0.8784375 0.39165099999999997 0.23062499999999997 0.31801199999999996
73 0.0403125 0.4948405 0.029375000000000002 0.045966999999999925
73 0.0528125 0.46013099999999996 0.028125000000000004 0.04596600000000001
73 0.071875 0.393996 0.04375 0.06754199999999999
73 0.0784375 0.48921200000000004 0.028124999999999997 0.05347000000000002
73 0.08906249999999999 0.455441 0.026874999999999996 0.05159399999999997
73 0.1159375 0.49015000000000003 0.024374999999999994 0.05159400000000003
73 0.120625 0.45919350000000003 0.012499999999999983 0.036585000000000034
73 0.1353125 0.4620075 0.014374999999999999 0.042213
73 0.15468749999999998 0.49765499999999996 0.024375000000000008 0.04033799999999993
73 0.15718749999999998 0.460131 0.02687500000000001 0.042213999999999974
73 0.1665625 0.3996245 0.02812500000000001 0.05628500000000003
73 0.18406250000000002 0.49390249999999997 0.019375000000000003 0.04784299999999997
73 0.1915625 0.4498125 0.026874999999999982 0.040336999999999956
73 0.204375 0.49390200000000006 0.016249999999999987 0.04409000000000002
73 0.2165625 0.40853649999999997 0.028124999999999983 0.045967000000000036
73 0.226875 0.457317 0.028749999999999998 0.047841999999999996
73 0.24093749999999997 0.491088 0.02562499999999998 0.04971800000000004
73 0.33687500000000004 0.4990615 0.09500000000000003 0.07692299999999996
73 0.32375 0.575985 0.065 0.06941799999999998
73 0.35062499999999996 0.42307700000000004 0.11874999999999997 0.07129400000000002
73 0.42281250000000004 0.5323640000000001 0.04062499999999997 0.07973799999999998
73 0.45281249999999995 0.422139 0.080625 0.06941799999999998
73 0.475 0.497655 0.05750000000000005 0.06285200000000002
73 0.5393749999999999 0.5698875 0.09999999999999998 0.06848100000000001
73 0.5546875 0.4971855 0.07937499999999997 0.07317099999999999
73 0.556875 0.424015 0.057499999999999996 0.065666
73 0.6040625 0.435272 0.021874999999999978 0.050656000000000034
73 0.6553125 0.4939025 0.06562499999999993 0.06285099999999999
73 0.6553125 0.5670729999999999 0.06562499999999993 0.066604
73 0.6637500000000001 0.42401500000000003 0.0824999999999999 0.07317000000000001
73 0.7528125 0.457317 0.01937499999999992 0.20919400000000005
