73 0.23843750000000002 0.1604165 0.364375 0.320833
73 0.2446875 0.348333 0.364375 0.5
73 0.24874999999999997 0.697917 0.35375 0.6025
73 0.29375 0.736667 0.26625 0.525
73 0.3675 0.9666669999999999 0.11875000000000002 0.06500000000000006
73 0.3865625 0.8720835 0.104375 0.08416699999999999
73 0.6956249999999999 0.72125 0.35875 0.549166
73 0.7615625 0.7004165 0.47562499999999996 0.5908329999999999
73 0.7646875 0.1595835 0.469375 0.319167
73 0.7646875 0.5729165 0.469375 0.40083300000000005
73 0.765625 0.2175 0.4675 0.33
