73 0.1488815 0.04243 0.09073500000000001 0.08486
73 0.5277955 0.189971 0.12268300000000004 0.09643200000000002
73 0.543131 0.7536165 0.08690000000000003 0.11089700000000002
73 0.5437695 0.8283510000000001 0.085623 0.12729000000000001
73 0.5450475 0.672131 0.085623 0.10221800000000003
73 0.5456865 0.9074249999999999 0.086901 0.11957600000000002
73 0.5476035 0.4315335 0.09073500000000001 0.07425300000000001
73 0.5488815 0.27579549999999997 0.09073500000000001 0.06364500000000001
73 0.5495205000000001 0.3519765 0.08945700000000001 0.06943099999999996
73 0.5527155 0.513018 0.083067 0.07328799999999996
73 0.5571885000000001 0.5949855 0.07156499999999999 0.07521699999999998
73 0.7840255 0.9161045 0.15846700000000002 0.052073000000000036
73 0.7833865 0.877049 0.15591100000000002 0.07039600000000001
