73 0.22265649999999998 0.5786135 0.011719000000000007 0.0751949999999999
73 0.23974600000000001 0.5805665 0.020508 0.06542899999999996
73 0.26123050000000003 0.5800784999999999 0.018555000000000044 0.07421899999999992
73 0.2802735 0.584473 0.015625 0.08300799999999997
73 0.2973635 0.5771485000000001 0.012695000000000012 0.066407
73 0.313965 0.5771485000000001 0.016602000000000006 0.07226499999999991
73 0.33251949999999997 0.5805665 0.008788999999999991 0.07324299999999995
73 0.3461915 0.5834965000000001 0.012695000000000012 0.07128900000000005
73 0.366211 0.5825199999999999 0.013672000000000017 0.06933599999999995
73 0.3828125 0.5825195000000001 0.029297000000000017 0.08300699999999994
73 0.4047855 0.5849605 0.012695000000000012 0.078125
73 0.419922 0.5805659999999999 0.013672000000000017 0.08691400000000005
73 0.438477 0.5869145 0.017577999999999983 0.078125
73 0.4604495 0.5825195000000001 0.02636700000000003 0.08300699999999994
