73 0.0887635 0.35950000000000004 0.09640900000000001 0.044999999999999984
73 0.0914225 0.4085 0.09906899999999999 0.034999999999999976
73 0.100399 0.45599999999999996 0.09840400000000002 0.035999999999999976
73 0.068816 0.512 0.03125 0.040000000000000036
73 0.08078450000000001 0.5515 0.021941000000000002 0.04299999999999993
73 0.17852400000000002 0.3655 0.08577199999999999 0.025000000000000022
73 0.181516 0.4075 0.077128 0.032999999999999974
73 0.18683499999999997 0.4505 0.077128 0.03699999999999998
73 0.1908245 0.4945 0.07446900000000001 0.03700000000000003
73 0.1805185 0.539 0.05119699999999999 0.04400000000000004
73 0.22373700000000002 0.5315000000000001 0.016621999999999998 0.029000000000000026
73 0.2516625 0.3655 0.06316500000000003 0.025000000000000022
73 0.2549865 0.4075 0.064495 0.02899999999999997
73 0.257979 0.4485 0.0625 0.03300000000000003
73 0.258644 0.484 0.06117 0.03799999999999998
73 0.262633 0.5215000000000001 0.061169999999999974 0.03700000000000003
73 0.298205 0.3645 0.01928200000000002 0.02300000000000002
73 0.3171545 0.47550000000000003 0.05319099999999999 0.024999999999999967
73 0.3164895 0.5075000000000001 0.046543 0.031000000000000028
73 0.334109 0.3665 0.01928200000000002 0.027000000000000024
73 0.33377650000000003 0.39349999999999996 0.014627000000000001 0.030999999999999972
73 0.36469399999999996 0.4685 0.04188799999999998 0.030999999999999972
73 0.366689 0.39649999999999996 0.045877999999999974 0.020999999999999963
73 0.35305850000000005 0.425 0.017286999999999997 0.014000000000000012
73 0.3656915 0.4455 0.04255299999999995 0.027000000000000024
73 0.3663565 0.3655 0.04388299999999995 0.029000000000000026
73 0.3833115 0.4205 0.01263299999999995 0.019000000000000017
73 0.4029255 0.4415 0.02925500000000003 0.02300000000000002
73 0.4089095 0.4175 0.038563000000000014 0.02100000000000002
73 0.4082445 0.3945 0.03457500000000002 0.02100000000000002
73 0.4095745 0.3715 0.03457500000000002 0.03300000000000003
73 0.508976 0.4375 0.02061200000000002 0.031000000000000028
73 0.518617 0.399 0.03723399999999999 0.033999999999999975
73 0.5103059999999999 0.47050000000000003 0.015291999999999972 0.02699999999999997
73 0.51496 0.36150000000000004 0.01928200000000002 0.03699999999999998
73 0.5571805 0.53 0.07047899999999996 0.05400000000000005
73 0.5359039999999999 0.3645 0.010638000000000036 0.02300000000000002
73 0.5359045 0.4375 0.007978999999999958 0.039000000000000035
73 0.556516 0.5065 0.04122399999999993 0.025000000000000022
73 0.5538565 0.4365 0.030584999999999973 0.03700000000000003
73 0.565492 0.357 0.053855999999999904 0.04999999999999999
73 0.5648275 0.39449999999999996 0.049866999999999995 0.04099999999999998
73 0.5648275 0.483 0.049866999999999995 0.03199999999999997
73 0.5718084999999999 0.6105 0.0412229999999999 0.03300000000000003
73 0.588763 0.4425 0.017951999999999968 0.029000000000000026
73 0.6166885 0.4425 0.06183499999999997 0.03700000000000003
73 0.6146940000000001 0.35550000000000004 0.05252599999999996 0.02899999999999997
73 0.6186834999999999 0.405 0.06050499999999992 0.033999999999999975
73 0.616689 0.484 0.053856000000000015 0.03799999999999998
73 0.610372 0.5205 0.03856400000000004 0.04300000000000004
73 0.640625 0.5305 0.01130399999999998 0.031000000000000028
73 0.6835105 0.5409999999999999 0.07180900000000001 0.04399999999999993
73 0.6765289999999999 0.4475 0.05518600000000007 0.04299999999999998
73 0.6841755 0.4965 0.07047900000000007 0.041000000000000036
73 0.6821809999999999 0.401 0.06382999999999994 0.033999999999999975
73 0.6908245 0.348 0.075797 0.03199999999999997
73 0.715758 0.4515 0.020612000000000075 0.034999999999999976
73 0.7443485000000001 0.5505 0.049866999999999995 0.040999999999999925
73 0.7380315 0.5005 0.03191500000000003 0.049000000000000044
73 0.747008 0.44999999999999996 0.03922800000000004 0.043999999999999984
73 0.776263 0.4 0.09375 0.043999999999999984
73 0.778258 0.33799999999999997 0.09508000000000005 0.043999999999999984
73 0.7732715 0.511 0.027924999999999978 0.030000000000000027
73 0.7978725 0.46099999999999997 0.043883000000000005 0.045999999999999985
73 0.800864 0.513 0.029919999999999947 0.038000000000000034
73 0.8277924999999999 0.5535 0.023936999999999986 0.030999999999999917
73 0.8434174999999999 0.511 0.049866999999999995 0.05400000000000005
73 0.831782 0.45199999999999996 0.023935999999999957 0.064
73 0.8464095 0.4 0.035904999999999965 0.043999999999999984
73 0.8537235 0.3325 0.03457500000000002 0.04899999999999999
73 0.869016 0.46199999999999997 0.04255399999999998 0.04799999999999999
73 0.877992 0.402 0.021941999999999906 0.043999999999999984
73 0.8959440000000001 0.3315 0.029920000000000058 0.056999999999999995
73 0.915891 0.45499999999999996 0.05651600000000001 0.062
73 0.90758 0.397 0.0372340000000001 0.03799999999999998
73 0.929854 0.3325 0.03125 0.04899999999999999
73 0.9421539999999999 0.399 0.02393600000000007 0.033999999999999975
