73 0.102124 0.21813749999999998 0.204248 0.12254899999999999
73 0.102124 0.4256535 0.204248 0.15522900000000006
73 0.109477 0.6838234999999999 0.218954 0.266339
73 0.143791 0.8415035 0.287582 0.3137249999999999
73 0.590686 0.4281045 0.772876 0.11111099999999996
73 0.602941 0.5825165 0.7908499999999999 0.10947700000000005
73 0.598856 0.26388900000000004 0.756536 0.08660200000000001
73 0.599673 0.11274500000000001 0.754902 0.07843200000000002
73 0.254902 0.874183 0.05228800000000003 0.07516400000000001
73 0.63317 0.7336605 0.7303919999999999 0.1274510000000001
73 0.3227125 0.869281 0.076797 0.11111199999999999
73 0.72549 0.8856205 0.545752 0.13071900000000003
