73 0.024375 0.086304 0.04875 0.172608
73 0.0290625 0.2668855 0.058125 0.11913700000000002
73 0.0553125 0.5004689999999999 0.110625 0.16791799999999996
73 0.0634375 0.381332 0.126875 0.13227
73 0.17500000000000002 0.0924015 0.2625 0.182927
73 0.1990625 0.2790805 0.24062500000000003 0.12476500000000001
73 0.1478125 0.44090050000000003 0.125625 0.090057
73 0.18625000000000003 0.3785175 0.15125000000000002 0.12288900000000003
73 0.474375 0.097561 0.31125 0.195122
73 0.47250000000000003 0.29643549999999996 0.30624999999999997 0.15947499999999998
73 0.79625 0.4948405 0.3474999999999999 0.19043100000000002
73 0.8134375 0.324109 0.36687499999999995 0.19605999999999998
73 0.8146875 0.1252345 0.369375 0.216697
73 0.785625 0.693246 0.26249999999999996 0.168856
