73 0.11 0.0584795 0.06625 0.110275
73 0.19593750000000001 0.221387 0.226875 0.11528799999999997
73 0.173125 0.078112 0.07624999999999998 0.09774400000000001
73 0.2621875 0.43024249999999997 0.07312500000000002 0.04177099999999995
73 0.3003125 0.38680000000000003 0.015625 0.115288
73 0.35625 0.38596450000000004 0.07874999999999999 0.11695899999999998
73 0.3271875 0.5655805 0.015625 0.11194700000000002
73 0.361875 0.726817 0.07750000000000001 0.12364199999999992
73 0.3996875 0.893066 0.14562499999999995 0.12197199999999997
73 0.39156250000000004 0.9461155 0.05437500000000001 0.03258099999999997
73 0.4471875 0.096491 0.14687499999999998 0.086048
73 0.421875 0.4269005 0.040000000000000036 0.045113000000000014
73 0.4559375 0.417711 0.03562500000000002 0.050126000000000004
73 0.5009375 0.70802 0.09812500000000002 0.144528
73 0.4959375 0.943609 0.051875000000000004 0.027568000000000037
73 0.4984375 0.246032 0.04937499999999995 0.08939000000000002
73 0.503125 0.551796 0.04999999999999993 0.08437799999999995
73 0.531875 0.8909775 0.03875000000000006 0.09774499999999997
73 0.6128125 0.107352 0.186875 0.10108600000000001
73 0.6028125 0.2522975 0.14437500000000003 0.098579
73 0.6178125 0.4001675 0.15312499999999996 0.10860500000000001
73 0.62625 0.585631 0.16500000000000004 0.05179599999999995
73 0.566875 0.7130325 0.03125 0.08270699999999997
73 0.5996874999999999 0.7230574999999999 0.05062500000000003 0.07936500000000002
73 0.6468750000000001 0.675856 0.04625000000000001 0.04344199999999998
73 0.861875 0.122389 0.04874999999999996 0.092732
73 0.9428125 0.14076850000000002 0.11312500000000003 0.08604900000000001
73 0.9293750000000001 0.28989149999999997 0.03500000000000003 0.046782999999999964
73 0.9584375 0.4089395 0.08187500000000003 0.091061
73 0.9503125 0.5146200000000001 0.06062499999999993 0.051796000000000064
73 0.968125 0.683793 0.0625 0.09273200000000004
73 0.97 0.281537 0.03874999999999995 0.06349199999999997
73 0.989375 0.28153700000000004 0.010000000000000009 0.066834
73 0.995625 0.2744365 0.007500000000000062 0.067669
