73 0.599479 0.7010955000000001 0.188542 0.291079
73 0.24895799999999998 0.7660405 0.14375 0.12050099999999997
73 0.2333335 0.9233175 0.10208299999999998 0.08137700000000003
73 0.2572915 0.635368 0.135417 0.10328599999999999
73 0.48333349999999997 0.9726135 0.07708299999999996 0.03599299999999994
73 0.5953124999999999 0.9874805 0.13437500000000002 0.021908999999999956
73 0.5953125 0.93662 0.13229099999999994 0.07668199999999992
73 0.7104165 0.4921755 0.09166699999999994 0.11424099999999998
73 0.7239585 0.637715 0.0791670000000001 0.09859200000000001
73 0.8354165 0.7856025 0.291667 0.10328700000000002
