73 0.0125 0.0394445 0.025 0.078889
73 0.1371875 0.09111100000000001 0.08312499999999999 0.097778
73 0.1565625 0.0105555 0.029375000000000012 0.021111
73 0.2384375 0.0383335 0.070625 0.076667
73 0.240625 0.1355555 0.058750000000000024 0.091111
73 0.3353125 0.342222 0.213125 0.10000000000000003
73 0.3353125 0.77 0.213125 0.197778
73 0.3359375 0.6683330000000001 0.21437499999999998 0.15000000000000002
73 0.3365625 0.4577775 0.215625 0.093333
73 0.339375 0.562778 0.21000000000000002 0.12999999999999995
73 0.3103125 0.081667 0.03187499999999999 0.07
73 0.321875 0.1711115 0.044999999999999984 0.088889
73 0.3403125 0.08666650000000001 0.030625000000000013 0.075555
73 0.345 0.0166665 0.03750000000000003 0.033333
73 0.44375 0.9033335 0.21999999999999997 0.11333300000000002
73 0.40312499999999996 0.125 0.048750000000000016 0.07444400000000001
73 0.39937500000000004 0.2216665 0.03375 0.045554999999999984
73 0.401875 0.042222 0.036250000000000004 0.077778
73 0.45125 0.017778 0.04249999999999998 0.035556
73 0.4478125 0.173889 0.030625000000000013 0.063334
73 0.4478125 0.0816665 0.028124999999999956 0.065555
73 0.454375 0.245 0.03875000000000001 0.063334
73 0.6209375 0.2044445 0.28437500000000004 0.408889
73 0.5543750000000001 0.5783335000000001 0.06625000000000003 0.07444499999999998
73 0.5578125 0.6411115000000001 0.073125 0.09111100000000005
73 0.555 0.5216665 0.0625 0.05666700000000002
73 0.55625 0.39722199999999996 0.06499999999999995 0.05444399999999999
73 0.5575 0.462222 0.06499999999999995 0.057777999999999996
73 0.649375 0.467222 0.03500000000000003 0.02999999999999997
73 0.6484375 0.597222 0.030624999999999902 0.05222199999999999
73 0.65 0.552778 0.03374999999999995 0.050000000000000044
73 0.65125 0.425 0.03125 0.03222199999999997
73 0.65125 0.5105555 0.03125 0.03888900000000001
73 0.6984375 0.5327775 0.015625 0.043333000000000066
73 0.701875 0.568333 0.018750000000000044 0.03222199999999997
73 0.699375 0.46499999999999997 0.011249999999999982 0.034443999999999975
73 0.7 0.5 0.012500000000000067 0.035555999999999977
73 0.7024999999999999 0.430556 0.015000000000000013 0.030000000000000027
73 0.7384375000000001 0.4772225 0.013124999999999942 0.11888900000000002
73 0.8209375 0.401111 0.046875 0.066666
