73 0.1154165 0.4515625 0.230833 0.128125
73 0.1454165 0.0978125 0.290833 0.193125
73 0.1770835 0.3053125 0.354167 0.19437500000000002
73 0.3241665 0.7146875 0.648333 0.569375
73 0.4566665 0.0884375 0.32333300000000004 0.176875
73 0.611667 0.2965625 0.40499999999999997 0.20187500000000003
73 0.806667 0.8459375 0.385 0.254375
73 0.81125 0.5625 0.375834 0.24750000000000005
73 0.8895835000000001 0.306875 0.15916699999999995 0.18125000000000002
73 0.9154169999999999 0.3003125 0.15249999999999997 0.188125
