73 0.4996875 0.5 0.999375 0.9981199999999999
73 0.3296875 0.7781955 0.271875 0.383459
73 0.6428125 0.822838 0.373125 0.26409800000000005
73 0.4971875 0.7330825 0.07937499999999997 0.16541300000000003
73 0.653125 0.843985 0.30125 0.3101499999999999
73 0.549375 0.712876 0.05500000000000005 0.09492400000000001
73 0.580625 0.6828004999999999 0.05124999999999991 0.11560099999999995
73 0.625 0.692669 0.04499999999999993 0.08458600000000005
73 0.8215625 0.899906 0.07937499999999997 0.10244399999999998
73 0.9143749999999999 0.741541 0.17000000000000004 0.298872
