73 0.146875 0.407083 0.26499999999999996 0.09249999999999997
73 0.15125 0.5549999999999999 0.25375000000000003 0.10333399999999993
73 0.13375 0.7275 0.18 0.09999999999999998
73 0.24875 0.7420835 0.08124999999999999 0.060832999999999915
73 0.425 0.43000000000000005 0.27874999999999994 0.11166599999999999
73 0.42000000000000004 0.77125 0.26375 0.09749999999999992
73 0.42375 0.5925 0.26625 0.10499999999999998
73 0.5678125 0.3508335 0.03437499999999993 0.211667
73 0.65625 0.7050000000000001 0.1937500000000001 0.12
73 0.6684375 0.537917 0.20562499999999995 0.11749999999999994
73 0.6840625 0.38125 0.20062500000000005 0.14083399999999996
73 0.9078125 0.72875 0.18312499999999998 0.124166
73 0.9084375 0.4095835 0.181875 0.13916699999999999
73 0.9143749999999999 0.5620835 0.17000000000000004 0.13083299999999992
