73 0.0141665 0.5925 0.028333 0.08750000000000002
73 0.0175 0.521875 0.035 0.03875000000000006
73 0.0325 0.359375 0.065 0.03874999999999995
73 0.0458335 0.44375 0.091667 0.02999999999999997
73 0.065833 0.6018749999999999 0.08499999999999999 0.061249999999999916
73 0.096667 0.505625 0.12 0.06125000000000003
73 0.12666650000000002 0.5956250000000001 0.07333300000000001 0.07625000000000004
73 0.148333 0.42562500000000003 0.1 0.058750000000000024
73 0.1325 0.35 0.065 0.034999999999999976
73 0.18916650000000002 0.595625 0.09833299999999998 0.06374999999999997
73 0.2341665 0.49875 0.09166700000000003 0.07500000000000001
73 0.231667 0.4325 0.06999999999999998 0.05249999999999999
73 0.2975 0.341875 0.14833400000000002 0.04125000000000001
73 0.2491665 0.599375 0.03833299999999998 0.06624999999999992
73 0.3016665 0.298125 0.13333300000000003 0.058750000000000024
73 0.295833 0.24062499999999998 0.10500000000000001 0.06625
73 0.37083350000000004 0.6018749999999999 0.08166699999999999 0.06375000000000008
73 0.3941665 0.405 0.07166699999999998 0.09000000000000002
73 0.3958335 0.49624999999999997 0.06833299999999998 0.07
73 0.5525 0.596875 0.09166600000000003 0.09625000000000006
73 0.549167 0.506875 0.06500000000000006 0.05625000000000002
73 0.5816665000000001 0.6087499999999999 0.093333 0.0675
73 0.5991664999999999 0.39375000000000004 0.07166700000000004 0.05499999999999999
73 0.6041665 0.51375 0.06833300000000009 0.034999999999999976
73 0.7108335 0.28875 0.05833299999999997 0.04749999999999999
73 0.935 0.41500000000000004 0.08999999999999997 0.08749999999999997
73 0.934167 0.5225 0.05500000000000005 0.11249999999999999
