73 0.0590625 0.7781955 0.118125 0.07142900000000008
73 0.0725 0.794173 0.145 0.07330799999999993
73 0.061875 0.850094 0.1225 0.03853400000000007
73 0.0690625 0.7044174999999999 0.13687500000000002 0.10244299999999995
73 0.035 0.5216165 0.06625 0.048873
73 0.038125 0.643797 0.06999999999999999 0.07706800000000003
73 0.10343750000000002 0.517857 0.07062500000000001 0.06014999999999998
73 0.1046875 0.640038 0.06562500000000002 0.05075199999999991
73 0.109375 0.48966149999999997 0.04625000000000001 0.018797000000000008
73 0.183125 0.7894734999999999 0.14750000000000002 0.07142900000000008
73 0.28218750000000004 0.7401314999999999 0.03562499999999996 0.042293000000000025
73 0.3628125 0.665883 0.140625 0.1005640000000001
73 0.45781249999999996 0.7528195 0.06937500000000002 0.09774499999999997
