73 0.35843749999999996 0.6144465 0.080625 0.10506499999999996
73 0.6637500000000001 0.8100375 0.67125 0.37804899999999997
73 0.424375 0.620075 0.04625000000000001 0.06379000000000001
73 0.514375 0.478424 0.20750000000000002 0.15009400000000006
73 0.5137499999999999 0.344747 0.20375 0.10975600000000002
73 0.44062500000000004 0.1805815 0.04999999999999999 0.104127
73 0.448125 0.0361165 0.06 0.072233
73 0.49250000000000005 0.1871485 0.05375000000000002 0.098499
73 0.508125 0.041276 0.05250000000000005 0.082552
73 0.543125 0.192777 0.05249999999999999 0.09099400000000002
73 0.5659375 0.045966 0.06062499999999993 0.091932
73 0.595 0.194653 0.05125000000000002 0.094746
73 0.62625 0.048780500000000004 0.05249999999999999 0.090057
73 0.64375 0.19277650000000002 0.05125000000000002 0.10225100000000001
73 0.685 0.0581615 0.04500000000000004 0.097561
73 0.736875 0.0694185 0.04625000000000001 0.093809
73 0.788125 0.0830205 0.04625000000000001 0.09099499999999999
73 0.833125 0.075516 0.05125000000000002 0.109756
73 0.8825000000000001 0.060975499999999995 0.04250000000000009 0.091933
73 0.9240625 0.043152 0.038124999999999964 0.086304
73 0.9624999999999999 0.031426 0.04874999999999996 0.062852
73 0.996875 0.323171 0.0050000000000000044 0.11163200000000001
