73 0.0983335 0.7784375 0.11333299999999999 0.193125
73 0.09625 0.6034375 0.09583399999999999 0.16062500000000002
73 0.23791649999999998 0.9359375000000001 0.239167 0.12437500000000001
73 0.2358335 0.639375 0.216667 0.24624999999999997
73 0.2566665 0.8315625 0.198333 0.22687499999999994
73 0.3170835 0.4284375 0.04583300000000001 0.213125
73 0.46125 0.4575 0.25749999999999995 0.24750000000000005
73 0.46625000000000005 0.8884375 0.23916600000000005 0.22187500000000004
73 0.5545834999999999 0.1525 0.08416699999999999 0.27999999999999997
73 0.7666665 0.7659374999999999 0.36166699999999996 0.3481249999999999
73 0.7783335 0.48906249999999996 0.37166699999999997 0.294375
73 0.7620834999999999 0.93125 0.32083300000000003 0.13624999999999998
73 0.801667 0.16125 0.395 0.28
