73 0.5775 0.0870835 0.2725 0.174167
73 0.725 0.879167 0.5487500000000001 0.24
73 0.4796875 0.595 0.055624999999999925 0.276666
73 0.51625 0.5966665 0.09000000000000002 0.318333
73 0.5490625 0.599583 0.05812499999999998 0.2825
73 0.5625 0.5754170000000001 0.03875000000000006 0.28250000000000003
73 0.59125 0.6483334999999999 0.04874999999999996 0.156667
73 0.6084375 0.6208335 0.06062500000000004 0.19166700000000003
73 0.629375 0.5916665 0.08875 0.266667
73 0.6609375 0.60625 0.07437499999999997 0.24083399999999994
73 0.7046874999999999 0.5933335 0.09562499999999996 0.253333
73 0.764375 0.6029165 0.10624999999999996 0.27583299999999994
73 0.7815625 0.575833 0.130625 0.305
73 0.7653125000000001 0.2408335 0.018125000000000058 0.268333
73 0.8009375000000001 0.2529165 0.06312499999999999 0.230833
73 0.8421875 0.5820835 0.13312499999999994 0.28916699999999995
73 0.8546875 0.2041665 0.09062500000000007 0.308333
73 0.8584375 0.56625 0.09312500000000001 0.23083400000000004
73 0.88625 0.5570835 0.07125000000000004 0.17083299999999996
73 0.90125 0.5829165000000001 0.10125000000000006 0.30416699999999997
73 0.9234375 0.2383335 0.09812500000000002 0.25666700000000003
73 0.95875 0.229583 0.04749999999999999 0.23249999999999998
73 0.9806250000000001 0.2479165 0.03749999999999998 0.269167
