73 0.024375 0.025 0.04875 0.05
73 0.0346875 0.1383335 0.069375 0.111667
73 0.0384375 0.2866665 0.076875 0.12166699999999997
73 0.17531249999999998 0.0266665 0.18312499999999998 0.053333
73 0.18687499999999999 0.2795835 0.19124999999999998 0.08416699999999999
73 0.185625 0.140833 0.18375000000000002 0.11
73 0.181875 0.4270835 0.03125 0.07583300000000004
73 0.38468749999999996 0.1333335 0.16812500000000002 0.108333
73 0.38968749999999996 0.0241665 0.17312500000000003 0.048333
73 0.39031249999999995 0.26416649999999997 0.174375 0.10833299999999998
73 0.399375 0.3933335 0.14125 0.10166699999999995
73 0.573125 0.0225 0.15500000000000003 0.045
73 0.57125 0.1279165 0.14374999999999993 0.08083300000000002
73 0.5809375 0.375417 0.13937500000000003 0.08250000000000002
73 0.586875 0.2470835 0.14875000000000005 0.11583299999999999
73 0.5925 0.493333 0.07750000000000001 0.09500000000000003
