73 0.37406249999999996 0.0454165 0.286875 0.090833
73 0.2884375 0.189583 0.05812499999999998 0.027500000000000024
73 0.3225 0.131667 0.11125000000000002 0.06000000000000001
73 0.360625 0.1841665 0.06875000000000003 0.04166699999999998
73 0.45375 0.1375 0.15125000000000005 0.051666000000000004
73 0.405 0.110833 0.03375 0.04000000000000001
73 0.43156249999999996 0.197083 0.05562499999999998 0.022499999999999992
73 0.4296875 0.110417 0.030625000000000013 0.027499999999999997
73 0.49187499999999995 0.2041665 0.04124999999999995 0.00833299999999998
73 0.5403125 0.1979165 0.05312499999999998 0.024166999999999994
73 0.6634375 0.1575 0.20187500000000003 0.04999999999999999
73 0.595 0.200417 0.05125000000000002 0.022499999999999992
73 0.6153124999999999 0.0516665 0.06312499999999999 0.103333
73 0.629375 0.129583 0.025000000000000022 0.02250000000000002
73 0.6609375 0.2029165 0.05937500000000007 0.034167
73 0.649375 0.0533335 0.03375000000000006 0.106667
73 0.6699999999999999 0.0516665 0.028749999999999942 0.103333
73 0.6893750000000001 0.0558335 0.03874999999999995 0.111667
73 0.709375 0.20791700000000002 0.050000000000000044 0.027499999999999997
73 0.746875 0.0604165 0.09999999999999998 0.120833
73 0.8734375 0.1641665 0.171875 0.056666999999999995
73 0.8028124999999999 0.0645835 0.02312499999999995 0.129167
73 0.8196875 0.2091665 0.04937499999999995 0.021666999999999992
73 0.8165625000000001 0.0629165 0.02937500000000004 0.119167
73 0.9103125000000001 0.0766665 0.17812499999999998 0.153333
73 0.8625 0.217083 0.04125000000000001 0.017500000000000016
73 0.894375 0.2179165 0.040000000000000036 0.015833000000000014
73 0.94 0.22041650000000002 0.0412499999999999 0.020833000000000018
73 0.97375 0.219583 0.03875000000000006 0.02250000000000002
