73 0.02625 0.0609375 0.0525 0.028124999999999997
73 0.0275 0.0328125 0.055 0.028125
73 0.03875 0.23125 0.0775 0.11875000000000002
73 0.0425 0.30156249999999996 0.085 0.03437499999999999
73 0.04375 0.3375 0.0875 0.01874999999999999
73 0.04375 0.3671875 0.0875 0.034375000000000044
73 0.0625 0.815625 0.125 0.36249999999999993
73 0.09875 0.04375 0.09749999999999999 0.0875
73 0.1275 0.30625 0.07 0.13125
73 0.14250000000000002 0.3203125 0.08499999999999999 0.12187499999999996
73 0.19 0.05 0.08500000000000002 0.1
73 0.21250000000000002 0.328125 0.09 0.09375
73 0.22375 0.3734375 0.08250000000000002 0.021875000000000033
73 0.29 0.2890625 0.11999999999999997 0.203125
73 0.2725 0.0546875 0.07999999999999999 0.109375
73 0.34750000000000003 0.0625 0.06 0.125
73 0.385 0.3296875 0.08999999999999997 0.128125
73 0.3825 0.2359375 0.07999999999999996 0.05937500000000001
73 0.43625 0.0609375 0.1275 0.121875
73 0.4375 0.2828125 0.025000000000000022 0.115625
73 0.57125 0.015625 0.12249999999999994 0.03125
73 0.62375 0.078125 0.07750000000000001 0.13124999999999998
73 0.64375 0.3359375 0.02749999999999997 0.09687500000000004
73 0.67625 0.303125 0.07250000000000001 0.09375
73 0.6725 0.109375 0.04499999999999993 0.10625000000000001
73 0.6912499999999999 0.37187499999999996 0.057499999999999996 0.04999999999999999
73 0.83875 0.6125 0.21750000000000003 0.4
73 0.89375 0.965625 0.20750000000000002 0.0625
