73 0.1445835 0.0209375 0.289167 0.041875
73 0.1454165 0.495 0.290833 0.07875000000000004
73 0.1479165 0.22718750000000001 0.295833 0.09062500000000001
73 0.1495835 0.4128125 0.299167 0.085625
73 0.1504165 0.3196875 0.300833 0.080625
73 0.1570835 0.1559375 0.314167 0.076875
73 0.155 0.5871875 0.266666 0.06812499999999999
73 0.161667 0.0890625 0.265 0.06312499999999999
73 0.160833 0.6809375 0.255 0.06812499999999999
73 0.1583335 0.8484375 0.236667 0.07562499999999994
73 0.1575 0.9390624999999999 0.23 0.07187500000000002
73 0.1629165 0.760625 0.240833 0.08374999999999999
73 0.4579165 0.765625 0.33083300000000004 0.07000000000000006
73 0.4704165 0.5915625 0.350833 0.07687500000000003
73 0.4658335 0.681875 0.33333299999999993 0.06624999999999992
73 0.467917 0.8459375 0.33749999999999997 0.07687500000000003
73 0.47041700000000003 0.921875 0.3375 0.06125000000000003
73 0.47625 0.41125 0.33916599999999997 0.07874999999999999
73 0.4795835 0.2921875 0.34583299999999995 0.07687500000000003
73 0.475833 0.5015625 0.32999999999999996 0.08562500000000006
73 0.47958300000000004 0.040625 0.3375 0.08125
73 0.48624999999999996 0.2009375 0.345834 0.10562499999999997
73 0.46124999999999994 0.1115625 0.26916599999999996 0.09062499999999998
73 0.6629164999999999 0.9734375 0.07083300000000003 0.051875000000000004
73 0.6925 0.9271875 0.11166600000000004 0.13687499999999997
73 0.697083 0.3871875 0.10749999999999993 0.12312499999999998
73 0.7029164999999999 0.8228125 0.11416700000000002 0.14687499999999998
73 0.6958335 0.6128125 0.09166699999999994 0.109375
73 0.70375 0.28531249999999997 0.10250000000000004 0.128125
73 0.6970835 0.1721875 0.07916699999999999 0.13687500000000002
73 0.699167 0.0603125 0.08000000000000007 0.120625
73 0.7095834999999999 0.7178125 0.10083300000000006 0.10812500000000003
73 0.6754165 0.0065625 0.01416700000000004 0.013125
73 0.7825 0.9815625 0.08166600000000002 0.034375000000000044
73 0.8129165 0.0578125 0.13416700000000004 0.115625
73 0.8474999999999999 0.1140625 0.193334 0.228125
73 0.875 0.91875 0.24833400000000005 0.16125
73 0.8666665 0.24874999999999997 0.228333 0.18125
73 0.8883335 0.78375 0.22166700000000006 0.21499999999999997
73 0.8908335000000001 0.44281249999999994 0.21666700000000005 0.159375
73 0.895417 0.625625 0.20750000000000002 0.15500000000000003
73 0.986667 0.02875 0.025000000000000022 0.0575
73 0.98875 0.16 0.02083400000000002 0.16375
