73 0.08375 0.944167 0.1675 0.10499999999999998
73 0.085625 0.5241669999999999 0.17125 0.16499999999999998
73 0.0875 0.2625 0.175 0.18166600000000002
73 0.09 0.065 0.18 0.13
73 0.083125 0.7475 0.15375 0.13166599999999995
73 0.13624999999999998 0.5333335 0.027499999999999997 0.13333299999999998
73 0.25625 0.7525 0.035 0.11833400000000005
73 0.305 0.3083335 0.12250000000000003 0.13666699999999998
73 0.31124999999999997 0.5366665 0.13499999999999998 0.153333
73 0.38 0.09999999999999999 0.25499999999999995 0.16
73 0.6425000000000001 0.18583349999999998 0.20000000000000007 0.128333
73 0.638125 0.0416665 0.18875000000000008 0.083333
73 0.656875 0.3516665 0.17874999999999996 0.12333300000000003
73 0.669375 0.55 0.1987500000000001 0.14333399999999996
73 0.739375 0.7141664999999999 0.04875000000000007 0.13833299999999993
73 0.7549999999999999 0.8975 0.057499999999999996 0.13166599999999995
73 0.86 0.096667 0.14749999999999996 0.10999999999999999
73 0.87625 0.25083300000000003 0.14249999999999996 0.11500000000000002
73 0.88625 0.41166650000000005 0.14749999999999996 0.10666700000000001
73 0.9025000000000001 0.5625 0.18000000000000005 0.10499999999999998
73 0.899375 0.718333 0.15374999999999994 0.10000000000000009
73 0.9125000000000001 0.8758334999999999 0.16000000000000003 0.12833299999999992
