73 0.0690625 0.505302 0.084375 0.908802
73 0.1525 0.4936375 0.10000000000000002 0.898197
73 0.2175 0.5 0.05625000000000002 0.898198
73 0.3253125 0.4989395 0.17937499999999998 0.896077
73 0.494375 0.49893950000000004 0.15875 0.900319
73 0.5896874999999999 0.49787899999999996 0.03937500000000005 0.893956
73 0.6346875000000001 0.495758 0.07062500000000005 0.889714
73 0.700625 0.5174974999999999 0.08500000000000008 0.858961
73 0.7684375 0.602333 0.07187499999999991 0.693532
73 0.8390625 0.605514 0.07187500000000002 0.6914100000000001
73 0.879375 0.6155885 0.04249999999999998 0.675503
73 0.9190625 0.6086955 0.0318750000000001 0.672323
73 0.950625 0.588017 0.04375000000000007 0.717922
