73 0.035625 0.5862915 0.07125 0.17850099999999997
73 0.05375 0.076923 0.1075 0.153846
73 0.106875 0.3284025 0.21375 0.260355
73 0.42093749999999996 0.0779095 0.388125 0.155819
73 0.419375 0.3343195 0.38 0.272189
73 0.4315625 0.6247535 0.14312500000000006 0.18639099999999997
73 0.5565625000000001 0.6040435 0.114375 0.21005899999999994
73 0.6559375000000001 0.8826430000000001 0.0668749999999999 0.09073000000000009
73 0.7306250000000001 0.3348125 0.21125000000000005 0.281065
73 0.8159375 0.0734715 0.36687500000000006 0.146943
73 0.6778125 0.610454 0.07937499999999997 0.14201199999999992
73 0.9165625 0.33777100000000004 0.16562500000000002 0.275148
73 0.9846874999999999 0.6252465 0.02937500000000004 0.14792899999999998
