73 0.1765625 0.397778 0.09687500000000002 0.235556
73 0.21375 0.3383335 0.10250000000000001 0.198889
73 0.28500000000000003 0.49 0.15750000000000003 0.12666599999999995
73 0.2925 0.31222249999999996 0.09125 0.19111099999999998
73 0.37124999999999997 0.423889 0.10749999999999998 0.10555599999999998
73 0.39 0.297778 0.07 0.18444400000000002
73 0.4271875 0.5405555 0.11937500000000001 0.13666700000000004
73 0.49312500000000004 0.431111 0.07125000000000004 0.08222199999999996
73 0.5625 0.542222 0.10000000000000009 0.122222
73 0.6121875 0.3044445 0.08687500000000004 0.21111099999999997
73 0.6428125 0.456111 0.13812500000000005 0.13222199999999995
73 0.701875 0.3383335 0.11250000000000004 0.203333
73 0.7775 0.542222 0.19999999999999996 0.16000000000000003
73 0.799375 0.35777800000000004 0.10249999999999992 0.20444400000000001
73 0.8878125 0.412778 0.12812500000000004 0.24555600000000005
73 0.9421875 0.48611099999999996 0.114375 0.22999999999999993
