73 0.115625 0.3724105 0.05750000000000001 0.03295699999999996
73 0.12281249999999999 0.40725049999999996 0.061875 0.036723000000000006
73 0.11937500000000001 0.45197750000000003 0.052500000000000005 0.03201499999999996
73 0.1175 0.484463 0.041249999999999995 0.029189999999999994
73 0.131875 0.5155369999999999 0.05875000000000001 0.04425599999999996
73 0.1984375 0.326742 0.08937500000000001 0.07533000000000001
73 0.209375 0.3926555 0.09125 0.07721299999999998
73 0.2078125 0.4642185 0.073125 0.07344699999999998
73 0.2096875 0.5183614999999999 0.07437500000000002 0.05367299999999997
73 0.37531250000000005 0.45668549999999997 0.128125 0.047080999999999984
73 0.4146875 0.725989 0.18437499999999996 0.16384200000000004
73 0.4175 0.8286255 0.16874999999999996 0.225989
73 0.5584374999999999 0.6431264999999999 0.11312500000000003 0.10169499999999998
73 0.560625 0.7434084999999999 0.10375000000000001 0.117703
73 0.6559375000000001 0.59887 0.07187500000000002 0.09416200000000008
73 0.6565624999999999 0.6727875000000001 0.073125 0.115819
73 0.71625 0.6327685000000001 0.053750000000000075 0.07344699999999993
73 0.7206250000000001 0.562147 0.04999999999999993 0.07909599999999994
73 0.8587499999999999 0.4491525 0.08875 0.2937850000000001
