73 0.045 0.76905 0.05249999999999999 0.13828799999999997
73 0.140625 0.470367 0.2 0.22389399999999998
73 0.1459375 0.7365945 0.186875 0.227657
73 0.2075 0.9341485 0.31 0.12982100000000008
73 0.409375 0.48353749999999995 0.30625 0.21636899999999998
73 0.3034375 0.738476 0.08937500000000004 0.220132
73 0.3725 0.7055505 0.04125000000000001 0.16556899999999997
73 0.6915625000000001 0.47318899999999997 0.12312500000000004 0.21825
73 0.7940625 0.7403575 0.08937499999999998 0.23894700000000002
73 0.8025 0.48353749999999995 0.10375000000000001 0.21636899999999998
73 0.9103125000000001 0.9468485 0.17812499999999998 0.10442099999999999
73 0.924375 0.725776 0.15000000000000002 0.253058
73 0.925 0.466604 0.14875000000000005 0.25023599999999996
