73 0.0596875 0.0198115 0.119375 0.039623
73 0.065625 0.446226 0.13125 0.15283000000000002
73 0.06625 0.273113 0.1325 0.178302
73 0.066875 0.1273585 0.13375 0.133963
73 0.066875 0.593396 0.13375 0.14151000000000002
73 0.38093750000000004 0.6990565 0.545625 0.166037
73 0.2375 0.013679 0.2075 0.027358
73 0.2425 0.1132075 0.20999999999999996 0.15283100000000002
73 0.24875 0.26132099999999997 0.21500000000000002 0.166038
73 0.25 0.3882075 0.20750000000000002 0.08396300000000001
73 0.189375 0.6056604999999999 0.0625 0.08867900000000006
73 0.3890625 0.09999999999999999 0.03437499999999999 0.145284
73 0.39875 0.2613205 0.03125 0.13962299999999997
73 0.4475 0.11179249999999999 0.04375000000000001 0.133019
73 0.4603125 0.2830185 0.043125000000000024 0.135849
73 0.544375 0.3070755 0.039999999999999925 0.176415
73 0.5446875 0.10565999999999999 0.028124999999999956 0.156604
73 0.6396875 0.31084900000000004 0.06937499999999996 0.16509400000000002
73 0.6396875 0.118868 0.05937500000000007 0.15849000000000002
73 0.83375 0.0679245 0.14749999999999996 0.135849
73 0.8425 0.895755 0.15500000000000003 0.206604
73 0.8440624999999999 0.650943 0.14937499999999992 0.290566
73 0.8428125 0.336321 0.14437500000000003 0.265094
73 0.96625 0.110849 0.06625000000000003 0.05
73 0.9846874999999999 0.7410375 0.02937500000000004 0.19528299999999998
73 0.9875 0.39858499999999997 0.02375000000000005 0.19339599999999996
