73 0.139375 0.218574 0.065 0.159474
73 0.1784375 0.0290805 0.135625 0.058161
73 0.17 0.42776749999999997 0.09125000000000001 0.148217
73 0.1828125 0.2237335 0.019375000000000003 0.145403
73 0.215625 0.2204505 0.06625 0.159475
73 0.48593749999999997 0.022983 0.406875 0.045966
73 0.48843749999999997 0.2143525 0.37187499999999996 0.16791699999999998
73 0.41312499999999996 0.424953 0.10249999999999998 0.12757999999999997
73 0.5231250000000001 0.7087245 0.14125 0.27485899999999996
73 0.6009375 0.43808600000000003 0.07687500000000003 0.15384600000000004
73 0.7990625 0.2124765 0.16812500000000008 0.164165
73 0.8084374999999999 0.0257975 0.17812499999999998 0.051595
73 0.8325 0.43527249999999995 0.09125000000000005 0.16322699999999996
