73 0.22000000000000003 0.8145830000000001 0.12000000000000002 0.2825000000000001
73 0.225 0.1366665 0.10500000000000004 0.273333
73 0.321875 0.8079165 0.10500000000000004 0.285833
73 0.3265625 0.14791649999999998 0.08812500000000001 0.289167
73 0.4240625 0.8095835 0.09687499999999999 0.28916699999999995
73 0.42656249999999996 0.13166699999999998 0.08687499999999998 0.23999999999999996
73 0.5228125 0.16 0.10562500000000008 0.278334
73 0.5221875 0.80625 0.09937500000000005 0.2825
73 0.594375 0.8049999999999999 0.07624999999999993 0.2733340000000001
73 0.6234375000000001 0.162917 0.10312500000000002 0.2775
