73 0.225 0.4067705 0.39875 0.7843749999999999
73 0.0128125 0.8578125 0.025625 0.09895900000000002
73 0.1740625 0.8822915 0.18437499999999998 0.07083299999999992
73 0.32125 0.894792 0.16624999999999998 0.08750000000000002
73 0.4765625 0.365625 0.038124999999999964 0.07916600000000001
73 0.4784375 0.263021 0.041874999999999996 0.05729200000000001
73 0.4803125 0.6786460000000001 0.04312499999999997 0.09895799999999999
73 0.47468750000000004 0.572917 0.029374999999999984 0.08749999999999991
73 0.4765625 0.155729 0.030625000000000013 0.051042000000000004
73 0.4815625 0.4645835 0.04062499999999997 0.08541699999999997
73 0.5193749999999999 0.340104 0.01375000000000004 0.05729200000000001
73 0.524375 0.569271 0.016249999999999987 0.05104200000000003
73 0.5225 0.49375 0.010000000000000009 0.0625
73 0.5237499999999999 0.651042 0.012500000000000067 0.08125000000000004
73 0.5225 0.424479 0.0025000000000000577 0.055208000000000035
73 0.5946875 0.5171875 0.026874999999999982 0.06979099999999999
73 0.8090625 0.4109375 0.380625 0.553125
