73 0.0703125 0.7949999999999999 0.140625 0.15000000000000002
73 0.1146875 0.33499999999999996 0.229375 0.118334
73 0.1528125 0.6383335000000001 0.305625 0.156667
73 0.15875 0.4795835 0.3175 0.13583299999999998
73 0.048125 0.18583349999999998 0.08625 0.061667
73 0.1546875 0.2125 0.05437500000000001 0.015000000000000013
73 0.1571875 0.22708299999999998 0.05937500000000001 0.017499999999999988
73 0.16749999999999998 0.8025 0.07249999999999998 0.05499999999999994
73 0.2103125 0.16249999999999998 0.028124999999999983 0.143334
73 0.24593750000000003 0.751667 0.05812500000000001 0.10499999999999998
73 0.27156250000000004 0.37375 0.04812500000000003 0.030833999999999973
73 0.2790625 0.20625 0.055625000000000036 0.02083399999999999
73 0.28374999999999995 0.23666700000000002 0.065 0.014999999999999986
73 0.2825 0.1883335 0.06 0.01166700000000001
73 0.2878125 0.2245835 0.06687499999999996 0.015833000000000014
73 0.38656250000000003 0.7429165 0.13062500000000005 0.11916700000000002
73 0.44 0.476667 0.235 0.09999999999999998
73 0.4446875 0.231667 0.244375 0.095
73 0.44125000000000003 0.35375 0.23249999999999998 0.09416599999999997
73 0.38 0.6166670000000001 0.10750000000000004 0.09999999999999998
73 0.4403125 0.6045834999999999 0.06187500000000001 0.08583299999999994
73 0.49750000000000005 0.63375 0.05250000000000005 0.04083400000000004
73 0.52625 0.6245835 0.040000000000000036 0.025832999999999995
73 0.721875 0.5958330000000001 0.04375000000000007 0.09999999999999998
73 0.724375 0.487917 0.04125000000000001 0.07750000000000001
73 0.7209375 0.3720835 0.024375000000000036 0.07583299999999998
73 0.731875 0.256667 0.0412499999999999 0.065
73 0.808125 0.5745834999999999 0.10624999999999996 0.08083300000000004
73 0.8075 0.48375 0.10250000000000004 0.07250000000000001
73 0.7984374999999999 0.26958350000000003 0.06062500000000004 0.07416700000000001
73 0.8390625 0.38375000000000004 0.14187500000000008 0.07916600000000001
73 0.8784375 0.507917 0.05062500000000003 0.01749999999999996
73 0.8709374999999999 0.3858335 0.021874999999999978 0.04833299999999996
73 0.8946875 0.39 0.028124999999999956 0.056665999999999994
