73 0.179375 0.2858335 0.35875 0.251667
73 0.5028125 0.607917 0.993125 0.7825
73 0.42874999999999996 0.145 0.11625000000000002 0.29
73 0.5009375 0.1395835 0.025625000000000064 0.279167
73 0.545625 0.1358335 0.040000000000000036 0.271667
73 0.605 0.1275 0.07374999999999998 0.255
73 0.6712499999999999 0.11875 0.07750000000000001 0.2375
73 0.725625 0.1129165 0.07999999999999996 0.225833
73 0.7784375 0.1016665 0.059374999999999956 0.203333
73 0.823125 0.10333350000000001 0.04249999999999998 0.196667
73 0.92125 0.29500000000000004 0.15625 0.253334
