73 0.043125 0.2520835 0.08625 0.09416700000000003
73 0.045 0.365 0.09 0.09333400000000003
73 0.045 0.4716665 0.09 0.10666700000000001
73 0.046875 0.575 0.08625 0.12333399999999994
73 0.180625 0.2625 0.17875000000000002 0.08833400000000002
73 0.18312499999999998 0.362917 0.18125 0.08250000000000002
73 0.135 0.462083 0.07625 0.08749999999999997
73 0.2134375 0.5291665 0.10687499999999997 0.088333
73 0.1815625 0.44875 0.018125000000000002 0.069166
73 0.21375 0.599167 0.04249999999999998 0.04499999999999993
73 0.236875 0.445 0.08374999999999999 0.08499999999999996
73 0.33906250000000004 0.284583 0.101875 0.0675
73 0.34468750000000004 0.357917 0.10562500000000002 0.0625
73 0.3428125 0.4225 0.09937499999999999 0.066666
73 0.3671875 0.4808335 0.06062500000000004 0.046667000000000014
73 0.43625 0.3525 0.07500000000000001 0.05166599999999999
73 0.43625 0.405 0.07500000000000001 0.05333400000000005
73 0.436875 0.4675 0.07624999999999998 0.063334
73 0.43562500000000004 0.2916665 0.07124999999999998 0.053332999999999964
73 0.5046875 0.35375 0.051875000000000004 0.04249999999999998
73 0.5046875 0.39249999999999996 0.04937500000000006 0.044999999999999984
73 0.5078125 0.30374999999999996 0.055625000000000036 0.03916599999999998
73 0.55 0.3925 0.03125 0.03833399999999998
73 0.55125 0.350417 0.03374999999999995 0.03250000000000003
73 0.5546875 0.309583 0.026874999999999982 0.03749999999999998
73 0.5590625 0.4345835 0.023125000000000062 0.04583300000000001
73 0.7890625 0.475 0.10562500000000008 0.05166599999999999
