73 0.009375 0.142969 0.01875 0.089062
73 0.0328125 0.2867185 0.065625 0.11093700000000001
73 0.0414065 0.421875 0.082813 0.11875000000000002
73 0.025781 0.1320315 0.020311999999999997 0.110937
73 0.2179685 0.1226565 0.370313 0.15468700000000002
73 0.23593750000000002 0.271875 0.334375 0.12499999999999997
73 0.23125 0.011719 0.29374999999999996 0.023438
73 0.158594 0.40234349999999997 0.145312 0.11093700000000001
73 0.486719 0.0007815 0.12656200000000006 0.001563
73 0.5765625000000001 0.0921875 0.290625 0.106251
73 0.6242190000000001 0.21484350000000002 0.18593800000000005 0.09843700000000002
73 0.6867190000000001 0.3257815 0.05468799999999996 0.07031299999999996
73 0.85625 0.19531199999999999 0.25625 0.12499999999999997
73 0.7851565 0.325781 0.11093699999999995 0.09218799999999999
73 0.8656255 0.07734350000000001 0.265625 0.11093700000000001
