73 0.24577900000000003 0.47375 0.06754200000000002 0.14999999999999997
73 0.2542215 0.6893750000000001 0.05440900000000001 0.04375000000000007
73 0.4971855 0.920625 0.405253 0.15625
73 0.43996250000000003 0.809375 0.24577900000000003 0.08374999999999999
73 0.441839 0.7075 0.17073200000000005 0.03749999999999998
73 0.5928705 0.469375 0.22889299999999996 0.11624999999999996
73 0.642589 0.7112499999999999 0.13695999999999997 0.06500000000000006
73 0.7889305 0.92375 0.09568500000000002 0.135
73 0.869606 0.596875 0.25703600000000004 0.13124999999999998
73 0.8724205 0.4475 0.25140700000000005 0.14749999999999996
73 0.9080675 0.930625 0.18011299999999997 0.13624999999999998
