73 0.8703125 0.4758335 0.21187499999999992 0.34333299999999994
73 0.1203125 0.6704165 0.209375 0.275833
73 0.18875 0.4391665 0.17875000000000002 0.21166700000000005
73 0.2525 0.23374999999999999 0.19499999999999998 0.23249999999999998
73 0.265625 0.6791665 0.19999999999999998 0.296667
73 0.3075 0.4483335 0.14500000000000002 0.20666700000000005
73 0.39937500000000004 0.2270835 0.19124999999999998 0.24583299999999997
73 0.4321875 0.7479165000000001 0.24187499999999995 0.334167
73 0.41781250000000003 0.46375 0.143125 0.22416600000000003
73 0.5496875 0.22625 0.17437499999999995 0.250834
73 0.54625 0.4670835 0.15749999999999997 0.230833
73 0.6174999999999999 0.7220835 0.1675000000000001 0.285833
73 0.6893750000000001 0.45666650000000003 0.14875000000000005 0.25833300000000003
73 0.6956249999999999 0.2225 0.14125 0.21000000000000002
73 0.7718750000000001 0.79375 0.15125 0.274166
73 0.8453125 0.2554165 0.16937500000000005 0.224167
