73 0.2578125 0.0657985 0.454375 0.083619
73 0.2446875 0.2978065 0.36812500000000004 0.129541
73 0.24000000000000002 0.4064425 0.35625 0.111035
73 0.1003125 0.5006855 0.064375 0.08430500000000002
73 0.24875 0.16689500000000002 0.3575 0.10760800000000001
73 0.186875 0.517135 0.10874999999999999 0.09253
73 0.2521875 0.796779 0.171875 0.12131599999999998
73 0.365625 0.5435225 0.10500000000000004 0.097327
73 0.5990625 0.6103495 0.330625 0.180261
73 0.5 0.316655 0.12000000000000005 0.112406
73 0.67 0.468129 0.45125 0.13571
73 0.69125 0.2028785 0.46249999999999997 0.11788899999999997
73 0.5171875 0.078821 0.10812500000000003 0.047978
73 0.6090625000000001 0.340644 0.1293749999999999 0.10555199999999998
73 0.59375 0.0908155 0.09499999999999997 0.05140499999999999
73 0.7371875 0.350925 0.11687500000000006 0.08499000000000001
73 0.7715625 0.087046 0.12937500000000002 0.06168599999999999
73 0.8196875 0.6230294999999999 0.11062499999999997 0.07539499999999999
73 0.8496874999999999 0.349897 0.11687499999999995 0.08019199999999999
73 0.8981250000000001 0.866347 0.1825 0.226182
73 0.8934375 0.099383 0.10187499999999994 0.05483199999999999
