73 0.0340625 0.612465 0.068125 0.03467600000000004
73 0.0346875 0.4484535 0.069375 0.03280300000000003
73 0.0346875 0.5407685 0.069375 0.04123699999999997
73 0.0353125 0.47282100000000005 0.070625 0.034675999999999985
73 0.0353125 0.500937 0.070625 0.038426000000000016
73 0.0621875 0.627929 0.124375 0.06185600000000002
73 0.034375 0.578257 0.0675 0.04311200000000004
73 0.0784375 0.6611994999999999 0.064375 0.03842500000000004
73 0.0840625 0.6911905 0.06812499999999999 0.03842500000000004
73 0.0778125 0.743674 0.041875 0.057170000000000054
73 0.1746875 0.531865 0.08687500000000001 0.04779800000000001
73 0.141875 0.4428305 0.013749999999999984 0.036551
73 0.17781249999999998 0.5796625 0.08312499999999998 0.05154700000000001
73 0.14500000000000002 0.496251 0.012499999999999983 0.0403
73 0.1803125 0.6747895 0.08312499999999998 0.076851
73 0.145625 0.4700095 0.011249999999999982 0.029052999999999995
73 0.1828125 0.6298035 0.080625 0.04873499999999997
73 0.193125 0.45595149999999995 0.0675 0.03467700000000001
73 0.19374999999999998 0.4925025 0.06375 0.03842500000000004
73 0.195625 0.426898 0.0625 0.03467600000000004
73 0.23562500000000003 0.5346765 0.04250000000000001 0.045922999999999936
73 0.24125000000000002 0.5806 0.04125000000000004 0.04967199999999994
73 0.2425 0.6949395 0.038750000000000034 0.06279299999999999
73 0.24312499999999998 0.6354265 0.04000000000000001 0.05623299999999998
73 0.2640625 0.414714 0.07437500000000002 0.04779799999999995
73 0.2653125 0.48313 0.07687500000000003 0.042174000000000045
73 0.2659375 0.4465795 0.07562500000000003 0.04592299999999999
73 0.2728125 0.5309280000000001 0.026874999999999982 0.04967200000000005
73 0.2796875 0.6401125000000001 0.04062499999999997 0.06560500000000002
73 0.2828125 0.7113405 0.041874999999999996 0.069353
73 0.28218750000000004 0.5913775 0.033125000000000016 0.04873499999999997
73 0.3296875 0.391284 0.05937500000000001 0.05529600000000001
73 0.3315625 0.43064650000000004 0.06312499999999999 0.04592299999999999
73 0.33218749999999997 0.515464 0.06187499999999996 0.04685999999999996
73 0.3309375 0.47703850000000003 0.05687500000000001 0.04686100000000004
73 0.33218749999999997 0.6771324999999999 0.05937500000000001 0.04592300000000005
73 0.3353125 0.595127 0.06562499999999999 0.04498599999999997
73 0.3359375 0.7347705 0.06687500000000002 0.069353
73 0.3346875 0.6368324999999999 0.06187499999999996 0.03467699999999996
73 0.33625 0.5487345 0.05625000000000002 0.044049000000000005
73 0.3990625 0.3762885 0.07937499999999997 0.05529500000000004
73 0.3990625 0.47094650000000005 0.07437500000000002 0.04217500000000002
73 0.4009375 0.423149 0.078125 0.05342000000000002
73 0.3996875 0.694002 0.07312500000000005 0.05716999999999994
73 0.393125 0.5140585 0.05249999999999999 0.036551
73 0.390625 0.5543579999999999 0.04500000000000004 0.03655200000000003
73 0.4028125 0.6040300000000001 0.06687500000000002 0.05341999999999991
73 0.4040625 0.75164 0.06937499999999996 0.08809800000000001
73 0.393125 0.6452675 0.04500000000000004 0.036551
73 0.46281249999999996 0.7699155 0.03812500000000002 0.06654099999999996
73 0.509375 0.410028 0.10375000000000001 0.042174000000000045
73 0.51 0.356139 0.10499999999999998 0.073102
73 0.4815625 0.7150890000000001 0.03687499999999999 0.06185600000000002
73 0.5137499999999999 0.4597 0.10124999999999995 0.04967200000000005
73 0.5137499999999999 0.5609185 0.10124999999999995 0.044049000000000005
73 0.515625 0.5074975 0.10250000000000004 0.04592299999999999
73 0.54125 0.7239925 0.05125000000000002 0.06279299999999999
73 0.545 0.6640109999999999 0.04125000000000001 0.05154599999999998
73 0.548125 0.6115280000000001 0.03749999999999998 0.04967200000000005
73 0.5506249999999999 0.7900655 0.03500000000000003 0.08434900000000001
73 0.6328125 0.32708550000000003 0.13687500000000008 0.08809700000000004
73 0.6359375 0.5538894999999999 0.14312500000000006 0.05810700000000002
73 0.6365624999999999 0.4981255 0.14437500000000003 0.057169000000000025
73 0.6315625 0.3805065 0.13187499999999996 0.076851
73 0.6334375000000001 0.4423615 0.135625 0.076851
73 0.6353125 0.6115275 0.1293749999999999 0.060918999999999945
73 0.6378125 0.6672914999999999 0.13187499999999996 0.05810700000000002
73 0.5974999999999999 0.7085285 0.04625000000000001 0.028116999999999948
73 0.6740625 0.8191189999999999 0.06937499999999996 0.09934399999999999
73 0.67875 0.735239 0.06500000000000006 0.059043999999999985
73 0.8221875000000001 0.27881900000000004 0.24187499999999995 0.11152800000000002
73 0.8221875000000001 0.35379550000000004 0.23687500000000006 0.11527700000000002
73 0.969375 0.24648549999999997 0.06000000000000005 0.09184699999999998
73 0.9725 0.322399 0.053749999999999964 0.07122800000000001
73 0.9550000000000001 0.5042175 0.012500000000000067 0.08434900000000001
73 0.9740625 0.693065 0.05062500000000003 0.08716000000000002
73 0.9746874999999999 0.4048735 0.04937500000000006 0.093721
73 0.9765625 0.8908155 0.04562500000000003 0.12464900000000001
73 0.9771875 0.597938 0.04437500000000005 0.08809800000000001
73 0.9771875 0.783505 0.04437500000000005 0.07872600000000007
73 0.9734375 0.503749 0.024374999999999925 0.096532
