73 0.034375 0.540187 0.06875 0.06728999999999996
73 0.0428125 0.33457950000000003 0.085625 0.054205
73 0.0434375 0.2607475 0.086875 0.052336999999999995
73 0.0434375 0.4724295 0.086875 0.05327099999999996
73 0.0971875 0.4084115 0.194375 0.056074999999999986
73 0.146875 0.26729 0.12000000000000001 0.05794400000000002
73 0.15 0.33411199999999996 0.11625 0.04205600000000004
73 0.226875 0.39486 0.037500000000000006 0.051402
73 0.2265625 0.265888 0.02562500000000001 0.03831799999999999
73 0.2303125 0.3331775 0.02562500000000001 0.04392499999999999
73 0.298125 0.253271 0.1175 0.506542
73 0.5459375 0.22336450000000002 0.07062500000000005 0.07663500000000004
73 0.5490625 0.2785045 0.06437500000000007 0.07289699999999999
73 0.5525 0.425701 0.0625 0.05513999999999997
73 0.5543750000000001 0.3481305 0.06625000000000003 0.049532999999999994
73 0.5549999999999999 0.49532699999999996 0.05999999999999994 0.054205999999999976
73 0.6190625000000001 0.18130849999999998 0.073125 0.069159
73 0.6246875000000001 0.4261685 0.08187500000000003 0.06915899999999997
73 0.6287499999999999 0.3429905 0.08999999999999997 0.05607500000000004
73 0.6287499999999999 0.2588785 0.08750000000000002 0.06728899999999999
73 0.631875 0.49626149999999997 0.08875 0.05233699999999997
73 0.735 0.1247665 0.125 0.12429899999999999
73 0.735 0.3135515 0.12250000000000005 0.09626099999999999
73 0.736875 0.209346 0.12124999999999997 0.074766
73 0.87125 0.53271 0.14749999999999996 0.09345800000000004
73 0.895 0.292056 0.19500000000000006 0.12243000000000001
73 0.8721875 0.4140185 0.13812500000000005 0.10467300000000002
73 0.8940625 0.182243 0.181875 0.100934
73 0.8953125 0.0686915 0.18437500000000007 0.137383
73 0.910625 0.427103 0.018750000000000044 0.080374
