73 0.0890625 0.184492 0.129375 0.22994599999999998
73 0.078125 0.4967915 0.09999999999999999 0.22352899999999998
73 0.0528125 0.8401069999999999 0.029375000000000005 0.18716600000000005
73 0.2853125 0.480749 0.12562500000000001 0.21283399999999997
73 0.2865625 0.1919785 0.12312500000000001 0.22780699999999998
73 0.43343750000000003 0.48021400000000003 0.075625 0.17754000000000003
73 0.419375 0.19999999999999998 0.04500000000000004 0.194652
73 0.45375 0.726203 0.10125 0.15615
73 0.6046875 0.2096255 0.08187500000000003 0.16256699999999996
73 0.6090625 0.7106950000000001 0.08812500000000001 0.17861000000000005
73 0.6078125 0.44759400000000005 0.078125 0.195722
73 0.7146875 0.6877005 0.04562500000000003 0.158289
73 0.7090624999999999 0.454011 0.024374999999999925 0.146524
73 0.72 0.20320850000000001 0.04625000000000001 0.16256700000000002
