73 0.2165625 0.7308335 0.433125 0.513333
73 0.2178125 0.554167 0.435625 0.25999999999999995
73 0.220625 0.2525 0.425 0.308334
73 0.2359375 0.7616670000000001 0.394375 0.475
73 0.24937499999999999 0.1804165 0.35125 0.360833
73 0.47406249999999994 0.3458335 0.08812499999999995 0.033333
73 0.4759375 0.49916649999999996 0.09187499999999998 0.033333
73 0.475 0.425 0.08374999999999999 0.033333999999999975
73 0.48125 0.5370835 0.07874999999999999 0.029167000000000054
73 0.48312499999999997 0.46625 0.07999999999999996 0.03249999999999997
73 0.484375 0.384583 0.07749999999999996 0.03749999999999998
73 0.4746875 0.5725 0.05312499999999998 0.03833400000000009
73 0.5734375 0.4666665 0.02312499999999995 0.266667
73 0.734375 0.7695835 0.3162499999999999 0.459167
73 0.7459374999999999 0.705833 0.33187500000000003 0.46
73 0.7840625 0.5404165 0.40812500000000007 0.325833
73 0.7834375 0.2333335 0.40437499999999993 0.36833299999999997
73 0.7671875 0.18125 0.36687500000000006 0.3625
