73 0.0496095 0.9328125 0.099219 0.13229100000000005
73 0.174219 0.853646 0.182812 0.13229200000000008
73 0.1828125 0.9255205 0.18906299999999998 0.14687499999999998
73 0.2714845 0.0666665 0.164843 0.033333
73 0.548047 0.839583 0.622656 0.31875
73 0.307031 0.47395849999999995 0.03125 0.12916699999999998
73 0.335937 0.4703125 0.03125 0.11770900000000006
73 0.360547 0.48802100000000004 0.028905999999999987 0.044792
73 0.40625 0.040104 0.10937600000000003 0.080208
73 0.628906 0.6010415 0.11249999999999993 0.05208299999999999
73 0.6476565000000001 0.03125 0.14218699999999995 0.0625
73 0.7914065 0.567708 0.08593699999999993 0.27499999999999997
73 0.8703125 0.830729 0.14218699999999995 0.07395800000000008
73 0.889453 0.6197915 0.127344 0.239583
73 0.929297 0.0208335 0.13984399999999997 0.041667
