73 0.0434375 0.868668 0.086875 0.15384599999999993
73 0.08156250000000001 0.5309565 0.116875 0.07879899999999995
73 0.093125 0.4596625 0.10624999999999998 0.06003699999999995
73 0.07968750000000001 0.7673544999999999 0.074375 0.07504699999999997
73 0.0925 0.695122 0.09999999999999998 0.06941799999999998
73 0.0940625 0.6060034999999999 0.088125 0.07504699999999997
73 0.20375 0.5530014999999999 0.12 0.03470899999999999
73 0.2159375 0.4657595 0.09312500000000001 0.051595
73 0.2221875 0.7106005 0.070625 0.057223000000000024
73 0.23312499999999997 0.7833025 0.04124999999999998 0.07504699999999997
73 0.2384375 0.630863 0.04062499999999997 0.06285200000000002
73 0.2703125 0.7851779999999999 0.03562500000000002 0.08255200000000007
73 0.3178125 0.552064 0.12312500000000004 0.06285199999999991
73 0.3184375 0.637899 0.11937500000000001 0.061914000000000025
73 0.3159375 0.7021575 0.109375 0.04784300000000008
73 0.3253125 0.478893 0.11812500000000004 0.059099999999999986
73 0.31656249999999997 0.760788 0.07687499999999997 0.08442799999999995
73 0.401875 0.890713 0.11125000000000002 0.13977400000000006
73 0.3959375 0.749531 0.08187500000000003 0.08818000000000004
73 0.46499999999999997 0.7692305 0.05624999999999997 0.09380900000000003
73 0.50375 0.8855535 0.11250000000000004 0.14634100000000005
73 0.5459375 0.5722324999999999 0.176875 0.20825499999999997
73 0.5375 0.7673544999999999 0.08374999999999999 0.09380899999999992
73 0.6140625 0.9118195 0.12812499999999993 0.09756100000000001
73 0.721875 0.5844275 0.16249999999999998 0.232645
73 0.7228125000000001 0.9010315 0.125625 0.11913700000000005
73 0.8409375 0.5576924999999999 0.078125 0.032833
73 0.8240625 0.6857415 0.03562500000000002 0.033770999999999995
73 0.8296875 0.640244 0.04437500000000005 0.03658600000000001
73 0.845 0.595216 0.07250000000000001 0.038461999999999996
