73 0.0159375 0.172917 0.031875 0.0875
73 0.0165625 0.062917 0.033125 0.0875
73 0.19 0.0041665 0.37875000000000003 0.008333
73 0.0184375 0.27125 0.026875 0.07083400000000004
73 0.06375 0.0670835 0.0325 0.089167
73 0.08499999999999999 0.1745835 0.0725 0.07083299999999998
73 0.110625 0.26708350000000003 0.11375000000000002 0.07583299999999998
73 0.1334375 0.07041700000000001 0.08687500000000001 0.0725
73 0.1634375 0.1679165 0.10062499999999999 0.094167
73 0.206875 0.270417 0.08124999999999999 0.07250000000000004
73 0.2521875 0.17833349999999998 0.08937500000000001 0.063333
73 0.26375 0.265417 0.04000000000000001 0.08250000000000002
73 0.26375 0.06375 0.03749999999999998 0.08249999999999999
73 0.30625 0.074167 0.08124999999999999 0.05499999999999999
73 0.318125 0.2754165 0.08374999999999999 0.069167
73 0.3503125 0.98 0.143125 0.03833399999999998
73 0.325625 0.1670835 0.07125000000000004 0.08583299999999999
73 0.3534375 0.06625 0.015625 0.080834
73 0.8184374999999999 0.5829165000000001 0.10562499999999997 0.08416699999999999
73 0.8478125000000001 0.7233335000000001 0.10187500000000005 0.11666699999999997
73 0.9084375 0.385 0.181875 0.11499999999999999
73 0.8871875 0.5387500000000001 0.12937500000000002 0.08583400000000002
73 0.8534375000000001 0.122083 0.051875000000000004 0.0175
73 0.885 0.1904165 0.10749999999999993 0.08083300000000002
73 0.9134375 0.0154165 0.161875 0.030833
73 0.9153125 0.69625 0.12437500000000001 0.08416599999999996
73 0.9346875 0.5983335 0.12937500000000002 0.088333
73 0.9728125000000001 0.2875 0.05312499999999998 0.08666599999999999
73 0.9746874999999999 0.085 0.04937500000000006 0.10500000000000001
73 0.9762500000000001 0.1833335 0.04625000000000001 0.091667
