73 0.11687499999999999 0.4849905 0.1575 0.05816099999999996
73 0.083125 0.423546 0.03874999999999999 0.03658600000000001
73 0.1184375 0.40947500000000003 0.02187499999999999 0.04033800000000004
73 0.1715625 0.434803 0.03312499999999999 0.03658600000000001
73 0.236875 0.447936 0.03125 0.04784200000000005
73 0.2346875 0.5257974999999999 0.021875000000000006 0.03470899999999999
73 0.2496875 0.6130395 0.01312499999999997 0.03846099999999997
73 0.253125 0.6974670000000001 0.018750000000000017 0.04784200000000005
73 0.26968749999999997 0.5933395 0.02437499999999998 0.057223000000000024
73 0.2703125 0.519231 0.02562500000000001 0.047841999999999996
73 0.2778125 0.4404315 0.023125000000000007 0.04409100000000005
73 0.2859375 0.693715 0.026874999999999982 0.038461999999999996
73 0.2959375 0.6139775000000001 0.020625000000000004 0.040336999999999956
73 0.31156249999999996 0.4915575 0.029374999999999984 0.030018999999999962
73 0.3203125 0.695591 0.02312499999999995 0.038461999999999996
73 0.3459375 0.4394935 0.023125000000000007 0.045967000000000036
73 0.3821875 0.434803 0.03187499999999999 0.03658600000000001
73 0.4046875 0.523921 0.023125000000000007 0.042213999999999974
73 0.4221875 0.606473 0.026874999999999982 0.042213999999999974
73 0.4265625 0.4404315 0.02562500000000001 0.047843000000000024
73 0.43437499999999996 0.696529 0.03875000000000001 0.08348999999999995
73 0.4475 0.8409945000000001 0.044999999999999984 0.10412699999999997
73 0.4371875 0.512664 0.01937500000000003 0.049717999999999984
73 0.4503125 0.5886495 0.024375000000000036 0.07973700000000006
73 0.4846875 0.4666975 0.03187499999999999 0.05347099999999999
73 0.5081249999999999 0.709662 0.05999999999999994 0.04408999999999996
73 0.4996875 0.846154 0.03312499999999996 0.08067599999999997
73 0.5059374999999999 0.5787995 0.04312499999999997 0.07879900000000006
73 0.5059374999999999 0.39165099999999997 0.02312499999999995 0.04596600000000001
73 0.5284375 0.4629455 0.026874999999999982 0.05347099999999999
73 0.5618749999999999 0.5694185 0.04749999999999999 0.08255099999999993
73 0.566875 0.825516 0.04749999999999999 0.13508399999999998
73 0.5646875 0.6913695 0.034375000000000044 0.07317099999999999
73 0.573125 0.523452 0.04249999999999998 0.016885999999999957
73 0.5940624999999999 0.47138800000000003 0.026875000000000093 0.04033800000000004
73 0.6153125 0.5361165 0.02562500000000001 0.03846100000000008
73 0.6231249999999999 0.659006 0.02749999999999997 0.04408999999999996
73 0.6315625 0.434803 0.020625000000000004 0.03658600000000001
73 0.6478124999999999 0.564728 0.021874999999999978 0.04315200000000008
73 0.6515625 0.503283 0.021874999999999978 0.04596600000000001
73 0.6515625 0.38883650000000003 0.016875000000000084 0.036585000000000034
73 0.6559375000000001 0.437617 0.018125000000000058 0.038461999999999996
73 0.6665625 0.5637894999999999 0.018125000000000058 0.035647000000000095
73 0.683125 0.66182 0.036250000000000004 0.03658600000000001
73 0.6790624999999999 0.5070355 0.020625000000000004 0.03846100000000002
73 0.6796875 0.439493 0.016874999999999973 0.04221400000000003
73 0.686875 0.5605065 0.020000000000000018 0.03846099999999997
