73 0.1484375 0.5453125 0.184375 0.27187500000000003
73 0.1523435 0.2515625 0.192187 0.271875
73 0.153125 0.8562505 0.18125 0.28437500000000004
73 0.413281 0.8601565 0.19218800000000003 0.276563
73 0.4078125 0.5484375 0.17500100000000002 0.268751
73 0.41015599999999997 0.249219 0.17968800000000001 0.26406199999999996
73 0.667187 0.860156 0.19999999999999996 0.14218799999999998
73 0.6671875 0.546875 0.19062499999999993 0.265626
73 0.6671875 0.2476565 0.171875 0.260937
73 0.9140625 0.546875 0.1687510000000001 0.265626
73 0.9140625 0.8226565 0.1687510000000001 0.22031299999999998
73 0.917188 0.25 0.1625000000000001 0.26562399999999997
