73 0.0565625 0.7875000000000001 0.113125 0.16000000000000003
73 0.0946875 0.8275 0.08687500000000001 0.06000000000000005
73 0.16749999999999998 0.82125 0.07999999999999999 0.06583400000000006
73 0.226875 0.8345834999999999 0.08999999999999997 0.07416699999999998
73 0.3278125 0.795417 0.13687499999999997 0.13750000000000007
73 0.45375 0.7983335 0.12000000000000005 0.14333300000000004
73 0.5484374999999999 0.2508335 0.13687499999999997 0.19833299999999998
73 0.5759375 0.275 0.13812500000000005 0.19833400000000004
73 0.569375 0.795417 0.12375000000000003 0.11750000000000005
73 0.6699999999999999 0.71625 0.13374999999999992 0.08583400000000008
73 0.690625 0.325 0.12124999999999997 0.198334
73 0.6984375 0.6604165 0.12437500000000001 0.07083300000000003
