73 0.7725 0.53625 0.28625 0.684166
73 0.16874999999999998 0.46375 0.23249999999999998 0.7975000000000001
73 0.2825 0.525 0.07749999999999999 0.561666
73 0.2965625 0.4441665 0.051875000000000004 0.5516669999999999
73 0.3446875 0.46125 0.05687500000000001 0.5475
73 0.39437500000000003 0.47958300000000004 0.03750000000000003 0.5775
73 0.4271875 0.4304165 0.028124999999999956 0.585833
73 0.4278125 0.6145835000000001 0.026874999999999982 0.299167
73 0.4465625 0.4441665 0.02812500000000001 0.578333
73 0.4640625 0.4779165 0.026874999999999982 0.645833
73 0.48593749999999997 0.52 0.04312499999999997 0.53
73 0.530625 0.517083 0.06749999999999995 0.5425
73 0.596875 0.5016665 0.11249999999999993 0.473333
73 0.629375 0.45 0.11749999999999994 0.731666
73 0.6893750000000001 0.46499999999999997 0.03375000000000006 0.716666
73 0.711875 0.5254165 0.06625000000000003 0.595833
73 0.7390625 0.485833 0.07062500000000005 0.62
