73 0.0359375 0.8127915 0.071875 0.04014899999999999
73 0.13468750000000002 0.8081235 0.074375 0.034546999999999994
73 0.1190625 0.910831 0.02687500000000001 0.04762000000000011
73 0.4165625 0.8015875 0.07937499999999997 0.028945
73 0.41031249999999997 0.8762835 0.05687499999999995 0.04761900000000008
73 0.4915625 0.8006535 0.06812499999999999 0.03081299999999998
73 0.4865625 0.8636785 0.03687499999999999 0.046684999999999977
73 0.548125 0.8043885 0.04500000000000004 0.045750999999999986
73 0.5496875 0.8464055 0.02562500000000001 0.04201699999999997
73 0.5534375 0.8828195000000001 0.024375000000000036 0.023343000000000003
73 0.5828125 0.8809525 0.02937500000000004 0.023343000000000003
73 0.5828125 0.8482725 0.026874999999999982 0.04201699999999997
73 0.5865625 0.8043885 0.034375000000000044 0.04201700000000008
73 0.6996875 0.8053224999999999 0.08187500000000003 0.04761899999999997
73 0.7115625 0.859944 0.06437500000000007 0.046686000000000005
73 0.775625 0.8538745000000001 0.06374999999999997 0.034546999999999994
73 0.776875 0.8090569999999999 0.05625000000000002 0.02894399999999997
73 0.9853125 0.8034545 0.028125000000000067 0.05882299999999996
