73 0.0934375 0.1679165 0.130625 0.335833
73 0.2359375 0.16375 0.16062499999999996 0.3275
73 0.359375 0.1654165 0.10999999999999999 0.330833
73 0.46781249999999996 0.15875 0.11812499999999998 0.3175
73 0.5746875 0.155 0.09812500000000002 0.31
73 0.6596875 0.16 0.07187500000000002 0.32
73 0.7306250000000001 0.1616665 0.06500000000000006 0.323333
73 0.8196875 0.1720835 0.10562500000000008 0.34083300000000005
73 0.90125 0.16375 0.07000000000000006 0.3275
73 0.9640625 0.16375 0.06062500000000004 0.3275
