73 0.3336825 0.7178125 0.37447699999999995 0.11812500000000004
73 0.0308575 0.4915625 0.061715 0.10437499999999994
73 0.039226 0.2684375 0.078452 0.05812499999999998
73 0.048117 0.3559375 0.096234 0.05437500000000001
73 0.1380755 0.5725 0.276151 0.10250000000000004
73 0.2248955 0.6409374999999999 0.449791 0.13687499999999997
73 0.038702999999999994 0.19875 0.062762 0.05499999999999999
73 0.066946 0.4559375 0.085774 0.15562499999999996
73 0.161611 0.7384375 0.16004200000000002 0.06812499999999999
73 0.236925 0.18843749999999998 0.237448 0.061874999999999986
73 0.1584725 0.1184375 0.057531 0.058124999999999996
73 0.381799 0.4465625 0.10250999999999999 0.09562500000000002
73 0.4016735 0.34125 0.14225899999999997 0.11750000000000005
73 0.42573249999999996 0.19437500000000002 0.12343100000000001 0.06625
73 0.404289 0.2575 0.074268 0.05999999999999997
73 0.4346235 0.5215624999999999 0.10564899999999999 0.218125
73 0.4932005 0.2378125 0.11401699999999992 0.09562500000000002
73 0.5904815 0.3565625 0.285565 0.17562500000000003
73 0.656381 0.665 0.417364 0.12
73 0.536088 0.073125 0.14958199999999994 0.04625
73 0.5319035 0.11750000000000001 0.13493700000000003 0.04250000000000001
73 0.594665 0.213125 0.162134 0.07999999999999999
73 0.5962345 0.26 0.11506299999999992 0.027499999999999997
73 0.667887 0.4584375 0.1997899999999999 0.04062500000000002
73 0.6589959999999999 0.12375 0.07949799999999996 0.03749999999999999
73 0.6877614999999999 0.0775 0.13702899999999996 0.037500000000000006
73 0.735879 0.250625 0.074268 0.02250000000000002
73 0.8734310000000001 0.6121875 0.251046 0.11937500000000001
73 0.8106694999999999 0.27125 0.092051 0.060000000000000026
73 0.847803 0.5153125000000001 0.16004200000000002 0.14187500000000003
73 0.907427 0.6103125 0.18305400000000005 0.078125
