73 0.089844 0.220833 0.179688 0.15000000000000002
73 0.1882815 0.972917 0.285937 0.050000000000000044
73 0.43906249999999997 0.90625 0.271875 0.1833340000000001
73 0.4226565 0.20416650000000003 0.173437 0.20833300000000002
73 0.453125 0.33125000000000004 0.071874 0.07916600000000001
73 0.658594 0.6322915 0.34531200000000006 0.18541699999999994
73 0.55625 0.4 0.043749999999999956 0.03333400000000003
73 0.5453125 0.49270800000000003 0.015625 0.05624999999999997
73 0.549219 0.43854150000000003 0.02343800000000007 0.03958299999999998
73 0.5609375000000001 0.35624999999999996 0.04062500000000002 0.04999999999999999
73 0.6546875000000001 0.938542 0.19687500000000002 0.11875000000000002
73 0.6015625 0.207292 0.0812489999999999 0.08124999999999999
73 0.659375 0.28125 0.1875 0.09166600000000003
73 0.5976565 0.45625 0.04531300000000005 0.058334
73 0.607031 0.3666665 0.05468800000000007 0.07916699999999999
73 0.6304685 0.4625 0.03906300000000007 0.058334
73 0.6726559999999999 0.4552085 0.06093800000000005 0.07708300000000001
73 0.7359374999999999 0.41145849999999995 0.13437500000000002 0.189583
73 0.7234375 0.184375 0.03750100000000001 0.064584
73 0.836719 0.863542 0.260938 0.25625
73 0.739063 0.18020799999999998 0.012499999999999956 0.06875
