73 0.291875 0.5495829999999999 0.2275 0.23749999999999993
73 0.270625 0.7083335 0.12749999999999997 0.161667
73 0.298125 0.26749999999999996 0.15999999999999998 0.47
73 0.3771875 0.662917 0.14437500000000003 0.22250000000000003
73 0.38 0.4133335 0.11624999999999996 0.24833299999999997
73 0.4159375 0.3775 0.12437500000000001 0.21666600000000003
73 0.4528125 0.587917 0.104375 0.21750000000000003
73 0.50375 0.71875 0.14750000000000002 0.21083399999999997
73 0.5090625 0.5800000000000001 0.07187500000000002 0.12166599999999994
73 0.5653125 0.5379165 0.08437500000000009 0.11083300000000001
73 0.546875 0.5916665000000001 0.040000000000000036 0.05166700000000002
73 0.6421874999999999 0.7066669999999999 0.10312500000000002 0.22000000000000008
73 0.735 0.76375 0.16500000000000004 0.23083399999999998
