73 0.02079 0.369375 0.04158 0.02749999999999997
73 0.0280665 0.3346875 0.056133 0.025624999999999953
73 0.0291065 0.40375 0.047817 0.03125
73 0.040541 0.4421875 0.024947999999999998 0.02562500000000001
73 0.049376500000000004 0.483125 0.036383 0.03624999999999995
73 0.1242205 0.2628125 0.16528099999999998 0.02562500000000001
73 0.12993749999999998 0.29625 0.164241 0.027500000000000024
73 0.131497 0.36375 0.161122 0.03250000000000003
73 0.131497 0.329375 0.156964 0.03250000000000003
73 0.137214 0.3959375 0.149688 0.03937500000000005
73 0.144491 0.426875 0.15384599999999998 0.04249999999999998
73 0.1528065 0.4565625 0.147609 0.04812500000000003
73 0.181393 0.6478125 0.07380399999999998 0.08562500000000006
73 0.2032225 0.62 0.06548900000000002 0.08374999999999999
73 0.26819149999999997 0.2659375 0.12266099999999999 0.02562500000000001
73 0.2806655 0.29375 0.130977 0.03249999999999997
73 0.283264 0.3259375 0.13617400000000002 0.029374999999999984
73 0.280665 0.3515625 0.12473999999999999 0.03562500000000002
73 0.261954 0.6246875000000001 0.08316000000000004 0.08687499999999992
73 0.273389 0.384375 0.09979199999999999 0.03250000000000003
73 0.2822245 0.44375 0.11122700000000002 0.04250000000000004
73 0.2806655 0.4140625 0.10187099999999999 0.034375000000000044
73 0.3160085 0.6571875 0.10602899999999998 0.09687499999999993
