73 0.058333499999999996 0.6041205000000001 0.043333 0.06792900000000002
73 0.07083350000000001 0.75 0.028333000000000004 0.06124799999999997
73 0.07125000000000001 0.679287 0.012499999999999997 0.06013400000000002
73 0.09875 0.6113584999999999 0.040833999999999995 0.062361
73 0.10250000000000001 0.687082 0.043334 0.07572400000000001
73 0.1029165 0.7616925 0.044167 0.05790699999999993
73 0.1508335 0.619154 0.056666999999999995 0.07572400000000001
73 0.156667 0.7071270000000001 0.04999999999999999 0.06013400000000002
73 0.16041650000000002 0.7828505 0.05416699999999999 0.08240500000000006
73 0.22499999999999998 0.6314035 0.07666599999999998 0.07795099999999999
73 0.2291665 0.7227174999999999 0.07666700000000001 0.09354099999999999
73 0.23333350000000003 0.8028949999999999 0.07833300000000001 0.08686000000000005
73 0.3245835 0.6475500000000001 0.10416699999999995 0.09242800000000007
73 0.3283335 0.742205 0.10166699999999995 0.11470000000000002
73 0.3325 0.8424275 0.10499999999999998 0.09242700000000004
73 0.43625 0.780624 0.11083400000000004 0.11803999999999992
73 0.43291650000000004 0.878619 0.08583299999999999 0.109132
73 0.45625 0.6609130000000001 0.13249999999999995 0.11247200000000002
73 0.6191665 0.688196 0.166667 0.11804000000000003
73 0.593333 0.8073494999999999 0.09499999999999997 0.1269490000000001
73 0.6166665 0.9365255 0.13833300000000004 0.12472100000000008
73 0.7891665 0.9142539999999999 0.12166699999999997 0.048997999999999986
73 0.8066665 0.8830735000000001 0.146667 0.07349700000000003
73 0.8229165 0.7099105 0.160833 0.13697099999999995
73 0.94 0.9259465 0.09999999999999998 0.0679289999999999
