73 0.0310185 0.7680555 0.062037 0.2268509999999999
73 0.123611 0.696296 0.247222 0.35185200000000005
73 0.247222 0.226852 0.494444 0.201852
73 0.216204 0.8199075 0.428704 0.358333
73 0.09999999999999999 0.4472225 0.19074 0.207407
73 0.18379600000000001 0.6416664999999999 0.25463 0.23703700000000005
73 0.5546295 0.299537 0.7425930000000001 0.243518
73 0.5666665 0.5513889999999999 0.737037 0.17314799999999997
73 0.43101849999999997 0.4486115 0.18425899999999995 0.060185000000000044
73 0.952315 0.322222 0.09351799999999999 0.146296
73 0.9615739999999999 0.16435149999999998 0.07500000000000007 0.06203699999999998
73 0.9625 0.724074 0.07314799999999999 0.36666599999999994
73 0.9671295 0.520833 0.06388899999999997 0.22314800000000007
