73 0.0615625 0.287029 0.10312500000000001 0.07363999999999998
73 0.060625 0.413389 0.09625 0.05857800000000002
73 0.0621875 0.349791 0.099375 0.065272
73 0.0625 0.46025099999999997 0.08249999999999999 0.031799999999999995
73 0.19124999999999998 0.2698745 0.09 0.07447700000000002
73 0.195 0.338912 0.0875 0.05690400000000001
73 0.19125 0.4066945 0.07750000000000001 0.06861899999999999
73 0.1771875 0.46318000000000004 0.046875 0.029288000000000036
73 0.35468750000000004 0.279498 0.05437500000000001 0.05523
73 0.3540625 0.432636 0.041874999999999996 0.04853599999999997
73 0.356875 0.33891249999999995 0.04249999999999998 0.050209000000000004
73 0.359375 0.382008 0.04249999999999998 0.042677999999999994
73 0.365625 0.48535550000000005 0.05249999999999999 0.043515000000000026
73 0.364375 0.540167 0.04500000000000004 0.042677999999999994
73 0.4615625 0.3301255 0.015625 0.02928900000000001
73 0.4621875 0.28661099999999995 0.014374999999999971 0.03431000000000001
73 0.4659375 0.3677825 0.014375000000000027 0.03598299999999999
73 0.4684375 0.452301 0.01937500000000003 0.032636
73 0.4721875 0.414644 0.019374999999999976 0.032636
73 0.4809375 0.49205 0.02812500000000001 0.03682000000000002
73 0.5103125 0.2941425 0.010624999999999996 0.029288999999999954
73 0.630625 0.39414250000000006 0.21999999999999997 0.23933100000000002
73 0.635 0.5334725 0.03875000000000006 0.05606699999999998
73 0.6384375 0.3690375 0.03937499999999994 0.06861899999999999
73 0.64375 0.45523 0.04500000000000004 0.07531399999999999
73 0.69125 0.368201 0.04249999999999998 0.06359800000000004
73 0.6956249999999999 0.449791 0.04375000000000007 0.06108800000000003
73 0.749375 0.4518825 0.043749999999999956 0.06861899999999999
73 0.7515625 0.509205 0.03937499999999994 0.035984000000000016
73 0.76 0.360251 0.043749999999999956 0.06945600000000002
73 0.80875 0.3598325 0.04125000000000001 0.06359899999999996
73 0.81375 0.44477 0.04874999999999996 0.06945599999999996
73 0.83 0.5238495 0.05249999999999999 0.06861899999999999
73 0.875 0.525523 0.0475000000000001 0.061924000000000035
73 0.8815625 0.349791 0.04812499999999997 0.065272
73 0.943125 0.3514645 0.05249999999999999 0.06861899999999999
73 0.9356249999999999 0.5334725 0.03500000000000003 0.04602499999999998
73 0.94625 0.4414225 0.04375000000000007 0.07615099999999997
73 0.9853125 0.44142250000000005 0.028125000000000067 0.072803
73 0.9903124999999999 0.5125525 0.018125000000000058 0.03598300000000004
73 0.9909375 0.3585775 0.014375000000000027 0.054393000000000025
