73 0.240625 0.244583 0.24125000000000002 0.07250000000000001
73 0.159375 0.3545835 0.07375000000000001 0.07583300000000004
73 0.24625 0.5491665 0.22749999999999998 0.08666700000000005
73 0.1565625 0.632083 0.043125 0.0625
73 0.245625 0.4529165 0.22125 0.07916699999999999
73 0.285625 0.38125 0.04999999999999999 0.025833999999999968
73 0.31875 0.349583 0.08749999999999997 0.07250000000000001
73 0.3528125 0.798333 0.09437500000000004 0.05999999999999994
73 0.4109375 0.70625 0.08437499999999998 0.120834
73 0.4146875 0.5020830000000001 0.09187499999999998 0.08750000000000002
73 0.4215625 0.1683335 0.09937499999999999 0.106667
73 0.410625 0.59875 0.07500000000000001 0.0774999999999999
73 0.419375 0.2704165 0.09250000000000003 0.08583299999999996
73 0.433125 0.9420835000000001 0.1175 0.11416700000000002
73 0.4234375 0.40125 0.09062500000000001 0.09583399999999997
73 0.53 0.58375 0.1175 0.06916600000000006
73 0.5331250000000001 0.40375 0.11875000000000002 0.08416599999999996
73 0.53375 0.5037499999999999 0.11750000000000005 0.09083399999999997
73 0.5478125 0.177917 0.135625 0.07749999999999999
73 0.5453125 0.28375 0.128125 0.08250000000000002
