73 0.0175 0.562917 0.035 0.08250000000000002
73 0.0234375 0.6691665 0.046875 0.09166699999999994
73 0.0428125 0.455417 0.085625 0.08750000000000002
73 0.058125 0.7675 0.11625 0.11499999999999999
73 0.065625 0.5545835 0.07875 0.08583300000000005
73 0.075625 0.6545835 0.07125000000000001 0.089167
73 0.24562499999999998 0.4275 0.04124999999999998 0.04833399999999999
73 0.2934375 0.4808335 0.12937500000000002 0.05166699999999996
73 0.2965625 0.5358335000000001 0.12312500000000004 0.05166700000000002
73 0.30093749999999997 0.5916669999999999 0.129375 0.06999999999999995
73 0.30625 0.6487499999999999 0.12874999999999998 0.07416600000000007
73 0.306875 0.4275 0.09125 0.04833399999999999
73 0.3275 0.40125 0.03249999999999997 0.02749999999999997
73 0.405 0.4341665 0.125 0.06166700000000003
73 0.416875 0.517917 0.1175 0.07750000000000001
73 0.42625 0.57375 0.11375000000000002 0.07250000000000001
73 0.4425 0.6416665 0.12250000000000005 0.088333
73 0.6109375 0.6245835 0.05437500000000006 0.025832999999999995
73 0.6340625 0.38 0.059374999999999956 0.043333999999999984
73 0.6315625 0.42291650000000003 0.02562500000000001 0.03583299999999995
73 0.6921875 0.37375 0.05687500000000001 0.04750000000000004
73 0.6990624999999999 0.41625 0.051875000000000004 0.03249999999999997
73 0.7093750000000001 0.4441665 0.04625000000000001 0.04166700000000001
73 0.71875 0.479583 0.03750000000000009 0.04249999999999998
73 0.7253125 0.5125 0.05062500000000003 0.04999999999999999
73 0.734375 0.55 0.050000000000000044 0.05333399999999999
73 0.7409375 0.39 0.05062500000000003 0.03999999999999998
73 0.7518750000000001 0.422083 0.04375000000000007 0.03749999999999998
73 0.754375 0.460833 0.043749999999999956 0.040000000000000036
73 0.7621875 0.4875 0.051875000000000004 0.03833399999999998
73 0.7725 0.5241665 0.04125000000000001 0.046667000000000014
73 0.8318749999999999 0.4529165 0.14249999999999996 0.16916699999999996
73 0.8940625 0.42041649999999997 0.06687500000000002 0.12083300000000002
73 0.9706250000000001 0.401667 0.057499999999999996 0.09999999999999998
