73 0.21437499999999998 0.8531895 0.39125 0.29174500000000003
73 0.495 0.149625 0.8775 0.29925
73 0.2534375 0.153377 0.384375 0.306754
73 0.346875 0.522045 0.5075 0.33114400000000005
73 0.5003124999999999 0.8480300000000001 0.13687499999999997 0.24765399999999993
73 0.5059375 0.8606945 0.13062500000000005 0.25422100000000003
73 0.47906249999999995 0.23123849999999999 0.06687499999999996 0.12101299999999998
73 0.5046875 0.890713 0.09187500000000004 0.21669800000000006
73 0.636875 0.554878 0.10250000000000004 0.20356400000000002
73 0.7859375 0.8606940000000001 0.385625 0.276736
73 0.67625 0.545497 0.13375000000000004 0.21857400000000005
73 0.77875 0.16182000000000002 0.2975 0.263602
73 0.85375 0.585835 0.21875 0.18855599999999995
