73 0.02125 0.5641665 0.0425 0.043333000000000066
73 0.10625 0.5270835 0.08249999999999999 0.04083300000000001
73 0.1009375 0.405 0.06687499999999999 0.05499999999999999
73 0.11531249999999998 0.586667 0.056874999999999995 0.04999999999999993
73 0.11499999999999999 0.46 0.051250000000000004 0.05166599999999999
73 0.21625 0.394583 0.035 0.03750000000000003
73 0.2353125 0.45208349999999997 0.020625000000000004 0.01583300000000004
73 0.2596875 0.6295835000000001 0.030625000000000013 0.07416699999999998
73 0.270625 0.5391665 0.05000000000000002 0.061666999999999916
73 0.3203125 0.47458350000000005 0.05687500000000001 0.03916700000000001
73 0.3146875 0.38916700000000004 0.03437499999999999 0.044999999999999984
73 0.3734375 0.6691670000000001 0.13437499999999997 0.06999999999999995
73 0.3778125 0.75875 0.130625 0.07750000000000001
73 0.339375 0.430417 0.04249999999999998 0.01749999999999996
73 0.343125 0.4754165 0.03749999999999998 0.04083300000000001
73 0.34375 0.582917 0.03874999999999995 0.022499999999999964
73 0.34375 0.5383335 0.03374999999999995 0.06666700000000003
73 0.349375 0.3933335 0.030000000000000027 0.046667000000000014
73 0.384375 0.5425 0.04750000000000004 0.06499999999999995
73 0.39531249999999996 0.4733335 0.05437500000000001 0.05166700000000002
73 0.383125 0.377917 0.02749999999999997 0.0675
73 0.4115625 0.5658335000000001 0.073125 0.07333299999999998
73 0.41031249999999997 0.37375 0.02437499999999998 0.07583400000000001
73 0.4371875 0.37375 0.026874999999999982 0.07249999999999995
73 0.443125 0.4295835 0.036250000000000004 0.01916699999999999
73 0.4703125 0.549583 0.05437500000000001 0.07250000000000001
73 0.4734375 0.44958299999999995 0.05062500000000003 0.017500000000000016
73 0.46187500000000004 0.37375 0.02250000000000002 0.07249999999999995
73 0.48125 0.42625 0.03500000000000003 0.02250000000000002
73 0.4896875 0.377083 0.030625000000000013 0.0625
73 0.544375 0.580417 0.07124999999999992 0.07250000000000001
73 0.558125 0.4125 0.01750000000000007 0.05333399999999999
73 0.5646875 0.7483335 0.030625000000000013 0.088333
73 0.5853124999999999 0.4691665 0.07187500000000002 0.06333299999999997
73 0.5640625 0.53 0.024375000000000036 0.050000000000000044
73 0.5659375 0.6629165 0.023125000000000062 0.07916699999999999
73 0.5884375 0.57125 0.04312499999999997 0.07083399999999995
73 0.576875 0.4091665 0.01375000000000004 0.05333300000000002
73 0.5918749999999999 0.7629170000000001 0.03874999999999995 0.01749999999999996
73 0.5934375000000001 0.41000000000000003 0.014374999999999916 0.051666000000000045
73 0.6109375 0.4004165 0.023125000000000062 0.025832999999999995
73 0.649375 0.70625 0.07374999999999998 0.02749999999999997
73 0.6453125 0.5625 0.048125000000000084 0.046666000000000096
73 0.6659375 0.6 0.026874999999999982 0.008334000000000064
73 0.6725 0.635833 0.03499999999999992 0.05499999999999994
73 0.6803125 0.42874999999999996 0.01187500000000008 0.03750000000000003
73 0.6925 0.4295835 0.012499999999999956 0.03916700000000001
73 0.7265625 0.527083 0.02187500000000009 0.02749999999999997
73 0.7278125 0.484583 0.01937500000000003 0.03249999999999997
73 0.7828124999999999 0.580417 0.03312499999999996 0.03749999999999998
73 0.788125 0.6741665 0.010000000000000009 0.043333000000000066
73 0.8728125 0.8258335 0.05312500000000009 0.04833299999999996
73 0.8825000000000001 0.7191665 0.06999999999999995 0.10666699999999996
73 0.8946875 0.567917 0.08937499999999998 0.12749999999999995
73 0.906875 0.4308335 0.09000000000000008 0.10166700000000001
73 0.9171875 0.9233335 0.10562499999999997 0.151667
73 0.95 0.84 0.09875 0.043333999999999984
73 0.96 0.3929165 0.036250000000000004 0.029167
73 0.97125 0.433333 0.05625000000000002 0.12
73 0.974375 0.7158329999999999 0.050000000000000044 0.1349999999999999
73 0.9846874999999999 0.595 0.02937500000000004 0.09333400000000003
