73 0.1990625 0.497778 0.236875 0.995556
73 0.4128125 0.6588890000000001 0.13437499999999997 0.537778
73 0.700625 0.203889 0.44875000000000004 0.407778
73 0.49749999999999994 0.9666665000000001 0.03999999999999998 0.06444499999999997
73 0.500625 0.5722225000000001 0.03875000000000001 0.09111100000000005
73 0.5025000000000001 0.460556 0.04250000000000004 0.10999999999999999
73 0.5387500000000001 0.8155555000000001 0.11124999999999996 0.155555
73 0.538125 0.9166665 0.10249999999999998 0.16444500000000006
73 0.540625 0.697222 0.10749999999999998 0.11444399999999999
73 0.5346875 0.5733334999999999 0.04437500000000005 0.093333
73 0.544375 0.438889 0.05625000000000002 0.10222199999999998
73 0.6028125 0.416111 0.078125 0.13
73 0.6096874999999999 0.733889 0.09187500000000004 0.13222200000000006
73 0.6078125 0.5716669999999999 0.08562500000000006 0.12777800000000006
73 0.6128125 0.9011115000000001 0.09562500000000007 0.14888899999999994
73 0.7153125 0.9405555 0.14437500000000003 0.11666700000000008
73 0.72125 0.3305555 0.15625 0.218889
73 0.72125 0.5733334999999999 0.14875000000000005 0.166667
73 0.7378125 0.8205555 0.17437499999999995 0.218889
73 0.8915625 0.2516665 0.21562500000000007 0.321111
73 0.8981250000000001 0.575 0.2025 0.23888799999999993
73 0.905 0.8672225 0.18874999999999997 0.26333300000000004
