73 0.5 0.576923 0.24750000000000005 0.251408
73 0.50625 0.175422 0.2575 0.24015
73 0.4321875 0.9174485 0.08562499999999995 0.163227
73 0.7621875 0.164634 0.23812500000000003 0.261726
73 0.7703125 0.55394 0.23187499999999994 0.25984999999999997
73 0.8471875 0.909944 0.06812499999999999 0.133208
73 0.9512499999999999 0.14212 0.09625000000000006 0.28424
73 0.9159375000000001 0.9165105 0.013124999999999942 0.165103
73 0.955625 0.551126 0.08750000000000002 0.26172599999999996
73 0.9321875 0.922139 0.024374999999999925 0.15384600000000004
73 0.975625 0.9038459999999999 0.04749999999999999 0.19043200000000005
