73 0.1428125 0.4595835 0.014374999999999999 0.035833000000000004
73 0.15187499999999998 0.50875 0.03 0.04083400000000004
73 0.1478125 0.555833 0.019375000000000003 0.050000000000000044
73 0.1453125 0.655 0.009374999999999994 0.04166599999999998
73 0.15875 0.6033335 0.036250000000000004 0.03833300000000006
73 0.22031250000000002 0.7554164999999999 0.016875 0.11583299999999996
73 0.22562500000000002 0.455 0.0012500000000000011 0.04166599999999998
73 0.230625 0.5525 0.011249999999999982 0.043333999999999984
73 0.2328125 0.5025000000000001 0.013124999999999998 0.04333400000000004
73 0.23593750000000002 0.6025 0.016875 0.040000000000000036
73 0.2640625 0.897917 0.021875000000000033 0.14749999999999996
73 0.31281250000000005 0.405 0.013124999999999998 0.051666000000000045
73 0.3153125 0.4966665 0.015625 0.041666999999999954
73 0.31281250000000005 0.45166649999999997 0.008124999999999993 0.041666999999999954
73 0.3171875 0.5483335 0.011874999999999969 0.03833299999999995
73 0.496875 0.6145835 0.04500000000000004 0.06416699999999997
73 0.5090625 0.681667 0.06937499999999996 0.07000000000000006
73 0.5925 0.655 0.08125000000000004 0.09999999999999998
73 0.5903125 0.7479165 0.06687500000000002 0.089167
73 0.6278125 0.685 0.013125000000000053 0.10833400000000004
73 0.678125 0.8200000000000001 0.07499999999999996 0.10333399999999993
73 0.7071875 0.7033335000000001 0.12812500000000004 0.13833299999999993
73 0.6621874999999999 0.5216665 0.0068750000000000755 0.036667000000000005
73 0.6784375 0.4845835 0.020625000000000004 0.030833
73 0.7071875 0.5279165 0.04812499999999997 0.02416700000000005
73 0.733125 0.47625 0.016249999999999987 0.02416600000000002
73 0.7628125 0.7316670000000001 0.026874999999999982 0.09500000000000008
73 0.7784375 0.5270835 0.04562500000000003 0.025832999999999995
73 0.8300000000000001 0.905833 0.07874999999999999 0.10499999999999998
73 0.88625 0.7779165 0.17874999999999996 0.17416699999999996
73 0.8990625 0.6154165 0.013125000000000053 0.030833
73 0.9003125000000001 0.575 0.010624999999999996 0.046665999999999985
73 0.911875 0.5291665 0.03374999999999995 0.04833299999999996
