73 0.1275 0.37958349999999996 0.255 0.13416699999999998
73 0.1303125 0.7066669999999999 0.260625 0.12
73 0.1309375 0.2216665 0.261875 0.146667
73 0.1334375 0.577083 0.266875 0.18249999999999994
73 0.21968749999999998 0.8658335 0.09437499999999999 0.098333
73 0.38375000000000004 0.831667 0.18 0.10499999999999998
73 0.3434375 0.24333349999999998 0.09187500000000004 0.11333299999999999
73 0.34781249999999997 0.556667 0.09687499999999999 0.10999999999999999
73 0.348125 0.390417 0.09249999999999997 0.08750000000000002
73 0.39656250000000004 0.7025 0.18937500000000002 0.15333400000000008
73 0.4509375 0.5308335 0.070625 0.12333300000000003
73 0.459375 0.2516665 0.07749999999999996 0.10333300000000001
73 0.46375 0.3829165 0.08125000000000004 0.07916699999999999
73 0.6356250000000001 0.775417 0.13 0.10750000000000004
73 0.6465624999999999 0.523333 0.12687499999999996 0.11500000000000005
73 0.6453125 0.38375000000000004 0.12187500000000007 0.08083400000000002
73 0.6434375 0.6445835 0.10687500000000005 0.12416700000000003
73 0.65125 0.24166700000000002 0.11749999999999994 0.11000000000000001
73 0.8375 0.724583 0.15749999999999997 0.16749999999999998
73 0.8584375 0.24416700000000002 0.18562500000000004 0.11500000000000002
73 0.8628125 0.400833 0.16937500000000005 0.08499999999999996
73 0.869375 0.5766665 0.14625 0.11833300000000002
