73 0.1158335 0.8987499999999999 0.206667 0.18000000000000005
73 0.0366665 0.485 0.073333 0.03374999999999995
73 0.04125 0.435625 0.0825 0.03749999999999998
73 0.0891665 0.15781250000000002 0.178333 0.045625
73 0.09 0.20750000000000002 0.18 0.046249999999999986
73 0.09125 0.2525 0.1825 0.03749999999999998
73 0.09125 0.385 0.1825 0.036250000000000004
73 0.056249999999999994 0.5328125 0.0975 0.038124999999999964
73 0.094583 0.485 0.05249999999999999 0.03374999999999995
73 0.162917 0.43374999999999997 0.04749999999999999 0.03375
73 0.2575 0.15781250000000002 0.141666 0.045625
73 0.279167 0.249375 0.18500000000000003 0.04125000000000001
73 0.2825 0.20375 0.19166599999999998 0.04250000000000001
73 0.20291700000000001 0.4303125 0.022499999999999992 0.04062500000000002
73 0.267917 0.385625 0.1525 0.03749999999999998
73 0.47750000000000004 0.1584375 0.18833400000000006 0.044375
73 0.4808335 0.25093750000000004 0.18666699999999997 0.03937499999999999
73 0.4820835 0.205625 0.18916700000000003 0.04625000000000001
73 0.4875 0.384375 0.173334 0.03750000000000003
73 0.5279165 0.43374999999999997 0.03416700000000006 0.03375
73 0.667917 0.1596875 0.1775 0.044375
73 0.67125 0.2090625 0.17583400000000005 0.044375
73 0.67125 0.2509375 0.17583400000000005 0.03562499999999999
73 0.67125 0.3834375 0.17583400000000005 0.03562500000000002
73 0.612083 0.5249999999999999 0.05249999999999999 0.036250000000000004
73 0.67125 0.43125 0.17083399999999993 0.036250000000000004
73 0.673333 0.4740625 0.17499999999999993 0.03937500000000005
73 0.7995835 0.8940625 0.39916700000000005 0.21062500000000006
73 0.6995834999999999 0.521875 0.11416700000000002 0.03249999999999997
73 0.85 0.1646875 0.16833399999999998 0.044375000000000026
73 0.8541665 0.25406249999999997 0.17333300000000007 0.04062499999999997
73 0.8545834999999999 0.213125 0.16416700000000006 0.047500000000000014
73 0.9670829999999999 0.17031249999999998 0.057499999999999996 0.03812499999999999
73 0.97 0.3578125 0.058334 0.03562499999999996
73 0.9579165000000001 0.3996875 0.029167000000000054 0.03437499999999999
73 0.965 0.486875 0.043333999999999984 0.03749999999999998
73 0.96375 0.5378125 0.03583399999999992 0.04062500000000002
73 0.9729165 0.2575 0.05083300000000002 0.04125000000000001
73 0.9733335000000001 0.21468749999999998 0.05166700000000002 0.040624999999999994
