73 0.203125 0.499531 0.40625 0.999062
73 0.4675 0.3212945 0.27375 0.28986900000000004
73 0.37093750000000003 0.11585400000000001 0.019374999999999976 0.040338
73 0.37531250000000005 0.1552535 0.023125000000000007 0.030956999999999985
73 0.38656250000000003 0.0694185 0.025624999999999953 0.048781000000000005
73 0.395 0.11397750000000001 0.03750000000000003 0.03658499999999999
73 0.3971875 0.1571295 0.025624999999999953 0.030957000000000012
73 0.4171875 0.074578 0.02562500000000001 0.04221400000000001
73 0.42000000000000004 0.1097565 0.012500000000000011 0.03189500000000001
73 0.5021875 0.0637895 0.03562500000000002 0.052532999999999996
73 0.5309375000000001 0.1008445 0.026875000000000093 0.038460999999999995
73 0.5346875 0.1543155 0.021874999999999978 0.036585000000000006
73 0.5540625 0.14728000000000002 0.03937499999999994 0.043151999999999996
73 0.5546875 0.10459650000000001 0.023125000000000062 0.034709000000000004
73 0.5553125 0.0633205 0.024375000000000036 0.029081000000000003
73 0.5815625 0.10459650000000001 0.02562500000000001 0.034709000000000004
73 0.5815625 0.1430585 0.02562500000000001 0.03470899999999999
73 0.5828125 0.0623825 0.028125000000000067 0.034709000000000004
73 0.6596875 0.4427765 0.145625 0.885553
73 0.598125 0.1017825 0.007500000000000062 0.040337
