73 0.295333 0.314 0.232 0.16
73 0.272 0.7775 0.18133400000000002 0.16900000000000004
73 0.255 0.4655 0.14600000000000002 0.123
73 0.35933350000000003 0.1485 0.317333 0.11699999999999999
73 0.424333 0.6565 0.10999999999999999 0.07499999999999996
73 0.4523335 0.3305 0.11533300000000002 0.139
73 0.565 0.4645 0.26066599999999995 0.121
73 0.532 0.607 0.10533400000000004 0.14400000000000002
73 0.594 0.7845 0.06000000000000005 0.17700000000000005
73 0.6903335 0.3145 0.04466700000000001 0.15100000000000002
73 0.798333 0.3095 0.17800000000000005 0.165
73 0.8063335 0.7865 0.19266700000000003 0.18100000000000005
73 0.857 0.4635 0.08200000000000007 0.119
