73 0.0625 0.3946135 0.125 0.10538700000000001
73 0.06875 0.4859485 0.1375 0.08196699999999996
73 0.092969 0.6943794999999999 0.10156199999999999 0.18969500000000006
73 0.06875 0.2810305 0.04375 0.08899300000000002
73 0.09999949999999999 0.2833725 0.02187499999999999 0.07494099999999998
73 0.1484375 0.6627635000000001 0.06562499999999999 0.051523000000000096
73 0.165625 0.2833725 0.04062399999999999 0.08430900000000002
73 0.21015650000000002 0.6920375000000001 0.126563 0.07259899999999997
73 0.2195315 0.386417 0.114063 0.10304400000000002
73 0.178125 0.6334895 0.01874999999999999 0.07259899999999997
73 0.21406250000000002 0.478923 0.09062500000000001 0.10538599999999998
73 0.21875 0.286885 0.040625999999999995 0.0726
73 0.259375 0.289227 0.04375000000000001 0.06323200000000001
73 0.307813 0.29039800000000004 0.03125 0.07025799999999999
73 0.3320315 0.3735365 0.067187 0.07259899999999997
73 0.336719 0.45433250000000003 0.057811999999999975 0.08430900000000002
73 0.3531255 0.29274 0.03437499999999999 0.07025800000000004
73 0.4078125 0.36416899999999996 0.02812500000000001 0.05386399999999997
73 0.4281245 0.35597199999999996 0.015625 0.05152200000000001
