73 0.0046875 0.48 0.009375 0.06
73 0.0071875 0.4045835 0.014375 0.06416700000000003
73 0.0121875 0.97 0.024375 0.058334
73 0.021875 0.7179165000000001 0.04375 0.13916699999999993
73 0.0265625 0.8408335 0.053125 0.151667
73 0.038125 0.9504170000000001 0.0475 0.09750000000000003
73 0.111875 0.484167 0.195 0.05499999999999999
73 0.1125 0.542917 0.19125 0.0625
73 0.11812500000000001 0.6066670000000001 0.195 0.05500000000000005
73 0.11812500000000001 0.4095835 0.1925 0.05416700000000002
73 0.1271875 0.6658335 0.176875 0.053332999999999964
73 0.128125 0.7404170000000001 0.165 0.0675
73 0.30093749999999997 0.7170835 0.17562499999999998 0.06916699999999998
73 0.2965625 0.6583335 0.16437499999999997 0.06833299999999998
73 0.2984375 0.54 0.16562499999999997 0.05166599999999999
73 0.299375 0.415833 0.15874999999999997 0.05499999999999999
73 0.300625 0.47416650000000005 0.16124999999999998 0.058333000000000024
73 0.300625 0.605 0.16124999999999998 0.058334
73 0.41031249999999997 0.5975 0.050624999999999976 0.05333399999999999
73 0.41031249999999997 0.7341664999999999 0.04562499999999997 0.08666699999999994
73 0.4121875 0.4791665 0.046875 0.06166700000000003
73 0.4128125 0.5408335 0.04812500000000003 0.053332999999999964
73 0.41625 0.6583334999999999 0.04125000000000001 0.05166700000000002
73 0.45718749999999997 0.7833330000000001 0.06437500000000002 0.1050000000000001
73 0.475625 0.6145835 0.07500000000000007 0.08083300000000004
73 0.48250000000000004 0.36916649999999995 0.07375000000000004 0.096667
73 0.48125000000000007 0.53375 0.06375000000000003 0.08083399999999996
73 0.48624999999999996 0.7050000000000001 0.07124999999999998 0.10666600000000004
73 0.4871875 0.4475 0.06187499999999996 0.08166600000000002
73 0.5059375 0.82375 0.05812500000000004 0.11749999999999994
73 0.5575 0.87375 0.0787500000000001 0.14416600000000002
73 0.6090625000000001 0.2845835 0.145625 0.175833
73 0.6090625000000001 0.38916649999999997 0.145625 0.153333
73 0.615 0.51625 0.15500000000000003 0.11916600000000005
73 0.61375 0.6575 0.15000000000000002 0.13666599999999995
73 0.6234375 0.7783335 0.14312499999999995 0.16333299999999995
73 0.698125 0.921667 0.22875 0.15500000000000003
73 0.8556250000000001 0.1241665 0.2875 0.248333
73 0.858125 0.4941665 0.2825 0.19833299999999998
73 0.860625 0.284167 0.27749999999999997 0.26
73 0.8634375000000001 0.8770835 0.271875 0.24416700000000002
73 0.8703125 0.7025 0.25812500000000005 0.20500000000000007
