73 0.056497 0.7418750000000001 0.112994 0.07500000000000007
73 0.1129945 0.81125 0.225989 0.21375
73 0.319209 0.459375 0.638418 0.40125000000000005
73 0.2161015 0.6753125 0.179849 0.12687500000000007
73 0.254708 0.9503125 0.149718 0.09562500000000007
73 0.31873799999999997 0.7128125 0.24764599999999998 0.150625
73 0.37900199999999995 0.9184375 0.080038 0.07687500000000003
73 0.48493450000000005 0.6009375 0.25988700000000003 0.13187499999999996
73 0.5287195 0.88375 0.13088499999999997 0.1875
73 0.6920904999999999 0.6975 0.31450100000000003 0.1775
73 0.658663 0.924375 0.12900200000000006 0.15000000000000002
73 0.7683615 0.6121875 0.259887 0.13312499999999994
73 0.7076275000000001 0.4240625 0.066855 0.109375
73 0.7843694999999999 0.6890624999999999 0.21092300000000008 0.11312500000000003
73 0.7909605 0.64375 0.224105 0.05249999999999999
73 0.9345574999999999 0.5590625 0.12900100000000003 0.150625
73 0.9755175 0.3609375 0.04708100000000004 0.044375
