73 0.39550799999999997 0.422526 0.24999999999999994 0.38411399999999996
73 0.49658199999999997 0.6634115 0.25293000000000004 0.303385
73 0.5229495 0.296875 0.209961 0.34635400000000005
73 0.6069335 0.3528645 0.188477 0.19531300000000001
73 0.6762695000000001 0.4869795 0.23535099999999998 0.36458299999999993
73 0.7119139999999999 0.6419269999999999 0.3066399999999999 0.317708
73 0.7954105 0.186849 0.12011700000000003 0.12109400000000001
73 0.8359375 0.3151045 0.1894530000000001 0.203125
73 0.9213865 0.5058595 0.155273 0.24348900000000007
73 0.9252925000000001 0.2923175 0.14746099999999995 0.23046900000000003
