73 0.09375 0.28125 0.15749999999999997 0.26520200000000005
73 0.2429165 0.266892 0.164167 0.236486
73 0.42 0.6739865 0.275 0.30743299999999996
73 0.3691665 0.2010135 0.166667 0.239865
73 0.52 0.6013515 0.286666 0.31418899999999994
73 0.5283335 0.191723 0.161667 0.238176
73 0.7258335 0.7086145 0.28833299999999995 0.44763500000000006
73 0.6854169999999999 0.211993 0.15750000000000008 0.224662
73 0.799167 0.180743 0.15000000000000002 0.246622
73 0.92875 0.19510149999999998 0.12249999999999994 0.201013
