73 0.0140625 0.8366105 0.028125 0.12827699999999997
73 0.0159375 0.501873 0.031875 0.050561999999999996
73 0.051875 0.8019665 0.10375 0.08333299999999999
73 0.065 0.38202250000000004 0.105 0.07116099999999997
73 0.06625 0.594101 0.1075 0.072098
73 0.049062499999999995 0.491105 0.009375000000000001 0.051498000000000044
73 0.1046875 0.465356 0.076875 0.08052399999999998
73 0.1246875 0.6863295 0.114375 0.07490699999999995
73 0.15749999999999997 0.366573 0.06125 0.04775200000000002
73 0.15437499999999998 0.582865 0.05000000000000002 0.04962600000000006
73 0.1765625 0.789326 0.084375 0.06928800000000002
73 0.2278125 0.463483 0.07437500000000002 0.061797999999999964
73 0.21687499999999998 0.571161 0.05000000000000002 0.05805199999999999
73 0.21625 0.676966 0.04625000000000001 0.06741600000000003
73 0.24593750000000003 0.9723785 0.08937500000000001 0.053370999999999946
73 0.2190625 0.3445695 0.02562500000000001 0.06554299999999996
73 0.2584375 0.34831449999999997 0.02812500000000001 0.04681700000000005
73 0.30093749999999997 0.5496255 0.11312499999999998 0.08052499999999996
73 0.2734375 0.698034 0.034375000000000044 0.023407999999999984
73 0.30656249999999996 0.7799625 0.09062500000000001 0.0730329999999999
73 0.2925 0.4536515 0.016249999999999987 0.049624999999999975
73 0.315 0.330056 0.043749999999999956 0.05149799999999999
73 0.34062499999999996 0.6601125 0.04375000000000001 0.07116100000000003
73 0.39437500000000003 0.7691945 0.019999999999999962 0.06647899999999995
73 0.4728125 0.755618 0.08187500000000003 0.07490599999999992
73 0.49375 0.6357675 0.09625 0.06554300000000002
73 0.47375 0.30103 0.03875000000000001 0.055244000000000015
73 0.4846875 0.5262169999999999 0.021874999999999978 0.061797999999999964
73 0.5596875 0.28838949999999997 0.12562500000000004 0.07303299999999996
73 0.528125 0.514981 0.04249999999999998 0.08052400000000004
73 0.5359375 0.7481275000000001 0.03437499999999993 0.07116099999999992
73 0.6096874999999999 0.392322 0.0893750000000001 0.07303400000000004
73 0.606875 0.508427 0.05625000000000002 0.05618000000000001
73 0.634375 0.7378279999999999 0.05249999999999999 0.07303399999999993
73 0.6334375 0.6090825 0.03937499999999994 0.04588099999999995
73 0.6390625 0.503277 0.013125000000000053 0.057115999999999945
73 0.6665625 0.2691945 0.0681250000000001 0.06086099999999997
73 0.6571875 0.49297749999999996 0.02312499999999995 0.06273499999999993
73 0.6646875 0.6109549999999999 0.015625 0.03464400000000001
73 0.6799999999999999 0.380618 0.04375000000000007 0.064606
73 0.6984375 0.715356 0.078125 0.09737799999999996
73 0.6815625000000001 0.6025285 0.013124999999999942 0.047752999999999934
73 0.7096875 0.6034645000000001 0.015625 0.04213499999999992
