73 0.0375 0.4140625 0.075 0.12812500000000004
73 0.074219 0.65 0.148438 0.13749999999999996
73 0.06562499999999999 0.536719 0.12499999999999999 0.104688
73 0.2375 0.225781 0.23750000000000002 0.07968800000000001
73 0.367969 0.5320309999999999 0.43906200000000006 0.09531199999999995
73 0.49062500000000003 0.4125 0.640626 0.13125000000000003
73 0.38203149999999997 0.6328125 0.407813 0.1062510000000001
73 0.6257815 0.071094 0.5265630000000001 0.142188
73 0.6171875 0.267969 0.493749 0.154688
73 0.6500005 0.807812 0.059374999999999956 0.16874999999999996
73 0.7640625000000001 0.873438 0.14687499999999998 0.15625
