73 0.0962085 0.11 0.192417 0.22
73 0.1028435 0.1725 0.205687 0.1725
73 0.1042655 0.39468749999999997 0.208531 0.08687499999999998
73 0.1184835 0.2921875 0.236967 0.104375
73 0.1450235 0.4809375 0.204739 0.09937499999999999
73 0.6099525 0.509375 0.21706099999999995 0.18249999999999994
73 0.5374405 0.1940625 0.06255900000000003 0.06437500000000002
73 0.6905215 0.1275 0.306161 0.20500000000000002
73 0.643602 0.078125 0.197156 0.15625
73 0.6450235 0.231875 0.19431299999999996 0.19125
73 0.648815 0.3784375 0.17156400000000005 0.133125
