73 0.0621875 0.434363 0.120625 0.866796
73 0.085 0.466216 0.060000000000000005 0.667954
73 0.1475 0.486969 0.09374999999999999 0.798262
73 0.255625 0.513996 0.15375000000000003 0.763514
73 0.3609375 0.530405 0.07187499999999997 0.757722
73 0.421875 0.5033785 0.09875 0.751931
73 0.51 0.472973 0.09375 0.73359
73 0.6012500000000001 0.4946915 0.09124999999999994 0.761583
73 0.6715625000000001 0.4917955 0.09062500000000007 0.767375
73 0.7415625 0.502896 0.08187499999999992 0.868726
73 0.8278125000000001 0.539575 0.07062500000000005 0.73166
73 0.91125 0.5738415 0.11125000000000007 0.694015
