73 0.016875 0.23 0.03375 0.353334
73 0.133125 0.0625 0.24624999999999997 0.08499999999999999
73 0.058124999999999996 0.2541665 0.04125 0.318333
73 0.18125 0.110833 0.20500000000000002 0.10500000000000001
73 0.095 0.271667 0.03 0.27
73 0.11812500000000001 0.2841665 0.023750000000000007 0.22833299999999998
73 0.13875 0.2583335 0.05500000000000001 0.296667
73 0.169375 0.2883335 0.00874999999999998 0.246667
73 0.174375 0.26916650000000003 0.016249999999999987 0.271667
73 0.200625 0.2816665 0.04625000000000001 0.266667
73 0.275 0.045 0.17750000000000002 0.08333399999999999
73 0.2825 0.061667 0.15250000000000002 0.06
73 0.234375 0.2833335 0.033749999999999974 0.253333
73 0.309375 0.0741665 0.16374999999999998 0.058332999999999996
73 0.31875 0.096667 0.16 0.05
73 0.268125 0.2875 0.03874999999999998 0.251666
73 0.303125 0.2775 0.06375000000000003 0.255
73 0.374375 0.259167 0.03125 0.305
