73 0.0509375 0.1923435 0.101875 0.085901
73 0.05375 0.09523799999999999 0.1075 0.09337
73 0.054375 0.3870215 0.10875 0.10364099999999998
73 0.041875 0.021942 0.0825 0.043884
73 0.0771875 0.2759105 0.073125 0.08496700000000001
73 0.2296875 0.41830100000000003 0.09312499999999999 0.089636
73 0.34875 0.5466855 0.28625 0.14285700000000007
73 0.34375 0.2539685 0.09875 0.078431
73 0.346875 0.1129785 0.10499999999999998 0.06909499999999999
73 0.348125 0.185808 0.10000000000000003 0.07656400000000002
73 0.38468749999999996 0.334267 0.17312500000000003 0.078432
73 0.3525 0.040616 0.10375000000000001 0.05695600000000001
73 0.4390625 0.1867415 0.08437500000000003 0.059757000000000005
73 0.4353125 0.24509799999999998 0.07187500000000002 0.05695599999999998
73 0.448125 0.11578 0.08999999999999997 0.07096200000000001
73 0.454375 0.0550885 0.09499999999999997 0.06722700000000001
73 0.4978125 0.453315 0.08437500000000003 0.12044799999999994
73 0.5203125 0.407096 0.12437500000000001 0.12885200000000002
73 0.526875 0.350607 0.11375000000000002 0.12605
73 0.5346875 0.282446 0.11937500000000001 0.12791800000000003
73 0.5403125 0.21195150000000001 0.11812499999999998 0.09337100000000001
73 0.5459375 0.152661 0.12437500000000001 0.101774
73 0.55375 0.076564 0.13750000000000007 0.087768
73 0.69875 0.0527545 0.050000000000000044 0.032679
73 0.8234375 0.3935575 0.296875 0.602241
73 0.7634375 0.068161 0.03312500000000007 0.031745999999999996
73 0.80375 0.078898 0.040000000000000036 0.030811999999999992
73 0.8434375000000001 0.09197 0.03437499999999993 0.019608
