73 0.109167 0.2353125 0.218334 0.15187500000000004
73 0.1119665 0.5615625 0.223933 0.15187499999999998
73 0.113716 0.08 0.227432 0.13499999999999998
73 0.1147655 0.3840625 0.229531 0.14562499999999995
73 0.1175645 0.7334375 0.235129 0.16437500000000005
73 0.1224635 0.9128125 0.244927 0.17062500000000003
73 0.4993005 0.0809375 0.49755099999999997 0.133125
73 0.5020994999999999 0.9128125 0.503149 0.17062500000000003
73 0.5041985 0.23125 0.5031490000000001 0.12625
73 0.502799 0.7281249999999999 0.493352 0.15000000000000002
73 0.5080475 0.5584375 0.49545100000000003 0.15187500000000004
73 0.5020990000000001 0.39 0.48075600000000007 0.14375
73 0.8852344999999999 0.9034375 0.22813099999999997 0.161875
73 0.886984 0.733125 0.22463199999999994 0.15375000000000005
73 0.8887335000000001 0.23531249999999998 0.2211329999999999 0.11812500000000001
73 0.8887335000000001 0.38656250000000003 0.2211329999999999 0.12937499999999996
73 0.8887335000000001 0.555 0.2211329999999999 0.14875
73 0.8946814999999999 0.0809375 0.209237 0.133125
