73 0.0170215 0.49964600000000003 0.034043 0.04104800000000003
73 0.06489400000000001 0.549186 0.025532000000000006 0.041048000000000084
73 0.082979 0.4883225 0.061702 0.032555000000000056
73 0.079787 0.5983725 0.046808 0.05307899999999999
73 0.131915 0.47983 0.025532 0.039632
73 0.1829785 0.4738145 0.04680900000000002 0.03043100000000004
73 0.4718085 0.7024060000000001 0.07765900000000003 0.03609399999999996
73 0.4845745 0.538924 0.09255299999999994 0.03467799999999999
73 0.4845745 0.6493275000000001 0.09255299999999994 0.03609300000000004
73 0.489362 0.5980185 0.09787200000000007 0.035385
73 0.48723399999999994 0.754777 0.08723399999999998 0.029016000000000042
73 0.5787230000000001 0.804671 0.09999999999999998 0.042462
73 0.579787 0.7533615 0.09787200000000007 0.03609299999999993
73 0.581383 0.6475584999999999 0.10106400000000004 0.032555
73 0.5797875 0.7045295 0.09361700000000006 0.02901699999999996
73 0.5851065 0.544232 0.09361699999999995 0.031140000000000057
73 0.5861705 0.5980185 0.09574499999999997 0.035385
73 0.8936170000000001 0.7912245 0.210638 0.3821650000000001
