73 0.1525 0.1341665 0.16125 0.08333299999999999
73 0.12875 0.5095835 0.10125 0.21416699999999994
73 0.12687500000000002 0.09125 0.07875000000000001 0.069166
73 0.1990625 0.65 0.164375 0.11499999999999999
73 0.45687500000000003 0.4241665 0.6375 0.621667
73 0.3525 0.879167 0.35124999999999995 0.24
73 0.279375 0.120417 0.08125000000000002 0.09250000000000001
73 0.3109375 0.2291665 0.09812499999999996 0.21666700000000003
73 0.32906250000000004 0.5966665 0.13437499999999997 0.25333300000000003
73 0.3490625 0.10250000000000001 0.06562500000000004 0.05
73 0.463125 0.095833 0.19124999999999998 0.10499999999999998
73 0.3878125 0.1108335 0.03187499999999999 0.05666700000000001
73 0.45218749999999996 0.1025 0.05562499999999998 0.091666
73 0.5065625 0.10124999999999999 0.05312499999999998 0.085834
73 0.5853125 0.6341665000000001 0.161875 0.311667
73 0.7953125 0.665417 0.17312499999999997 0.35250000000000004
73 0.8190625 0.5554165 0.17437499999999995 0.44916700000000004
73 0.92625 0.88 0.14625 0.23833400000000005
73 0.9059375000000001 0.42291650000000003 0.06062500000000004 0.13583300000000004
73 0.940625 0.5416665 0.11750000000000005 0.511667
