73 0.1062495 0.223485 0.153125 0.44697
73 0.6375005 0.257576 0.721875 0.515152
73 0.453125 0.4671715 0.23750000000000004 0.10606100000000007
73 0.4523435 0.534091 0.16718699999999997 0.06818199999999996
73 0.5132815000000001 0.6729795000000001 0.09531300000000004 0.08333299999999999
73 0.6546875 0.7512624999999999 0.05000099999999996 0.07828299999999999
73 0.65625 0.7007574999999999 0.05312600000000001 0.05303099999999994
73 0.6664065 0.8156565 0.05468699999999993 0.07070700000000008
73 0.659375 0.645202 0.03749999999999998 0.05303000000000002
73 0.7148435 0.669192 0.08593700000000004 0.06565599999999994
73 0.715625 0.719697 0.071874 0.06060600000000005
73 0.7226565 0.7664139999999999 0.07656300000000005 0.07323200000000007
73 0.8304685 0.756313 0.285937 0.34596000000000005
