73 0.26937500000000003 0.9329270000000001 0.1675 0.13227
73 0.2703125 0.8316135 0.150625 0.0966229999999999
73 0.4765625 0.933865 0.23562499999999997 0.130394
73 0.4425 0.5032829999999999 0.15500000000000003 0.19606
73 0.6775 0.0267355 0.20750000000000002 0.053471
73 0.718125 0.19043149999999998 0.25 0.24015099999999998
73 0.8778125 0.870544 0.12687500000000007 0.23077000000000003
73 0.9103125000000001 0.6242965 0.13687499999999997 0.265479
73 0.9234375 0.3991555 0.130625 0.145403
73 0.9293750000000001 0.2781425 0.11124999999999996 0.104127
