73 0.1284375 0.412917 0.096875 0.1225
73 0.1353125 0.549583 0.096875 0.1275
73 0.1409375 0.6825 0.093125 0.12333400000000005
73 0.15125 0.8133334999999999 0.09000000000000001 0.11666699999999997
73 0.2346875 0.416667 0.09187500000000001 0.11499999999999999
73 0.2415625 0.5508335 0.10312500000000002 0.10166699999999995
73 0.22031250000000002 0.6841664999999999 0.050625 0.11333300000000002
73 0.249375 0.8133330000000001 0.09250000000000003 0.10999999999999999
73 0.2446875 0.27208350000000003 0.06812499999999999 0.07916700000000002
73 0.329375 0.420833 0.08249999999999996 0.09999999999999998
73 0.34625 0.5829165000000001 0.08999999999999997 0.02083299999999999
73 0.328125 0.672083 0.04874999999999996 0.11749999999999994
73 0.35531250000000003 0.8091665 0.09562500000000002 0.10166699999999995
73 0.37375 0.2729165 0.07875000000000004 0.07083300000000003
73 0.42125 0.4004165 0.065 0.12416700000000003
73 0.4478125 0.554167 0.09937499999999999 0.09499999999999997
73 0.41874999999999996 0.66875 0.03875000000000001 0.11083399999999999
73 0.4553125 0.8133330000000001 0.09437499999999993 0.08999999999999997
73 0.4440625 0.2683335 0.06437500000000002 0.07166700000000001
73 0.4684375 0.67125 0.06312499999999999 0.11250000000000004
73 0.5659375 0.394583 0.09562500000000007 0.1175
73 0.5696875 0.52625 0.09812500000000002 0.11916600000000005
73 0.5684374999999999 0.785417 0.09062500000000007 0.11750000000000005
73 0.5728125 0.6579165 0.09687499999999993 0.12083299999999997
73 0.5765625000000001 0.2675 0.06062500000000004 0.06999999999999998
73 0.634375 0.78125 0.03125 0.12250000000000005
73 0.6671875 0.389583 0.08937499999999998 0.1275
73 0.6599999999999999 0.52875 0.06999999999999995 0.11083399999999999
73 0.6659375000000001 0.53375 0.01937500000000003 0.10083399999999998
73 0.7103125 0.2579165 0.06437500000000007 0.089167
73 0.7428125 0.3858335 0.046875 0.12333300000000003
73 0.7828124999999999 0.7975000000000001 0.03312499999999996 0.03833399999999998
73 0.8006249999999999 0.25 0.0675 0.10499999999999998
73 0.8540625 0.7637499999999999 0.09062500000000007 0.119166
73 0.84875 0.5166665 0.07250000000000001 0.12333299999999997
73 0.8409374999999999 0.39166650000000003 0.051875000000000004 0.10166700000000001
73 0.8615625 0.2416665 0.06187500000000001 0.10833300000000001
73 0.87875 0.25625 0.07125000000000004 0.08249999999999999
