73 0.1225 0.49906 0.245 0.99812
73 0.15625 0.2349625 0.2275 0.16541299999999998
73 0.1575 0.4295115 0.22500000000000003 0.171053
73 0.15875 0.6109024999999999 0.22250000000000003 0.15413500000000002
73 0.159375 0.0667295 0.22375 0.133459
73 0.2475 0.8336465 0.060000000000000026 0.18984900000000005
73 0.31937499999999996 0.781955 0.06375000000000003 0.12781999999999993
73 0.30562500000000004 0.069549 0.03375 0.139098
73 0.30937499999999996 0.4107145 0.03875000000000001 0.19736900000000007
73 0.311875 0.587406 0.03875000000000001 0.20488799999999996
73 0.31562500000000004 0.23402250000000002 0.03875000000000001 0.17105300000000004
73 0.3875 0.379699 0.11499999999999999 0.710526
73 0.5506249999999999 0.1663535 0.17374999999999996 0.332707
73 0.854375 0.49906 0.28875000000000006 0.99812
