73 0.0178125 0.8095685 0.035625 0.21388300000000005
73 0.0196875 0.487336 0.039375 0.27673600000000004
73 0.025 0.2115385 0.05 0.252345
73 0.025625 0.023452 0.05125 0.046904
73 0.05625 0.954034 0.1125 0.09005600000000002
73 0.08906249999999999 0.529081 0.075625 0.217636
73 0.090625 0.785647 0.06375 0.19606
73 0.09281249999999999 0.290807 0.063125 0.221388
73 0.08156250000000001 0.0497185 0.023124999999999993 0.099437
73 0.3278125 0.49015 0.020625000000000004 0.11350799999999994
73 0.5175 0.6139775000000001 0.09499999999999997 0.04784299999999997
73 0.52 0.768293 0.09500000000000003 0.061914000000000025
73 0.52125 0.535647 0.09499999999999997 0.065666
73 0.5225 0.695122 0.09750000000000003 0.07316999999999996
73 0.520625 0.39165099999999997 0.09125000000000005 0.060975999999999975
73 0.524375 0.4615385 0.09875 0.071295
73 0.52 0.835835 0.08749999999999997 0.06941799999999998
73 0.525625 0.25984999999999997 0.09125000000000005 0.06378999999999999
73 0.52625 0.31941850000000005 0.09000000000000002 0.051595
73 0.5321875 0.957786 0.06062500000000004 0.08255199999999996
73 0.620625 0.770169 0.10125000000000006 0.065666
73 0.62375 0.3212945 0.10499999999999998 0.05909900000000001
73 0.62375 0.8414634999999999 0.09999999999999998 0.061912999999999996
73 0.625 0.6135085 0.10250000000000004 0.06003700000000001
73 0.625625 0.3963415 0.10125000000000006 0.05534699999999998
73 0.624375 0.5365854999999999 0.09624999999999995 0.06003700000000001
73 0.624375 0.6955910000000001 0.09125000000000005 0.05347000000000002
73 0.625625 0.2551595 0.09375 0.05816099999999999
73 0.6287499999999999 0.958724 0.09999999999999998 0.065666
73 0.6309374999999999 0.46857400000000005 0.083125 0.049717999999999984
73 0.7025 0.5375235 0.06000000000000005 0.05816100000000002
73 0.7012499999999999 0.324109 0.04999999999999993 0.04596600000000001
73 0.703125 0.3963415 0.053749999999999964 0.06660500000000003
73 0.704375 0.771107 0.05625000000000002 0.06379000000000001
73 0.7025 0.69606 0.050000000000000044 0.06754199999999999
73 0.7050000000000001 0.4732645 0.05500000000000005 0.06285099999999999
73 0.703125 0.609756 0.04875000000000007 0.060038000000000036
73 0.70375 0.839587 0.050000000000000044 0.065666
73 0.704375 0.260788 0.04625000000000001 0.06566600000000003
