73 0.48291649999999997 0.6941664999999999 0.10916699999999996 0.05166700000000002
73 0.485 0.8633335 0.10166599999999998 0.043332999999999955
73 0.49 0.7841670000000001 0.10166600000000003 0.04999999999999993
73 0.4883335 0.9512499999999999 0.011667000000000038 0.03583400000000003
73 0.50125 0.9470835 0.017500000000000016 0.044166999999999956
73 0.5816665000000001 0.786667 0.10333300000000001 0.05499999999999994
73 0.5820835 0.865417 0.089167 0.04249999999999998
73 0.58875 0.6983334999999999 0.08916600000000008 0.05666699999999991
73 0.5970835 0.7025 0.019166999999999934 0.043333999999999984
73 0.838333 0.9758335 0.04499999999999993 0.046667000000000014
73 0.8741665 0.9570835 0.05666700000000002 0.07583300000000004
73 0.8879165 0.886667 0.035833000000000004 0.06499999999999995
73 0.942083 0.935833 0.01750000000000007 0.050000000000000044
