73 0.1771875 0.452917 0.280625 0.09250000000000003
73 0.0478125 0.3325 0.016875 0.11333399999999999
73 0.1771875 0.573333 0.24687499999999998 0.135
73 0.061562500000000006 0.339167 0.013125000000000005 0.09999999999999998
73 0.0803125 0.34333349999999996 0.014374999999999999 0.11166700000000002
73 0.0965625 0.345833 0.018125000000000002 0.09999999999999998
73 0.1165625 0.341667 0.02687500000000001 0.09499999999999997
73 0.2215625 0.72125 0.21437499999999998 0.120834
73 0.1334375 0.3366665 0.014374999999999999 0.091667
73 0.1509375 0.3366665 0.020625000000000004 0.088333
73 0.1790625 0.34333349999999996 0.02562499999999998 0.091667
73 0.1978125 0.346667 0.02437499999999998 0.09499999999999997
73 0.2109375 0.3425 0.009375000000000022 0.08666599999999997
73 0.2234375 0.3433335 0.019375000000000003 0.088333
73 0.2409375 0.344167 0.015625 0.08999999999999997
73 0.2590625 0.33999999999999997 0.013124999999999998 0.08166599999999996
73 0.2734375 0.33833349999999995 0.013125000000000053 0.091667
73 0.29093749999999996 0.3391665 0.019374999999999976 0.093333
73 0.3159375 0.34624999999999995 0.015625 0.065834
73 0.3825 0.540833 0.14625 0.10000000000000003
73 0.32281249999999995 0.33416650000000003 0.018125000000000002 0.096667
73 0.33687500000000004 0.3316665 0.007500000000000007 0.098333
73 0.34625 0.331667 0.006249999999999978 0.09499999999999997
73 0.3575 0.33499999999999996 0.0050000000000000044 0.10166599999999998
73 0.3690625 0.33999999999999997 0.010624999999999996 0.10500000000000004
73 0.3825 0.3425 0.008750000000000036 0.10000000000000003
73 0.39437500000000003 0.340833 0.00874999999999998 0.08999999999999997
73 0.40718750000000004 0.339167 0.009374999999999967 0.08999999999999997
73 0.420625 0.33916650000000004 0.009999999999999953 0.086667
73 0.433125 0.337917 0.006250000000000033 0.07749999999999996
73 0.494375 0.4295835 0.11125000000000007 0.08083299999999999
73 0.5321875 0.342917 0.176875 0.07249999999999995
73 0.5071875 0.5429170000000001 0.10312499999999997 0.07750000000000001
73 0.5084375 0.649167 0.09562500000000002 0.09999999999999998
73 0.5846875 0.42374999999999996 0.06187500000000001 0.069166
73 0.6996875 0.5716669999999999 0.27937499999999993 0.08999999999999997
73 0.595 0.5208335 0.0675 0.06666699999999998
73 0.639375 0.8579165 0.07125000000000004 0.150833
73 0.7046874999999999 0.34875 0.16812499999999997 0.07083400000000001
73 0.70875 0.421667 0.16999999999999993 0.05499999999999999
73 0.711875 0.4983335 0.16125 0.06666699999999998
73 0.8528125 0.33458350000000003 0.130625 0.08083299999999999
73 0.9612499999999999 0.3175 0.07625000000000004 0.05333399999999999
73 0.9612499999999999 0.4029165 0.07625000000000004 0.095833
73 0.9612499999999999 0.49583299999999997 0.07625000000000004 0.09000000000000002
73 0.9625 0.587083 0.07374999999999998 0.09250000000000003
73 0.9684375000000001 0.69625 0.06187500000000001 0.07750000000000001
