73 0.0628125 0.590417 0.095625 0.8175
73 0.153125 0.5025 0.11624999999999999 0.818334
73 0.2034375 0.5429165 0.06937499999999999 0.699167
73 0.27 0.61375 0.07124999999999998 0.540834
73 0.326875 0.5516665 0.07875000000000004 0.661667
73 0.385 0.53 0.07125000000000004 0.7216659999999999
73 0.4225 0.56375 0.044999999999999984 0.640834
73 0.4371875 0.49124999999999996 0.051875000000000004 0.779166
73 0.480625 0.4925 0.05625000000000002 0.788334
73 0.5253125 0.560417 0.05687499999999995 0.6475000000000001
73 0.585 0.592917 0.07625000000000004 0.5725
73 0.6009375 0.5533335 0.09687500000000004 0.681667
73 0.6325000000000001 0.5145835 0.03874999999999995 0.694167
73 0.665 0.58 0.03749999999999998 0.601666
73 0.6925 0.5720835 0.040000000000000036 0.609167
73 0.7296875 0.56125 0.06062500000000004 0.6425
73 0.7821875 0.5604165 0.04937500000000006 0.6441669999999999
73 0.9075 0.5429165 0.18374999999999997 0.6858329999999999
