73 0.288125 0.7959849999999999 0.35125 0.2418300000000001
73 0.40937500000000004 0.29972 0.10125 0.07656400000000002
73 0.410625 0.384687 0.10125 0.07656399999999997
73 0.4296875 0.49439750000000005 0.13937500000000003 0.09803900000000004
73 0.4309375 0.627451 0.13937499999999997 0.07282999999999995
73 0.5665625000000001 0.39495800000000003 0.12687499999999996 0.09710599999999997
73 0.5671875 0.7614380000000001 0.12812499999999993 0.10737600000000003
73 0.545625 0.502801 0.07999999999999996 0.11484600000000006
73 0.5846875 0.63352 0.15187499999999998 0.114846
73 0.5590625 0.2913165 0.09312500000000001 0.08590099999999998
73 0.66875 0.636788 0.03375000000000006 0.11578
73 0.751875 0.8160595 0.11499999999999999 0.154995
73 0.8190625 0.6806725 0.24187499999999995 0.149393
73 0.775 0.529879 0.14375000000000004 0.114846
73 0.753125 0.2731095 0.08999999999999997 0.11111099999999999
73 0.7734375 0.385154 0.12312499999999993 0.10177400000000003
73 0.97375 0.7105505000000001 0.05125000000000002 0.13632100000000003
73 0.979375 0.544351 0.040000000000000036 0.14752600000000005
73 0.98125 0.3986925 0.036250000000000004 0.10457499999999997
73 0.98375 0.279178 0.03125 0.102708
