73 0.169375 0.877049 0.3375 0.09389000000000003
73 0.060000000000000005 0.4880775 0.11 0.806259
73 0.1765625 0.814456 0.328125 0.06110199999999999
73 0.2015625 0.756334 0.273125 0.06706400000000001
73 0.14250000000000002 0.4120715 0.08625000000000001 0.6691509999999999
73 0.14875 0.45976150000000005 0.04999999999999999 0.579731
73 0.21000000000000002 0.447839 0.05124999999999999 0.6035760000000001
73 0.24406250000000002 0.42622950000000004 0.02562500000000001 0.646795
73 0.26468749999999996 0.432936 0.023125000000000007 0.6542479999999999
73 0.3353125 0.447839 0.11562499999999998 0.788376
73 0.399375 0.4888225 0.14625 0.754099
73 0.4634375 0.584948 0.11562499999999998 0.5260799999999999
73 0.73 0.7578244999999999 0.46124999999999994 0.09985100000000002
73 0.7428125 0.852459 0.47687499999999994 0.08345800000000003
73 0.7025 0.6937405000000001 0.36749999999999994 0.07004500000000002
73 0.7381249999999999 0.661699 0.40374999999999994 0.068554
73 0.7259375 0.6073025000000001 0.37687500000000007 0.06110300000000002
73 0.755 0.5871835000000001 0.39625 0.10730300000000004
