73 0.1734375 0.6387499999999999 0.346875 0.3275
73 0.17656249999999998 0.8374999999999999 0.351875 0.056665999999999994
73 0.03875 0.42083349999999997 0.039999999999999994 0.04666699999999996
73 0.068125 0.4216665 0.03125000000000001 0.04833299999999996
73 0.11531250000000001 0.4175 0.060625 0.07
73 0.170625 0.40375 0.06874999999999998 0.09083399999999997
73 0.23093750000000002 0.40625 0.05187500000000003 0.07916599999999996
73 0.279375 0.4133335 0.04249999999999998 0.06166699999999997
73 0.31999999999999995 0.41583349999999997 0.03875000000000001 0.05666699999999997
73 0.3909375 0.8466665 0.05687500000000001 0.05666700000000002
73 0.405 0.5775 0.08000000000000002 0.050000000000000044
73 0.4078125 0.6316665 0.085625 0.04833299999999996
73 0.4028125 0.5216665 0.06437500000000002 0.048333000000000015
73 0.4078125 0.7395835 0.05937500000000001 0.11583299999999996
73 0.725 0.8154165 0.5487500000000001 0.094167
73 0.735625 0.685 0.22999999999999998 0.2066659999999999
73 0.9665625 0.672917 0.06562500000000004 0.1825
73 0.9671875000000001 0.5441665 0.06437499999999996 0.061666999999999916
73 0.9684375000000001 0.411667 0.06187500000000001 0.065
