73 0.06375 0.62 0.1275 0.0483340000000001
73 0.083125 0.655417 0.16625 0.012499999999999956
73 0.09875 0.8029165 0.1975 0.06916699999999998
73 0.173125 0.72125 0.34625 0.022500000000000075
73 0.175 0.6895835 0.35 0.01416700000000004
73 0.156875 0.6275 0.0325 0.04999999999999993
73 0.19187500000000002 0.6345835 0.008750000000000008 0.060833000000000026
73 0.2290625 0.6358334999999999 0.05062500000000003 0.06166700000000003
73 0.2875 0.92625 0.1325 0.125834
73 0.243125 0.8170835 0.03250000000000003 0.099167
73 0.28625 0.816667 0.06125000000000003 0.10999999999999999
73 0.284375 0.64125 0.04249999999999998 0.06916600000000006
73 0.3503125 0.6429165 0.05312500000000003 0.06583300000000003
73 0.4715625 0.87 0.294375 0.25833400000000006
73 0.38875 0.44166649999999996 0.04125000000000001 0.06333300000000003
73 0.42218750000000005 0.65625 0.049375 0.0774999999999999
73 0.431875 0.72125 0.06874999999999998 0.019165999999999905
73 0.49843750000000003 0.67125 0.07187500000000002 0.11250000000000004
73 0.6015625 0.674167 0.05687500000000001 0.10999999999999999
73 0.6265625 0.37458349999999996 0.06937499999999996 0.090833
73 0.6775 0.6929164999999999 0.04499999999999993 0.14416700000000005
73 0.764375 0.645 0.07874999999999999 0.046665999999999985
73 0.746875 0.693333 0.03375000000000006 0.040000000000000036
73 0.7653125 0.7362500000000001 0.06812499999999999 0.03583400000000003
73 0.8453124999999999 0.7458335 0.09187500000000004 0.031667
73 0.8521875 0.702917 0.09687500000000004 0.03749999999999998
73 0.850625 0.6466665 0.08875 0.053332999999999964
73 0.950625 0.7083335 0.09750000000000003 0.05166700000000002
73 0.9359375 0.76 0.06562500000000004 0.04166599999999998
73 0.9512499999999999 0.6570835 0.09625000000000006 0.035833000000000004
