73 0.083125 0.4804165 0.15875 0.224167
73 0.04625 0.0825 0.07750000000000001 0.165
73 0.08406250000000001 0.26625 0.135625 0.235834
73 0.094375 0.6895830000000001 0.14875000000000002 0.24250000000000005
73 0.11156250000000001 0.485 0.08437499999999999 0.133334
73 0.12562500000000001 0.16375 0.08375 0.1275
73 0.19968750000000002 0.6283335 0.09312499999999999 0.141667
73 0.1984375 0.475 0.08562499999999998 0.14499999999999996
73 0.19718750000000002 0.20916649999999998 0.061874999999999986 0.133333
73 0.204375 0.0895835 0.06874999999999998 0.130833
73 0.20875 0.3283335 0.07749999999999999 0.156667
73 0.2625 0.49 0.03500000000000003 0.10499999999999998
73 0.2728125 0.25458349999999996 0.053125000000000006 0.13416699999999998
73 0.2565625 0.6087499999999999 0.015625000000000028 0.025834000000000024
73 0.2571875 0.642083 0.016875 0.03749999999999998
73 0.2721875 0.369583 0.04687500000000003 0.1225
73 0.7765625 0.40208350000000004 0.130625 0.06083299999999997
73 0.9359375 0.39916700000000005 0.09812500000000002 0.05499999999999999
73 0.9471875000000001 0.46125 0.06312499999999999 0.03416600000000003
