73 0.06125 0.1621365 0.1225 0.140581
73 0.0703125 0.3069355 0.140625 0.13776899999999997
73 0.0721875 0.6115275 0.144375 0.1640109999999999
73 0.0734375 0.4615745 0.146875 0.12464900000000001
73 0.0775 0.759606 0.155 0.1677599999999999
73 0.080625 0.8776945 0.15875 0.13776899999999992
73 0.2803125 0.1091845 0.225625 0.188379
73 0.2809375 0.29428299999999996 0.219375 0.163074
73 0.2278125 0.464855 0.11062500000000003 0.153702
73 0.23125 0.6260545 0.10124999999999998 0.16119899999999998
73 0.2246875 0.7844424999999999 0.075625 0.14807899999999996
73 0.2290625 0.9090905 0.06437499999999999 0.08622299999999994
73 0.93125 0.930647 0.13624999999999998 0.13683200000000006
73 0.9043749999999999 0.26851 0.028749999999999942 0.21461999999999998
73 0.9271875 0.5079665 0.07187500000000002 0.17806899999999998
73 0.94875 0.0726335 0.10125000000000006 0.145267
73 0.9384375 0.27179050000000005 0.03437499999999993 0.22118100000000002
73 0.9753125 0.2722585 0.03687499999999999 0.20712299999999997
73 0.98125 0.5145265 0.036250000000000004 0.18369300000000005
73 0.9903124999999999 0.2619495 0.018125000000000058 0.23336500000000002
