73 0.351074 0.0558005 0.08691400000000005 0.029369000000000006
73 0.629883 0.143906 0.03125 0.108664
73 0.654785 0.0161525 0.08105400000000007 0.032305
73 0.6635745 0.27312800000000004 0.08886699999999992 0.164464
73 0.6533205 0.1314245 0.019530999999999965 0.11306899999999999
73 0.7597655 0.119677 0.19726500000000002 0.1395
73 0.777344 0.0124815 0.16992200000000002 0.024963
73 0.8442385 0.20557999999999998 0.02636700000000003 0.029367999999999977
73 0.9189449999999999 0.0837 0.04492200000000002 0.164464
73 0.9228514999999999 0.29074900000000004 0.035156999999999994 0.199706
73 0.963867 0.36270199999999997 0.07031200000000004 0.202644
73 0.9750975 0.0807635 0.04785099999999998 0.161527
