73 0.0590625 0.47750000000000004 0.118125 0.10666599999999998
73 0.1365625 0.114167 0.273125 0.19999999999999998
73 0.1690625 0.31625000000000003 0.338125 0.17750000000000002
73 0.078125 0.6825 0.10875000000000001 0.08333400000000002
73 0.12281249999999999 0.5816665000000001 0.171875 0.053332999999999964
73 0.213125 0.8408329999999999 0.29874999999999996 0.17499999999999993
73 0.2140625 0.08583350000000001 0.286875 0.091667
73 0.2209375 0.254583 0.27812499999999996 0.1425
73 0.1959375 0.485417 0.180625 0.14250000000000002
73 0.2409375 0.677917 0.24562500000000004 0.12250000000000005
73 0.229375 0.5516665000000001 0.14 0.06166700000000003
73 0.37 0.5579164999999999 0.18625000000000003 0.07416699999999998
73 0.34562499999999996 0.46208350000000004 0.12874999999999998 0.12416700000000003
73 0.5134375 0.15375 0.284375 0.16916599999999998
73 0.521875 0.329167 0.2825 0.15500000000000003
73 0.47500000000000003 0.8075 0.11875000000000002 0.15999999999999992
73 0.5703125 0.6504165 0.226875 0.11583299999999996
73 0.6103125 0.46625 0.12437500000000001 0.10916599999999999
73 0.784375 0.0804165 0.19499999999999995 0.13916699999999999
73 0.7962499999999999 0.2191665 0.19374999999999998 0.14833300000000002
73 0.8574999999999999 0.35791649999999997 0.08124999999999993 0.13916699999999999
73 0.8840625 0.7858335000000001 0.028124999999999956 0.12333300000000003
73 0.948125 0.49791700000000005 0.10250000000000004 0.1275
73 0.94875 0.36791700000000005 0.10125000000000006 0.1225
73 0.9496875 0.107917 0.09937499999999999 0.13249999999999998
73 0.9503125 0.2425 0.09812500000000002 0.098334
73 0.9509375 0.6229165 0.09687500000000004 0.11583300000000007
73 0.9593750000000001 0.7666664999999999 0.07999999999999996 0.11333300000000002
