73 0.132383 0.688 0.211812 0.4448
73 0.18431750000000002 0.4424 0.23014300000000001 0.055999999999999994
73 0.176171 0.36719999999999997 0.026476 0.052800000000000014
73 0.274949 0.36719999999999997 0.162932 0.055999999999999994
73 0.25763749999999996 0.2944 0.05498900000000001 0.009599999999999997
73 0.318737 0.48960000000000004 0.08757599999999999 0.012799999999999978
73 0.395112 0.4424 0.17515200000000003 0.04959999999999998
73 0.411405 0.288 0.167006 0.03520000000000001
73 0.4521385 0.3688 0.16700699999999996 0.0464
73 0.409369 0.4848 0.07332 0.016000000000000014
73 0.47556 0.21760000000000002 0.18126199999999998 0.051199999999999996
73 0.55499 0.1424 0.315682 0.054400000000000004
73 0.51833 0.4904 0.07535599999999992 0.0048000000000000265
73 0.5366595 0.08560000000000001 0.09572299999999995 0.039999999999999994
73 0.5366595 0.4424 0.09572299999999995 0.04959999999999998
73 0.5824845 0.2912 0.17107899999999993 0.03520000000000001
73 0.6272915 0.37039999999999995 0.15885900000000008 0.052800000000000014
73 0.650713 0.2224 0.17718999999999996 0.0416
73 0.6211815 0.4952 0.07739299999999993 0.017600000000000005
73 0.6873724999999999 0.4504 0.16904299999999994 0.052800000000000014
73 0.7566189999999999 0.2904 0.16496999999999995 0.03359999999999996
73 0.781059 0.6624000000000001 0.13645600000000002 0.057599999999999985
73 0.786151 0.5184 0.14256600000000008 0.05439999999999995
73 0.796334 0.36160000000000003 0.16293200000000008 0.07039999999999996
73 0.771894 0.8184 0.10997999999999997 0.043200000000000016
73 0.7953155000000001 0.7384 0.15682300000000005 0.0623999999999999
73 0.799389 0.8775999999999999 0.16497000000000006 0.07199999999999995
73 0.8126275000000001 0.6008 0.175153 0.05279999999999996
73 0.8686355 0.44799999999999995 0.15682299999999993 0.044800000000000006
73 0.912424 0.8200000000000001 0.14256599999999997 0.06559999999999999
73 0.92057 0.6752 0.14256599999999997 0.060799999999999965
73 0.8655805 0.292 0.020367000000000024 0.043200000000000016
73 0.92668 0.5216 0.14256600000000008 0.03839999999999999
73 0.9409365000000001 0.7407999999999999 0.11405300000000007 0.0736
73 0.9246435 0.3736 0.0610989999999999 0.0464
73 0.9460285 0.5904 0.10386899999999999 0.060799999999999965
73 0.979633 0.4544 0.036660000000000026 0.044800000000000006
