73 0.043125 0.819583 0.08625 0.1925
73 0.0525 0.9450000000000001 0.105 0.10833400000000004
73 0.0571875 0.6316665 0.114375 0.161667
73 0.2521875 0.587917 0.18062500000000004 0.13749999999999996
73 0.2565625 0.885 0.179375 0.191666
73 0.2384375 0.7370835 0.138125 0.18416699999999997
73 0.2528125 0.957917 0.14312500000000003 0.08250000000000002
73 0.4096875 0.5741670000000001 0.09312500000000001 0.09999999999999998
73 0.40875 0.6775 0.08125000000000004 0.12
73 0.414375 0.7720835 0.07874999999999999 0.13083299999999998
73 0.41812499999999997 0.891667 0.08375000000000005 0.15999999999999992
73 0.5078125 0.47833349999999997 0.06437500000000002 0.05666699999999997
73 0.5115624999999999 0.554167 0.06437499999999996 0.08499999999999996
73 0.5090625 0.7283335 0.05437500000000001 0.10166700000000006
73 0.5134375 0.631667 0.055625000000000036 0.09499999999999997
73 0.5134375 0.8141665 0.05312500000000003 0.10833300000000001
73 0.579375 0.54125 0.05249999999999999 0.07250000000000001
73 0.5846875 0.7575000000000001 0.04562500000000003 0.08833400000000002
73 0.5853125 0.6845829999999999 0.046875 0.0824999999999999
73 0.583125 0.6095835000000001 0.040000000000000036 0.07083300000000003
73 0.638125 0.630833 0.036250000000000004 0.255
73 0.7906249999999999 0.5929165000000001 0.1725 0.19916699999999998
73 0.9493750000000001 0.69625 0.08750000000000002 0.605834
