73 0.3928125 0.830675 0.070625 0.042214000000000085
73 0.546875 0.60788 0.14625 0.12570400000000004
73 0.6378125 0.9038459999999999 0.24687499999999996 0.17729800000000007
73 0.6409374999999999 0.7701685 0.250625 0.163227
73 0.5762499999999999 0.6439965000000001 0.10124999999999995 0.11538499999999996
73 0.6678124999999999 0.37992499999999996 0.271875 0.15197
73 0.5653125 0.260788 0.0618749999999999 0.06003799999999998
73 0.57375 0.508443 0.05499999999999994 0.09005600000000002
73 0.6184375 0.51454 0.08062499999999995 0.10975599999999996
73 0.649375 0.2462475 0.11624999999999996 0.09287100000000004
73 0.6959375 0.6519699999999999 0.17937500000000006 0.15759800000000002
73 0.6815625 0.522983 0.078125 0.10037599999999997
73 0.749375 0.268293 0.10375000000000001 0.08630400000000002
73 0.753125 0.5286115 0.0675 0.11163299999999993
73 0.8728125 0.9291745 0.22312500000000002 0.13977499999999998
73 0.888125 0.823171 0.22250000000000003 0.17729799999999996
73 0.8925000000000001 0.6932455 0.21375 0.15947499999999992
73 0.8984375 0.5403375 0.20187500000000003 0.165103
73 0.9021875 0.267355 0.19437499999999996 0.08818000000000004
73 0.9071875 0.3977485 0.18437500000000007 0.15009300000000003
