73 0.6591665 0.6599999999999999 0.098333 0.10999999999999999
73 0.6708335 0.7775 0.11833300000000002 0.09499999999999997
73 0.8075 0.46375 0.38166600000000006 0.10250000000000004
73 0.6758335 0.54625 0.10833300000000001 0.09749999999999998
73 0.6525000000000001 0.35750000000000004 0.03500000000000003 0.05499999999999999
73 0.8316665000000001 0.36125 0.333333 0.08750000000000002
73 0.8875 0.24625 0.22166600000000003 0.10749999999999998
73 0.8991665 0.5700000000000001 0.19833299999999998 0.10999999999999999
73 0.8658335 0.69 0.10833300000000001 0.10999999999999999
73 0.865 0.8049999999999999 0.09000000000000008 0.09999999999999998
