73 0.0745835 0.7590625 0.149167 0.06812499999999999
73 0.0758335 0.5771875 0.151667 0.03937500000000005
73 0.0779165 0.5165625 0.155833 0.04437499999999994
73 0.0779165 0.629375 0.155833 0.05125000000000002
73 0.080833 0.690625 0.155 0.05500000000000005
73 0.245 0.6837500000000001 0.173334 0.05500000000000005
73 0.2495835 0.5762499999999999 0.16416699999999998 0.04749999999999999
73 0.2495835 0.6315625 0.16416699999999998 0.04937499999999995
73 0.255 0.7453125 0.161666 0.048125000000000084
73 0.25625 0.51375 0.154166 0.04250000000000004
73 0.43166649999999995 0.685625 0.168333 0.05125000000000002
73 0.4408335 0.6265624999999999 0.17833300000000002 0.05312499999999998
73 0.431667 0.52 0.14999999999999997 0.04125000000000001
73 0.434167 0.5709375 0.15000000000000002 0.034375000000000044
73 0.6016665 0.6309374999999999 0.161667 0.05437499999999995
73 0.60375 0.571875 0.16583400000000004 0.050000000000000044
73 0.58875 0.6865625 0.13250000000000006 0.04937500000000006
73 0.6070835 0.5215624999999999 0.150833 0.04437499999999994
73 0.7720834999999999 0.5703125 0.165833 0.03937499999999994
73 0.7016665 0.5153125 0.018333000000000044 0.03562499999999996
73 0.78125 0.6240625 0.16583400000000004 0.05437499999999995
73 0.7849999999999999 0.690625 0.173334 0.04749999999999999
73 0.7891665 0.5165625 0.141667 0.04812500000000003
73 0.93625 0.525 0.125834 0.03125
73 0.93625 0.5759375 0.125834 0.04437500000000005
73 0.9408335 0.6315625 0.11666700000000008 0.04937499999999995
73 0.9420835 0.68875 0.10916700000000001 0.05125000000000002
