73 0.418148 0.26406250000000003 0.836296 0.18812500000000001
73 0.4204865 0.48875 0.790459 0.16625
73 0.422825 0.686875 0.7951360000000001 0.15874999999999995
73 0.423293 0.99125 0.790458 0.016249999999999987
73 0.4359215 0.878125 0.800749 0.16249999999999998
73 0.5954165 0.0721875 0.8072969999999999 0.144375
73 0.835828 0.490625 0.051449999999999996 0.18250000000000005
73 0.9256314999999999 0.993125 0.11693100000000001 0.012500000000000067
73 0.92797 0.8809374999999999 0.11786799999999997 0.13687499999999997
73 0.9050515 0.5009375 0.03648300000000004 0.14187500000000003
73 0.942002 0.7040625 0.11038400000000004 0.19687500000000002
73 0.947147 0.2778125 0.10383599999999993 0.164375
73 0.9373245 0.5093749999999999 0.06922300000000003 0.11124999999999996
73 0.9700655 0.505 0.05799900000000002 0.12624999999999997
