73 0.201747 0.1403125 0.403494 0.21187499999999998
73 0.216722 0.6821875 0.433444 0.28312499999999996
73 0.2233775 0.8790625000000001 0.446755 0.24062499999999998
73 0.2246255 0.40375 0.449251 0.23250000000000004
73 0.6002495 0.1925 0.348585 0.16249999999999998
73 0.6277035 0.385625 0.39351100000000006 0.1725
73 0.6310315 0.7821875 0.391847 0.27812500000000007
73 0.6185525 0.5915625 0.356905 0.21562499999999996
73 0.6148085 0.055625 0.32279499999999994 0.11125
73 0.8947585 0.6675 0.20881899999999998 0.14500000000000002
73 0.8980865 0.536875 0.20216299999999998 0.13000000000000006
73 0.9047419999999999 0.09031249999999999 0.1888519999999999 0.138125
73 0.9047419999999999 0.389375 0.1888519999999999 0.12125000000000002
73 0.90599 0.24312499999999998 0.18635599999999997 0.10250000000000001
