73 0.0515625 0.2020835 0.103125 0.08416699999999999
73 0.0528125 0.3375 0.105625 0.09000000000000002
73 0.148125 0.325417 0.036250000000000004 0.09250000000000003
73 0.1946875 0.32708349999999997 0.061874999999999986 0.095833
73 0.480625 0.6520835 0.15125 0.229167
73 0.478125 0.54 0.11250000000000004 0.11166599999999993
73 0.47375 0.2929165 0.07749999999999996 0.06916700000000003
73 0.499375 0.39 0.06749999999999995 0.09833399999999998
73 0.5321875 0.6208335 0.06062500000000004 0.033332999999999946
73 0.57875 0.53375 0.08374999999999999 0.09916599999999998
73 0.5840624999999999 0.42874999999999996 0.09437499999999999 0.1175
73 0.5774999999999999 0.306667 0.06874999999999998 0.11000000000000004
73 0.7809375000000001 0.5895835 0.436875 0.32583299999999993
73 0.7771875 0.3429165 0.16312499999999996 0.07916699999999999
73 0.920625 0.3720835 0.07250000000000001 0.06916699999999998
