73 0.0121875 0.49249999999999994 0.024375 0.09333399999999997
73 0.0140625 0.6104164999999999 0.028125 0.07416699999999998
73 0.12468749999999999 0.3683335 0.175625 0.096667
73 0.1328125 0.47250000000000003 0.18062499999999998 0.09166600000000003
73 0.1328125 0.6 0.17562499999999998 0.09166600000000003
73 0.2928125 0.345 0.11937499999999998 0.063334
73 0.2946875 0.44708349999999997 0.12312500000000001 0.08083299999999999
73 0.27625 0.6004164999999999 0.07499999999999998 0.12583299999999997
73 0.26187499999999997 0.7370835 0.028749999999999998 0.09583300000000006
73 0.32625 0.8833329999999999 0.04625000000000001 0.06500000000000006
73 0.4771875 0.35375 0.251875 0.3225
73 0.63125 0.863333 0.07000000000000006 0.09499999999999997
73 0.6325000000000001 0.38 0.053750000000000075 0.10166600000000003
73 0.8753124999999999 0.30375 0.24812500000000004 0.11583400000000002
73 0.8746875 0.58375 0.244375 0.10749999999999993
73 0.8759375 0.43374999999999997 0.24187499999999995 0.1175
73 0.86375 0.6904165 0.18125000000000002 0.04416700000000007
73 0.8987499999999999 0.9508335 0.1987500000000001 0.09666700000000006
73 0.9393750000000001 0.632917 0.07874999999999999 0.022500000000000075
