73 0.0375 0.7416665 0.051250000000000004 0.05666700000000002
73 0.06343750000000001 0.609167 0.10312500000000001 0.06000000000000005
73 0.0653125 0.6704165 0.099375 0.07583300000000004
73 0.0684375 0.307083 0.10062499999999999 0.0625
73 0.0659375 0.5645830000000001 0.093125 0.04250000000000009
73 0.0684375 0.45 0.09812499999999999 0.058334
73 0.0696875 0.5075 0.09562499999999999 0.05333399999999994
73 0.0753125 0.39666650000000003 0.095625 0.058333000000000024
73 0.07781249999999999 0.2491665 0.09562499999999999 0.05666700000000002
73 0.45718749999999997 0.6483334999999999 0.05937500000000001 0.04166700000000001
73 0.485625 0.293333 0.11624999999999996 0.11000000000000001
73 0.48875 0.4766665 0.1175 0.10833300000000001
73 0.49249999999999994 0.22375 0.11374999999999996 0.07750000000000001
73 0.48593749999999997 0.5800000000000001 0.09562499999999996 0.056665999999999994
73 0.495 0.385417 0.10874999999999996 0.07750000000000001
73 0.65875 0.1391665 0.18374999999999997 0.143333
73 0.6609375 0.450833 0.181875 0.15000000000000002
73 0.6615625 0.224583 0.17562500000000003 0.1375
73 0.6621874999999999 0.6229165 0.16937499999999994 0.12916700000000003
73 0.6703125 0.7962499999999999 0.18062500000000004 0.130834
73 0.6621875 0.344167 0.161875 0.125
73 0.8853125 0.84125 0.22812500000000002 0.18583399999999994
73 0.88875 0.4291665 0.21999999999999997 0.161667
73 0.8890625000000001 0.0604165 0.22062499999999996 0.120833
73 0.8890625000000001 0.2683335 0.22062499999999996 0.19166700000000003
73 0.8896875 0.1470835 0.219375 0.189167
73 0.8903125000000001 0.628333 0.21187499999999992 0.20499999999999996
