73 0.0685445 0.30550350000000004 0.137089 0.141963
73 0.0723005 0.4609135 0.144601 0.20012500000000005
73 0.46948350000000005 0.440275 0.679813 0.28893
73 0.28967149999999997 0.962164 0.228169 0.07442199999999999
73 0.279812 0.332708 0.155868 0.13883599999999996
73 0.496244 0.6019384999999999 0.549296 0.21200699999999995
73 0.3197185 0.313946 0.158685 0.141338
73 0.47464799999999996 0.970607 0.222536 0.05753600000000003
73 0.6755869999999999 0.9824895 0.20000000000000007 0.033770999999999995
73 0.7145539999999999 0.2582865 0.15398999999999996 0.11257100000000003
73 0.9375585 0.3167605 0.12300500000000003 0.198249
