73 0.2528125 0.496223 0.07437499999999997 0.061378000000000044
73 0.2534375 0.592068 0.07312499999999997 0.06798800000000005
73 0.2425 0.684608 0.038750000000000034 0.06421199999999994
73 0.260625 0.3994335 0.053749999999999964 0.08498499999999998
73 0.33499999999999996 0.3635505 0.10000000000000003 0.12653499999999995
73 0.338125 0.572238 0.09375 0.083098
73 0.34125 0.46695 0.09750000000000003 0.10481599999999996
73 0.416875 0.517469 0.04874999999999996 0.05854599999999993
73 0.5890625 0.253069 0.16062500000000002 0.156752
73 0.6353125 0.4565625 0.17062499999999992 0.11425900000000005
73 0.6346875000000001 0.3607175 0.166875 0.14353100000000002
73 0.6884375 0.5736545 0.05937500000000007 0.09348499999999993
73 0.690625 0.2134085 0.04500000000000004 0.134089
73 0.7665625 0.20774299999999998 0.09687499999999993 0.135978
73 0.7728125 0.33144450000000003 0.08187499999999992 0.09631700000000004
73 0.7728125 0.4466475 0.06937499999999996 0.10198299999999999
73 0.7590625 0.527384 0.020625000000000004 0.03871599999999997
