73 0.0790625 0.22 0.158125 0.295
73 0.3715625 0.168333 0.13687500000000002 0.06
73 0.3815625 0.09916649999999999 0.14187500000000003 0.053333000000000005
73 0.329375 0.4129165 0.034999999999999976 0.06083299999999997
73 0.370625 0.23041650000000002 0.1175 0.064167
73 0.388125 0.29833299999999996 0.15249999999999997 0.065
73 0.326875 0.35333349999999997 0.024999999999999967 0.06166699999999997
73 0.5703125 0.19166650000000002 0.07437500000000008 0.058332999999999996
73 0.578125 0.11583349999999999 0.08499999999999996 0.058332999999999996
73 0.65625 0.3991665 0.09375 0.08166699999999999
73 0.7228125 0.095 0.22187500000000004 0.09000000000000001
73 0.7046875 0.31333350000000004 0.17062500000000003 0.10166700000000001
73 0.7084375 0.20708349999999998 0.16312500000000008 0.08916699999999997
