73 0.02125 0.7021575 0.0425 0.057223000000000024
73 0.02375 0.748124 0.0475 0.04971799999999993
73 0.09125 0.5318944999999999 0.1825 0.05628500000000003
73 0.09125 0.5942775 0.1825 0.057223000000000024
73 0.1859375 0.44324600000000003 0.371875 0.10975600000000002
73 0.0228125 0.6519699999999999 0.044375 0.061913999999999914
73 0.18687499999999999 0.48546 0.3725 0.06285199999999996
73 0.0803125 0.642589 0.078125 0.061914000000000025
73 0.0809375 0.793621 0.079375 0.08630399999999994
73 0.0828125 0.7166980000000001 0.073125 0.07129400000000008
73 0.2559375 0.565666 0.378125 0.07316999999999996
73 0.1675 0.8316135 0.09125000000000001 0.10225100000000009
73 0.16875 0.6510315 0.09125000000000001 0.07504699999999997
73 0.16875 0.739212 0.09125000000000001 0.093808
73 0.210625 0.5267355 0.05875 0.027205000000000035
73 0.3103125 0.532833 0.11812500000000004 0.0262659999999999
73 0.521875 0.5464355 0.30750000000000005 0.12288899999999997
73 0.4865625 0.70591 0.03687499999999999 0.02345200000000003
73 0.6346875000000001 0.6923075000000001 0.16937499999999994 0.14258899999999997
73 0.7128125 0.5464355 0.07937499999999997 0.12288899999999997
73 0.7446875 0.6885555000000001 0.045624999999999916 0.138837
73 0.8759375 0.5417445 0.24687500000000007 0.12101299999999998
73 0.7893749999999999 0.706379 0.04625000000000001 0.07879999999999998
73 0.9046875000000001 0.697936 0.18937499999999996 0.13508399999999998
