73 0.3975 0.7629165 0.72625 0.27916699999999994
73 0.5387500000000001 0.27791699999999997 0.10750000000000004 0.07749999999999999
73 0.5393749999999999 0.22625 0.10875000000000001 0.08416599999999999
73 0.5409375 0.324583 0.10562500000000002 0.057499999999999996
73 0.5409375000000001 0.182917 0.10312500000000002 0.07750000000000001
73 0.5421875 0.12541650000000001 0.10062500000000002 0.08916700000000001
73 0.5484374999999999 0.38416649999999997 0.09312500000000001 0.058333000000000024
73 0.6643749999999999 0.2341665 0.15125 0.04833299999999999
73 0.6675 0.3858335 0.14500000000000002 0.06166700000000003
73 0.6671875 0.33166700000000005 0.13937499999999992 0.06
73 0.670625 0.185 0.14625 0.05333399999999999
73 0.6653125 0.2833335 0.12812500000000004 0.04333300000000001
73 0.6759375000000001 0.1333335 0.14312500000000006 0.053333000000000005
73 0.8153125 0.35124999999999995 0.15312499999999996 0.055833999999999995
73 0.82375 0.2816665 0.16749999999999998 0.046667000000000014
73 0.8243750000000001 0.4066665 0.15875000000000006 0.05166700000000002
73 0.8328125 0.1683335 0.17312500000000008 0.048333000000000015
73 0.8328125 0.22541650000000002 0.16562500000000002 0.044166999999999984
73 0.8390625 0.1083335 0.17312500000000008 0.048333
73 0.846875 0.9437500000000001 0.08999999999999997 0.08916599999999997
73 0.8612500000000001 0.8708335 0.08750000000000002 0.053332999999999964
73 0.8765624999999999 0.9204165 0.051875000000000004 0.054166999999999965
73 0.90375 0.9016665 0.07500000000000007 0.046667000000000014
73 0.9459375000000001 0.5 0.104375 0.06000000000000005
73 0.940625 0.8608335 0.07124999999999992 0.03833299999999995
73 0.9521875 0.41041649999999996 0.09437499999999999 0.08083299999999999
73 0.9528125000000001 0.3416665 0.09312500000000001 0.05333300000000002
73 0.9546875 0.2841665 0.08937499999999998 0.048333000000000015
73 0.9575 0.2083335 0.08374999999999999 0.07166700000000001
73 0.9625 0.144583 0.07374999999999998 0.062499999999999986
73 0.96375 0.085833 0.07125000000000004 0.055
73 0.9768749999999999 0.854167 0.04500000000000004 0.04499999999999993
