73 0.11125 0.7383445 0.17625 0.33872500000000005
73 0.27249999999999996 0.748811 0.14875 0.4053279999999999
73 0.35531250000000003 0.28972450000000005 0.21937500000000001 0.512845
73 0.424375 0.7545195 0.16249999999999998 0.40532900000000005
73 0.5446875 0.264986 0.17812500000000003 0.40628
73 0.578125 0.7340629999999999 0.15999999999999998 0.43862999999999996
73 0.7096875 0.269267 0.18937499999999996 0.456708
73 0.730625 0.722645 0.15749999999999997 0.40437600000000007
73 0.8712500000000001 0.31113250000000003 0.15875000000000006 0.399619
73 0.8878125 0.7331115 0.18937500000000007 0.42150299999999996
