73 0.040625 0.2608335 0.08125 0.21666700000000003
73 0.07062500000000001 0.2554165 0.08375 0.06916699999999998
73 0.1171875 0.41375 0.171875 0.08916599999999997
73 0.128125 0.33999999999999997 0.19375 0.10666599999999998
73 0.07625 0.4695835 0.0675 0.07416699999999998
73 0.1803125 0.26666650000000003 0.145625 0.10166700000000001
73 0.2028125 0.5129170000000001 0.09062500000000001 0.08750000000000002
73 0.2553125 0.189167 0.17937499999999998 0.03999999999999998
73 0.2215625 0.381667 0.06562500000000002 0.04999999999999999
73 0.228125 0.44833350000000005 0.05499999999999999 0.086667
73 0.23625000000000002 0.1504165 0.04125000000000001 0.030833
73 0.306875 0.37583350000000004 0.11499999999999999 0.096667
73 0.2859375 0.5441670000000001 0.05812499999999998 0.09500000000000003
73 0.3190625 0.474167 0.12437499999999996 0.11000000000000004
73 0.28437500000000004 0.2870835 0.03875000000000001 0.07083300000000003
73 0.288125 0.1529165 0.04625000000000001 0.029167
73 0.325625 0.29583349999999997 0.053749999999999964 0.06666699999999998
73 0.36375 0.3025 0.04249999999999998 0.04999999999999999
73 0.4184375 0.1954165 0.06437500000000002 0.034167
73 0.523125 0.20375 0.03125 0.027499999999999997
73 0.5709375000000001 0.4508335 0.030625000000000013 0.046667000000000014
73 0.57875 0.315417 0.03875000000000006 0.07250000000000001
73 0.57875 0.3908335 0.03875000000000006 0.06333299999999997
73 0.58125 0.1729165 0.04375000000000007 0.030833
73 0.6725 0.1754165 0.06374999999999997 0.029167
73 0.7265625 0.35375 0.05062499999999992 0.1275
73 0.93625 0.2604165 0.12624999999999997 0.22083300000000003
