73 0.01875 0.5597365 0.0375 0.22013100000000002
73 0.031875 0.8123235 0.06 0.20037700000000003
73 0.1221875 0.5569145 0.171875 0.21825099999999997
73 0.165625 0.41392300000000004 0.04625000000000001 0.07525799999999999
73 0.2671875 0.7982125 0.178125 0.20978300000000005
73 0.2746875 0.433678 0.18937500000000002 0.056443999999999994
73 0.213125 0.38523050000000003 0.046249999999999986 0.029162999999999994
73 0.2840625 0.5611474999999999 0.18312499999999998 0.22107299999999996
73 0.33125 0.39369699999999996 0.05249999999999999 0.027281999999999973
73 0.370625 0.4285045 0.03125 0.04985899999999999
73 0.39875 0.573377 0.06374999999999997 0.215428
73 0.423125 0.8316085 0.06124999999999997 0.227657
73 0.421875 0.4355595 0.04874999999999996 0.07525900000000002
73 0.4346875 0.5258705 0.04312499999999997 0.07525900000000002
73 0.4390625 0.5954845 0.03187500000000004 0.02445900000000001
73 0.4525 0.7337724999999999 0.03875000000000001 0.07337699999999991
73 0.4653125 0.4393225 0.03812500000000002 0.06020700000000001
73 0.4690625 0.531044 0.030625000000000013 0.06114799999999998
73 0.4821875 0.631232 0.04062499999999997 0.08466600000000002
73 0.4809375 0.8250235 0.033125000000000016 0.101599
73 0.4865625 0.7187205 0.04187499999999994 0.08654699999999993
73 0.4946875 0.442145 0.030625000000000013 0.07713999999999999
73 0.5709375 0.9731890000000001 0.034375000000000044 0.05174000000000001
73 0.578125 0.8405455 0.04125000000000001 0.044215000000000004
73 0.576875 0.9040455000000001 0.03125 0.06773299999999993
73 0.6709375 0.9557855 0.03187499999999999 0.08654700000000004
73 0.704375 0.580903 0.040000000000000036 0.10818399999999995
