73 0.33515649999999997 0.5406255 0.560937 0.15312499999999996
73 0.3109375 0.192969 0.484375 0.179688
73 0.3132815 0.3671875 0.454687 0.15937500000000004
73 0.3101565 0.841406 0.42343699999999995 0.13281199999999993
73 0.35312550000000004 0.696094 0.509375 0.15156199999999997
73 0.7351559999999999 0.369531 0.34218800000000005 0.16093800000000003
73 0.7507815 0.7124995 0.270313 0.171875
73 0.751563 0.54375 0.26875000000000004 0.15312599999999998
73 0.6749995 0.2257815 0.09687500000000004 0.05156299999999997
73 0.734375 0.8515625 0.209376 0.0812489999999999
73 0.7351559999999999 0.20703149999999998 0.07031200000000004 0.12343699999999999
73 0.7828125 0.2085935 0.02500100000000005 0.12343699999999999
73 0.8320315 0.21171849999999998 0.04843699999999995 0.154687
73 0.8624995 0.20859350000000002 0.028124999999999956 0.142187
