73 0.34 0.47875 0.60875 0.23750000000000004
73 0.199375 0.6112500000000001 0.07874999999999999 0.04416600000000004
73 0.20750000000000002 0.5608335 0.07249999999999998 0.053333000000000075
73 0.37875 0.4979165 0.03125 0.034167
73 0.39937500000000004 0.5562499999999999 0.04999999999999999 0.04416600000000004
73 0.4065625 0.6079165 0.02562500000000001 0.044166999999999956
73 0.5903125 0.530417 0.09937499999999999 0.0625
73 0.655 0.4479165 0.04249999999999998 0.02083299999999999
73 0.65125 0.47375 0.030000000000000027 0.01749999999999996
73 0.681875 0.527083 0.08000000000000007 0.02749999999999997
73 0.681875 0.445 0.03875000000000006 0.10833400000000004
73 0.803125 0.4941665 0.03125 0.031667
