73 0.05 0.8896185 0.1 0.160725
73 0.05125 0.6238275 0.1025 0.12445300000000004
73 0.05375 0.754534 0.1075 0.13695999999999997
73 0.0591665 0.491245 0.118333 0.12320199999999992
73 0.25875 0.473421 0.10250000000000001 0.10756800000000005
73 0.251667 0.773296 0.08000000000000002 0.10944399999999999
73 0.265417 0.6732335 0.10749999999999998 0.11444700000000008
73 0.266667 0.5803625 0.10499999999999998 0.11632299999999995
73 0.5533335 0.365541 0.163333 0.09068200000000004
73 0.580833 0.46466549999999995 0.10499999999999998 0.08380300000000002
73 0.579583 0.5528455000000001 0.09750000000000003 0.071295
73 0.5591665 0.6400874999999999 0.043333000000000066 0.06816699999999998
73 0.8104165 0.6604129999999999 0.2591669999999999 0.10256399999999999
73 0.8141665 0.7520325 0.256667 0.104441
73 0.80375 0.4759225 0.23250000000000004 0.08505300000000005
73 0.8358335 0.5681674999999999 0.286667 0.09568499999999991
