73 0.8277779999999999 0.7825 0.255556 0.181666
73 0.12 0.26666650000000003 0.24 0.19666699999999998
73 0.202222 0.5325 0.364444 0.21833399999999997
73 0.3355555 0.2633335 0.23111099999999998 0.223333
73 0.5544445 0.7383335 0.375555 0.20333299999999999
73 0.562222 0.5333335 0.33777799999999997 0.206667
73 0.558889 0.315 0.18000000000000005 0.14
73 0.7933335 0.0233335 0.391111 0.046667
73 0.773333 0.2925 0.22222200000000003 0.208334
73 0.7833330000000001 0.556667 0.1977779999999999 0.14999999999999997
