73 0.096 0.500667 0.192 0.06
73 0.0975 0.37 0.195 0.14666599999999996
73 0.432 0.782333 0.588 0.29399999999999993
73 0.15949999999999998 0.8346665 0.035 0.158667
73 0.28049999999999997 0.968 0.265 0.062666
73 0.206 0.3843335 0.064 0.11133300000000002
73 0.6325000000000001 0.933 0.249 0.13
73 0.8005 0.4093335 0.267 0.07866699999999999
73 0.8734999999999999 0.907 0.20699999999999996 0.184666
73 0.8895 0.681333 0.21899999999999997 0.21199999999999997
73 0.9804999999999999 0.419667 0.03700000000000003 0.08200000000000002
