73 0.035625 0.15197 0.07125 0.12945600000000002
73 0.0415625 0.3053475 0.083125 0.11913700000000002
73 0.0459375 0.0379925 0.091875 0.075985
73 0.0478125 0.7753285 0.095625 0.20544099999999998
73 0.043437500000000004 0.6013135000000001 0.081875 0.09193299999999993
73 0.0490625 0.44606 0.07312500000000001 0.113508
73 0.3140625 0.0379925 0.383125 0.075985
73 0.286875 0.286585 0.2975 0.13226999999999997
73 0.315625 0.1454035 0.355 0.135085
73 0.2040625 0.42636 0.111875 0.130394
73 0.1653125 0.5684804999999999 0.02562500000000001 0.146341
73 0.2515625 0.729831 0.18062499999999998 0.15384599999999993
73 0.24656250000000002 0.5684804999999999 0.08812500000000001 0.138837
73 0.313125 0.43902450000000004 0.04999999999999999 0.07504700000000003
73 0.446875 0.7232645 0.10000000000000003 0.163227
73 0.49906249999999996 0.48874300000000004 0.075625 0.06754200000000005
73 0.5040625 0.5464355 0.06312500000000004 0.12476499999999996
73 0.5334375 0.502345 0.070625 0.047841999999999996
73 0.7462500000000001 0.1360225 0.37 0.14258900000000002
73 0.745625 0.032364 0.36375 0.064728
73 0.753125 0.263602 0.37124999999999997 0.108818
73 0.630625 0.38133249999999996 0.10624999999999996 0.12101299999999998
73 0.771875 0.3846155 0.11624999999999996 0.136961
73 0.8518749999999999 0.655722 0.08750000000000002 0.12758000000000003
73 0.8840625 0.3710135 0.12812500000000004 0.12101300000000004
73 0.895 0.5060975 0.10375000000000001 0.117261
73 0.909375 0.6252345 0.05625000000000002 0.06660500000000003
