73 0.169375 0.9645495 0.09250000000000001 0.06794700000000009
73 0.22249999999999998 0.8744460000000001 0.06249999999999997 0.11816799999999994
73 0.22312500000000002 0.7090099999999999 0.05875 0.10930600000000001
73 0.23093750000000002 0.557607 0.05687500000000001 0.09010399999999996
73 0.236875 0.412851 0.05249999999999999 0.098966
73 0.26937500000000003 0.27474149999999997 0.11000000000000001 0.09748899999999999
73 0.28875 0.870015 0.05874999999999997 0.11521399999999993
73 0.29874999999999996 0.5649925 0.06124999999999997 0.09305699999999995
73 0.29875 0.4098965 0.05125000000000002 0.104875
73 0.30656249999999996 0.1388475 0.04812500000000003 0.097489
73 0.3296875 0.7237815000000001 0.09437500000000004 0.12112299999999998
73 0.3571875 0.8604134999999999 0.060624999999999984 0.14623299999999995
73 0.36124999999999996 0.5620385 0.05499999999999999 0.10487500000000005
73 0.36312500000000003 0.4246675 0.05624999999999997 0.093057
73 0.36125 0.2776955 0.04749999999999999 0.10339700000000002
73 0.395625 0.14180199999999998 0.10624999999999996 0.085672
73 0.421875 0.8574595 0.05874999999999997 0.14032499999999992
73 0.42625 0.5701625 0.05499999999999999 0.10339699999999996
73 0.428125 0.4246675 0.058750000000000024 0.08714899999999998
73 0.425 0.2843425 0.04249999999999998 0.08419500000000002
73 0.4325 0.7149185 0.04749999999999999 0.12112299999999998
73 0.4871875 0.288774 0.06187499999999996 0.08715
73 0.48843749999999997 0.8589365 0.059374999999999956 0.1373709999999999
73 0.48406249999999995 0.42836050000000003 0.044375 0.100443
73 0.5103125 0.166174 0.09687499999999999 0.072378
73 0.4925 0.5649925 0.05874999999999997 0.10487500000000005
73 0.50875 0.4335305 0.0050000000000000044 0.078287
73 0.55125 0.4350075 0.05625000000000002 0.08714900000000003
73 0.55 0.716396 0.04874999999999996 0.11226000000000003
73 0.55125 0.8574595 0.05125000000000002 0.14032499999999992
73 0.55125 0.567947 0.04625000000000001 0.09305799999999997
73 0.6125 0.716396 0.053750000000000075 0.11816799999999994
73 0.6165625 0.8589365 0.059374999999999956 0.14918699999999996
73 0.6799999999999999 0.8648450000000001 0.06500000000000006 0.16100400000000004
73 0.74 0.846381 0.050000000000000044 0.13589400000000007
73 0.7875 0.7119645 0.05499999999999994 0.10339699999999996
73 0.7925 0.844904 0.050000000000000044 0.12112199999999995
73 0.850625 0.834564 0.05500000000000005 0.11816800000000005
