73 0.050901 0.16593750000000002 0.101802 0.09687500000000002
73 0.0536035 0.0321875 0.107207 0.064375
73 0.0707205 0.6528125 0.141441 0.104375
73 0.0734235 0.3309375 0.146847 0.109375
73 0.0725225 0.4871875 0.14324299999999998 0.11437500000000006
73 0.402703 0.675 0.383784 0.10375000000000001
73 0.2954955 0.1684375 0.160361 0.119375
73 0.318018 0.316875 0.194594 0.12625000000000003
73 0.603153 0.021562500000000002 0.2045039999999999 0.040625
73 0.6315314999999999 0.3103125 0.14774699999999996 0.129375
73 0.881982 0.306875 0.23423399999999994 0.12
73 0.8878379999999999 0.481875 0.222522 0.11750000000000005
