73 0.0112045 0.755082 0.022409 0.24983600000000006
73 0.05042 0.097705 0.10084 0.19541
73 0.054155 0.4196725 0.10831 0.24262300000000003
73 0.0336135 0.7445904999999999 0.046685 0.26295100000000005
73 0.067694 0.3622955 0.09057 0.127869
73 0.094304 0.34426199999999996 0.09523799999999999 0.08524599999999999
73 0.09337050000000001 0.7436065000000001 0.072829 0.230819
73 0.12138199999999999 0.332459 0.061624 0.06819600000000003
73 0.1545285 0.0986885 0.10737700000000001 0.197377
73 0.150327 0.31278700000000004 0.056022 0.03934399999999999
73 0.251634 0.101967 0.086834 0.203934
73 0.3417365 0.078033 0.09337099999999998 0.156066
73 0.45144700000000004 0.060328 0.12605000000000005 0.11934399999999999
73 0.6316525 0.030164 0.23809500000000006 0.060328
73 0.7371615 0.0570495 0.06069100000000005 0.112787
73 0.9169005 0.1114755 0.11204499999999995 0.222951
73 0.9332400000000001 0.61541 0.131652 0.08065600000000006
73 0.888422 0.6681965000000001 0.03081199999999995 0.056393000000000026
73 0.9178335 0.736721 0.08029900000000001 0.20000000000000007
73 0.9626515 0.764918 0.07282900000000003 0.18819600000000003
73 0.9808589999999999 0.1081965 0.03641400000000006 0.216393
73 0.986928 0.8068850000000001 0.024275999999999964 0.08065599999999995
