73 0.48379649999999996 0.1336805 0.24305499999999997 0.267361
73 0.49074049999999997 0.5026045 0.25231499999999996 0.331597
73 0.495949 0.829861 0.24884199999999995 0.33680600000000005
73 0.685185 0.44184 0.0625 0.18229199999999995
73 0.6950235 0.657986 0.05671300000000001 0.15277799999999997
73 0.7141204999999999 0.059896 0.09490699999999996 0.119792
73 0.7019675000000001 0.265625 0.06597299999999995 0.14930600000000002
73 0.7621530000000001 0.935764 0.026619999999999977 0.07291599999999998
73 0.7679395 0.821181 0.021991000000000094 0.09375
73 0.7824075 0.4592015 0.04861099999999996 0.13715299999999997
73 0.7824074999999999 0.625 0.04166700000000001 0.1423620000000001
73 0.804398 0.1380205 0.08101799999999992 0.265625
73 0.8234954999999999 0.45920150000000004 0.033564999999999956 0.11979100000000004
73 0.8246525 0.5972225 0.028934999999999933 0.11111099999999996
