73 0.306875 0.7605435 0.05249999999999999 0.10028099999999995
73 0.30937499999999996 0.613402 0.04999999999999999 0.098406
73 0.36624999999999996 0.6068415 0.05124999999999996 0.10777899999999996
73 0.39875 0.7577320000000001 0.05249999999999999 0.10215600000000002
73 0.43374999999999997 0.6115275 0.04750000000000004 0.10590499999999992
73 0.44125000000000003 0.767104 0.044999999999999984 0.09091000000000005
73 0.4875 0.760544 0.04999999999999993 0.10403000000000007
73 0.5046875 0.5937205 0.06437500000000002 0.11902499999999994
73 0.5393749999999999 0.753983 0.05625000000000002 0.105904
73 0.558125 0.4156515 0.04499999999999993 0.09840700000000002
73 0.574375 0.6115275 0.05249999999999999 0.09840699999999991
73 0.6275 0.7577320000000001 0.04874999999999996 0.10215600000000002
73 0.640625 0.6077785 0.04875000000000007 0.109653
73 0.6915625000000001 0.420806 0.07562499999999994 0.131208
73 0.70875 0.6143395 0.04749999999999999 0.10777899999999996
73 0.7184375000000001 0.7605435 0.06437499999999996 0.10777899999999996
73 0.9559375 0.9418934999999999 0.08687500000000004 0.11433900000000008
73 0.9596875 0.7530455 0.07937499999999997 0.117151
