73 0.8439650000000001 0.5851895 0.10819199999999995 0.219377
73 0.1063165 0.2266145 0.21013099999999998 0.148107
73 0.10850499999999999 0.355234 0.186992 0.18708199999999997
73 0.3536585 0.4070155 0.38961899999999994 0.32182700000000003
73 0.427142 0.1564585 0.04502800000000001 0.04120299999999999
73 0.430894 0.2255015 0.04502799999999996 0.045657
73 0.468105 0.2266145 0.044402 0.052339
73 0.46998150000000005 0.15423150000000002 0.048155 0.05011099999999999
73 0.4699815 0.290089 0.02814300000000003 0.052337999999999996
73 0.745466 0.508352 0.507818 0.5289539999999999
73 0.5218885 0.15423150000000002 0.041900999999999966 0.054565
73 0.5972485 0.3407575 0.10381499999999999 0.20712700000000003
73 0.6575985 0.226615 0.036899000000000015 0.16147
73 0.897436 0.1842985 0.203878 0.28841900000000004
73 0.9287055 0.1943205 0.06629099999999999 0.23496700000000004
