73 0.1165625 0.7216665 0.05812500000000001 0.04833299999999996
73 0.1171875 0.76875 0.051875000000000004 0.057499999999999996
73 0.1178125 0.673333 0.053125000000000006 0.04500000000000004
73 0.1590625 0.7608334999999999 0.05562500000000001 0.09666699999999995
73 0.15812500000000002 0.8720835 0.047500000000000014 0.07583300000000004
73 0.15812500000000002 0.9620835000000001 0.04250000000000001 0.07416699999999998
73 0.1871875 0.9125 0.06437499999999999 0.030000000000000027
73 0.2059375 0.9924999999999999 0.050625 0.013334000000000068
73 0.23125 0.6695835 0.07750000000000001 0.05916699999999997
73 0.2296875 0.7216665 0.071875 0.05166700000000002
73 0.234375 0.7679165 0.07874999999999999 0.05916699999999997
73 0.2240625 0.7745835 0.050625 0.06916699999999998
73 0.2309375 0.9099999999999999 0.013124999999999998 0.04500000000000004
73 0.25875 0.7970835000000001 0.03 0.030833
73 0.2925 0.8891665 0.07124999999999998 0.10333300000000001
73 0.3409375 0.9804170000000001 0.13187499999999996 0.03749999999999998
73 0.3375 0.91125 0.04750000000000004 0.07583399999999996
73 0.369375 0.7129165 0.07750000000000001 0.06916700000000009
73 0.3653125 0.7833335 0.06187500000000001 0.09666700000000006
73 0.389375 0.910833 0.034999999999999976 0.10499999999999998
73 0.568125 0.7404165 0.10624999999999996 0.13916700000000004
73 0.5431250000000001 0.8987499999999999 0.03749999999999998 0.09750000000000003
73 0.5859375 0.89 0.04187500000000011 0.07166600000000001
73 0.5984375 0.964167 0.06062500000000004 0.07000000000000006
73 0.6015625 0.8641665000000001 0.06687500000000002 0.09166700000000005
73 0.9084375 0.6504165 0.02187500000000009 0.07083300000000003
73 0.9128125 0.72875 0.020625000000000004 0.07916600000000007
73 0.9134374999999999 0.8070835000000001 0.021874999999999978 0.08083300000000004
