73 0.0278125 0.54125 0.055625 0.17249999999999993
73 0.0290625 0.4683335 0.058125 0.156667
73 0.1478125 0.30333350000000003 0.295625 0.14166700000000002
73 0.233125 0.847917 0.46625 0.3025
73 0.11937500000000001 0.45499999999999996 0.1125 0.15166600000000002
73 0.2234375 0.45375 0.09312500000000001 0.134166
73 0.481875 0.3020835 0.13124999999999998 0.120833
73 0.5059375 0.41041649999999996 0.06812500000000005 0.06916700000000003
73 0.735625 0.9450000000000001 0.5275000000000001 0.10833400000000004
73 0.6665625 0.80375 0.343125 0.29083400000000004
73 0.6871875000000001 0.30625 0.25812500000000005 0.13583400000000004
73 0.59625 0.40708350000000004 0.07124999999999992 0.06583299999999997
73 0.7803125 0.4266665 0.05687500000000001 0.098333
73 0.8371875 0.44166649999999996 0.04937499999999995 0.10666700000000001
73 0.8828125 0.6575 0.13812500000000005 0.056665999999999994
73 0.903125 0.307917 0.16249999999999998 0.11250000000000004
73 0.915 0.7841665 0.16875000000000007 0.23833300000000002
73 0.8590625 0.7908335 0.046875 0.21666700000000005
73 0.9365625 0.2241665 0.09812500000000002 0.05833299999999997
