73 0.7290625 0.6716665 0.125625 0.44333300000000003
73 0.0725 0.0608335 0.14375000000000002 0.091667
73 0.0771875 0.16541650000000002 0.141875 0.065833
73 0.2328125 0.821667 0.373125 0.355
73 0.210625 0.165 0.037500000000000006 0.04833399999999999
73 0.22218749999999998 0.09375 0.06062500000000001 0.08083400000000002
73 0.3659375 0.0720835 0.08937500000000004 0.040833
73 0.460625 0.0766665 0.07250000000000001 0.036667
73 0.5349999999999999 0.7775000000000001 0.20499999999999996 0.443334
73 0.5884375 0.1075 0.05937500000000007 0.04000000000000001
73 0.5853125 0.158333 0.05062499999999992 0.034999999999999976
73 0.5978125 0.039167 0.06687500000000002 0.05500000000000001
73 0.66125 0.93625 0.11624999999999996 0.125834
73 0.649375 0.1641665 0.04125000000000001 0.05333299999999999
73 0.6603125 0.10916700000000001 0.05812499999999998 0.06000000000000001
73 0.6640625 0.0404165 0.06062499999999993 0.070833
73 0.6628125 0.235 0.021874999999999978 0.033333999999999975
73 0.7125 0.169167 0.043749999999999956 0.05000000000000002
73 0.7112499999999999 0.056667 0.036250000000000004 0.045
73 0.709375 0.1133335 0.030000000000000027 0.048333000000000015
73 0.7875000000000001 0.8766670000000001 0.11124999999999996 0.245
73 0.76375 0.165 0.030000000000000027 0.006666000000000005
73 0.765 0.14375 0.030000000000000027 0.00916599999999998
73 0.765625 0.0875 0.026250000000000107 0.0033339999999999897
73 0.8209375 0.5941665 0.13687500000000008 0.3066670000000001
73 0.770625 0.197917 0.03125 0.007500000000000007
73 0.768125 0.06875 0.02375000000000005 0.007499999999999993
73 0.7965625000000001 0.18916650000000002 0.030625000000000013 0.006667000000000006
73 0.799375 0.125833 0.036250000000000004 0.010000000000000009
73 0.804375 0.206667 0.03125 0.009999999999999981
73 0.8049999999999999 0.14875 0.02749999999999997 0.012500000000000011
73 0.8034375 0.1666665 0.021874999999999978 0.0033330000000000026
73 0.806875 0.073333 0.026249999999999996 0.0050000000000000044
73 0.81 0.1129165 0.032500000000000084 0.015833
73 0.8128124999999999 0.0466665 0.021874999999999978 0.0033330000000000026
73 0.8334375 0.090417 0.021874999999999978 0.012499999999999997
73 0.8396875 0.21625 0.026874999999999982 0.015834000000000015
73 0.863125 0.806667 0.07374999999999998 0.25
73 0.8403125 0.16875 0.02562500000000001 0.007499999999999979
73 0.84875 0.0783335 0.040000000000000036 0.01166700000000001
73 0.8443750000000001 0.1525 0.026249999999999996 0.008334000000000008
73 0.84625 0.11374999999999999 0.02749999999999997 0.0175
73 0.844375 0.1325 0.02124999999999999 0.006666000000000005
73 0.8903125000000001 0.53625 0.104375 0.284166
73 0.8565625 0.050833 0.02187500000000009 0.0049999999999999975
73 0.8896875 0.0775 0.030625000000000013 0.0033340000000000036
73 0.9209375 0.175417 0.01937500000000003 0.017499999999999988
73 0.9256249999999999 0.1375 0.028749999999999942 0.006666000000000005
73 0.9256249999999999 0.1558335 0.028749999999999942 0.01166700000000001
73 0.9284375 0.12041650000000001 0.02562500000000001 0.014166999999999999
73 0.9303125 0.09541649999999999 0.02937499999999993 0.015833
73 0.9321875 0.0720835 0.03312499999999996 0.014166999999999999
73 0.963125 0.4895835 0.07250000000000001 0.22583300000000006
73 0.9690624999999999 0.0758335 0.03437499999999993 0.0033330000000000026
73 0.9665625 0.161667 0.024375000000000036 0.010000000000000009
73 0.9721875 0.14208300000000001 0.030625000000000013 0.012499999999999983
73 0.97875 0.0954165 0.028750000000000053 0.009167000000000008
73 0.9746875 0.1816665 0.015625 0.01166700000000001
73 0.9859375 0.4220835 0.026874999999999982 0.17916699999999997
