73 0.34781249999999997 0.811667 0.18687499999999996 0.25
73 0.4975 0.6816665 0.25749999999999995 0.26833300000000004
73 0.45562499999999995 0.910417 0.11374999999999996 0.1775
73 0.6259375 0.737917 0.13437500000000002 0.16749999999999998
73 0.7603125 0.855 0.10312500000000002 0.12166600000000005
73 0.8578125000000001 0.5958330000000001 0.104375 0.17499999999999993
73 0.89875 0.63375 0.07250000000000001 0.1725
73 0.9265625 0.6425000000000001 0.10187500000000005 0.20000000000000007
73 0.9321875 0.3666665 0.10312500000000002 0.161667
73 0.9575 0.6904165 0.08374999999999999 0.16916700000000007
73 0.9703125 0.39666650000000003 0.05812499999999998 0.19833300000000004
73 0.983125 0.7454164999999999 0.03249999999999997 0.12416700000000003
73 0.9859375 0.5741665 0.026874999999999982 0.06666700000000003
