73 0.0478125 0.858951 0.095625 0.137432
73 0.0478125 0.9697104999999999 0.095625 0.05877100000000002
73 0.0490625 0.6912294999999999 0.098125 0.13110300000000008
73 0.0509375 0.53255 0.101875 0.12658199999999997
73 0.0528125 0.3612115 0.105625 0.123869
73 0.055625 0.22920449999999998 0.11125 0.109403
73 0.06 0.0650995 0.12 0.130199
73 0.23750000000000002 0.8937615 0.2575 0.17450300000000007
73 0.241875 0.7133815 0.26125 0.13562300000000005
73 0.251875 0.203436 0.27125 0.13924000000000003
73 0.24562499999999998 0.54566 0.25375000000000003 0.122062
73 0.250625 0.358499 0.26375000000000004 0.13291200000000003
73 0.269375 0.056058 0.255 0.112116
73 0.3509375 0.5519895 0.013124999999999998 0.11844499999999997
73 0.3921875 0.92179 0.03937499999999999 0.12206199999999989
73 0.4390625 0.3612115 0.09187499999999998 0.13471899999999998
73 0.5525 0.19981900000000002 0.31625 0.12839000000000003
73 0.5628124999999999 0.0420435 0.32437499999999997 0.084087
73 0.6331249999999999 0.368445 0.1449999999999999 0.12748600000000004
73 0.660625 0.9448464999999999 0.06125000000000003 0.10849900000000001
73 0.6671875 0.7622059999999999 0.06687500000000002 0.1482819999999999
73 0.6799999999999999 0.567812 0.04874999999999996 0.13381599999999993
73 0.93625 0.96519 0.12624999999999997 0.06781199999999998
73 0.9421875 0.786618 0.114375 0.16998199999999997
73 0.9434374999999999 0.577306 0.11187500000000006 0.17088600000000004
73 0.9440625 0.366184 0.11062499999999997 0.14828200000000002
73 0.9453125 0.1677215 0.10812500000000003 0.17811899999999997
73 0.9512499999999999 0.0207955 0.09625000000000006 0.041591
