73 0.1275 0.5536215 0.255 0.8908750000000001
73 0.1665625 0.5291625 0.333125 0.939793
73 0.213125 0.606303 0.42625 0.785512
73 0.2290625 0.5159925 0.39437500000000003 0.966133
73 0.33875 0.5061145 0.35000000000000003 0.985889
73 0.4028125 0.4995295 0.351875 0.999059
73 0.490625 0.479304 0.30499999999999994 0.958608
73 0.6603125 0.4637815 0.13187499999999996 0.927563
73 0.7421875 0.443556 0.07062499999999994 0.887112
73 0.7940625 0.4223895 0.04062499999999991 0.844779
73 0.8512500000000001 0.399812 0.05999999999999994 0.799624
73 0.8984375 0.3838195 0.03687499999999999 0.767639
73 0.95 0.3555975 0.05999999999999994 0.711195
73 0.98125 0.3391345 0.036250000000000004 0.678269
