73 0.0396875 0.6716694999999999 0.079375 0.14446499999999995
73 0.0471875 0.106004 0.094375 0.148218
73 0.05125 0.268762 0.1025 0.10787999999999998
73 0.06125 0.3963415 0.1225 0.117261
73 0.0659375 0.5272045000000001 0.129375 0.125703
73 0.0446875 0.022514 0.08437499999999999 0.045028
73 0.1953125 0.0487805 0.18562500000000004 0.097561
73 0.2009375 0.145403 0.181875 0.11069400000000001
73 0.2078125 0.2589115 0.17562500000000003 0.09568500000000002
73 0.2178125 0.3771105 0.179375 0.12195099999999998
73 0.22218749999999998 0.48968100000000003 0.165625 0.13508400000000004
73 0.165 0.6242965 0.03875000000000001 0.11163299999999998
73 0.265 0.585835 0.06375 0.11163199999999995
73 0.35843749999999996 0.06941850000000001 0.133125 0.105065
73 0.35843749999999996 0.1590055 0.133125 0.10412700000000001
73 0.36906249999999996 0.25985 0.128125 0.08255200000000001
73 0.3703125 0.3536585 0.125625 0.07504699999999997
73 0.36625 0.454972 0.11499999999999999 0.10319
73 0.364375 0.541745 0.08625 0.11538399999999999
73 0.32875 0.468105 0.012500000000000011 0.07316999999999996
73 0.8621875000000001 0.44136949999999997 0.135625 0.13414699999999996
