73 0.0338985 0.2109375 0.067797 0.030625000000000013
73 0.0362525 0.0671875 0.072505 0.030625000000000006
73 0.0583805 0.28937500000000005 0.116761 0.065
73 0.12711899999999998 0.08375 0.118644 0.05625
73 0.138418 0.2175 0.131826 0.065
73 0.126648 0.0209375 0.10263600000000002 0.041875
73 0.1355935 0.1490625 0.10546099999999999 0.05812500000000001
73 0.6864405 0.0215625 0.625235 0.043125
73 0.5141245 0.0853125 0.274953 0.076875
73 0.5682675 0.1559375 0.37382300000000007 0.085625
73 0.492467 0.2321875 0.216572 0.076875
73 0.4016005 0.2421875 0.02354099999999998 0.05437499999999998
73 0.480697 0.30656249999999996 0.16289999999999993 0.085625
73 0.686441 0.275625 0.21845599999999998 0.06499999999999997
73 0.7325805 0.205625 0.259887 0.06874999999999998
73 0.7095104999999999 0.079375 0.15160099999999999 0.06125
73 0.8912424999999999 0.135625 0.21563100000000002 0.06125000000000001
73 0.902542 0.076875 0.19303199999999998 0.06
