73 0.46343049999999997 0.587 0.15558500000000003 0.08599999999999997
73 0.46742049999999996 0.246 0.15558499999999997 0.06400000000000003
73 0.46941499999999997 0.42100000000000004 0.159574 0.07400000000000001
73 0.4707445 0.33599999999999997 0.15691499999999997 0.055999999999999994
73 0.485372 0.6679999999999999 0.08776600000000001 0.07599999999999996
73 0.6343084999999999 0.899 0.236703 0.19799999999999995
73 0.527261 0.42300000000000004 0.011967999999999979 0.062
73 0.6136965 0.747 0.14228700000000005 0.08200000000000007
73 0.575798 0.501 0.06382999999999994 0.07400000000000001
73 0.669548 0.505 0.051861999999999964 0.07800000000000001
73 0.7593084999999999 0.6579999999999999 0.13031899999999996 0.06799999999999995
73 0.7599735000000001 0.5860000000000001 0.12632900000000002 0.06799999999999995
73 0.7593084999999999 0.41400000000000003 0.12234099999999992 0.06
73 0.768617 0.32599999999999996 0.13829800000000003 0.064
