73 0.0129165 0.6075 0.025833 0.04125000000000001
73 0.02 0.5428124999999999 0.04 0.07187500000000002
73 0.0541665 0.4565625 0.108333 0.07687499999999997
73 0.2225 0.7925 0.445 0.41375000000000006
73 0.19499999999999998 0.5 0.305 0.19124999999999998
73 0.22999999999999998 0.1290625 0.293334 0.146875
73 0.43625 0.34281249999999996 0.22249999999999998 0.044375
73 0.43708349999999996 0.2625 0.220833 0.05125000000000002
73 0.43708349999999996 0.3053125 0.220833 0.05437500000000001
73 0.44166700000000003 0.2259375 0.23000000000000004 0.053125000000000006
73 0.4645835 0.1709375 0.22083299999999995 0.03937499999999999
73 0.46791699999999997 0.4275 0.13249999999999995 0.04625000000000001
73 0.477083 0.47687500000000005 0.12249999999999994 0.05250000000000005
73 0.48375 0.3875 0.1275 0.03749999999999998
73 0.5966665 0.204375 0.088333 0.065
73 0.6812499999999999 0.6868749999999999 0.15249999999999997 0.1725
73 0.6945835 0.5928125 0.17583300000000002 0.12812499999999993
73 0.699167 0.54 0.18500000000000005 0.13500000000000006
73 0.705 0.460625 0.196666 0.10625000000000007
73 0.7083335 0.385625 0.19833299999999998 0.09875
73 0.73125 0.2840625 0.21583399999999997 0.104375
73 0.8133334999999999 0.0928125 0.3716670000000001 0.185625
73 0.7383335 0.1925 0.21166700000000005 0.13375000000000004
73 0.7429165 0.24906250000000002 0.08416699999999999 0.016875
73 0.8795835000000001 0.61875 0.23916700000000002 0.18625000000000003
73 0.8875 0.73 0.22333400000000003 0.23750000000000004
73 0.8920835 0.505 0.214167 0.13999999999999996
73 0.906667 0.3890625 0.18500000000000005 0.11312499999999998
73 0.9137500000000001 0.85875 0.17083400000000004 0.19124999999999992
73 0.9158335 0.265 0.166667 0.11124999999999999
73 0.925 0.1496875 0.14833400000000008 0.14687499999999998
