73 0.01416 0.8658855 0.02832 0.19270900000000002
73 0.029297 0.5852865 0.058594 0.194011
73 0.0307615 0.8697915 0.061523 0.197917
73 0.033203 0.10546849999999999 0.066406 0.166667
73 0.0444335 0.338542 0.079101 0.182292
73 0.0957035 0.10611949999999999 0.123047 0.167969
73 0.097168 0.5904945 0.12597599999999998 0.19921900000000003
73 0.1020505 0.85612 0.12402300000000002 0.21484400000000003
73 0.10839800000000001 0.34375 0.11132800000000001 0.16666599999999998
73 0.1938475 0.10546849999999999 0.11230499999999999 0.166667
73 0.19824250000000002 0.345052 0.11328100000000002 0.184896
73 0.18115199999999998 0.589193 0.073242 0.19140599999999997
73 0.194336 0.858073 0.09961 0.20833400000000002
73 0.265137 0.5878905 0.114258 0.20182300000000003
73 0.28466800000000003 0.8678385 0.11230400000000001 0.21223899999999996
73 0.282715 0.34375 0.09472599999999998 0.192708
73 0.29248050000000003 0.111979 0.09667900000000001 0.161458
73 0.37060550000000003 0.5989585 0.11035100000000003 0.20052100000000006
73 0.39209 0.8665365 0.11425799999999997 0.214843
73 0.4042965 0.11979200000000001 0.109375 0.15625
73 0.41845699999999997 0.34375 0.10644599999999999 0.1875
73 0.463379 0.6022135 0.08300799999999997 0.19401100000000004
73 0.48144549999999997 0.8652345 0.09570300000000004 0.20703099999999997
73 0.5004885 0.10612 0.10253899999999999 0.191406
73 0.501465 0.35481799999999997 0.09082000000000001 0.18359399999999998
73 0.539551 0.598307 0.077148 0.19401000000000002
73 0.567871 0.8723955000000001 0.079102 0.208333
73 0.5996095 0.3535155 0.09960900000000006 0.17578100000000002
73 0.605469 0.1204425 0.11132799999999998 0.167969
73 0.632324 0.6022135 0.108398 0.20182299999999997
73 0.65625 0.8671875 0.09960999999999998 0.203125
73 0.6997070000000001 0.358073 0.09863199999999994 0.17968800000000001
73 0.7060545 0.125651 0.09179700000000002 0.157552
73 0.739746 0.8658855 0.110352 0.20052099999999995
73 0.7402340000000001 0.6028645 0.10742200000000002 0.18489500000000003
73 0.792969 0.13216150000000002 0.10742200000000002 0.16015700000000002
73 0.7924805 0.359375 0.09863299999999997 0.182292
73 0.7919925000000001 0.8645835 0.09570299999999998 0.197917
73 0.8242185 0.6113280000000001 0.07031299999999996 0.18619799999999997
73 0.8837895 0.3704425 0.109375 0.17317700000000003
73 0.871582 0.8802085 0.08105399999999996 0.171875
73 0.8886719999999999 0.138021 0.105468 0.158854
73 0.8881835 0.6113280000000001 0.09863299999999997 0.18880200000000003
73 0.953613 0.871745 0.09082000000000001 0.21223999999999998
73 0.9643554999999999 0.61263 0.06933500000000004 0.19401000000000002
73 0.96875 0.3828125 0.06054599999999999 0.177083
73 0.970703 0.1542965 0.056640000000000024 0.16796899999999998
