73 0.0478125 0.41500000000000004 0.095625 0.038334000000000035
73 0.0478125 0.5433334999999999 0.095625 0.06333299999999997
73 0.05875 0.47791649999999997 0.1175 0.06416700000000003
73 0.22062500000000002 0.49874999999999997 0.20375000000000001 0.08083399999999996
73 0.31843750000000004 0.2754165 0.128125 0.02083299999999999
73 0.40875 0.439167 0.23375 0.11000000000000004
73 0.4225 0.344583 0.03875000000000001 0.017500000000000016
73 0.47250000000000003 0.34875 0.04624999999999996 0.029166000000000025
73 0.6481250000000001 0.5304169999999999 0.16000000000000003 0.1725
73 0.8003125 0.7783335 0.25187500000000007 0.19666699999999993
73 0.7424999999999999 0.9620835000000001 0.11625000000000008 0.07416699999999998
73 0.7106250000000001 0.5825 0.028749999999999942 0.125
73 0.834375 0.5845835 0.25875000000000004 0.225833
73 0.8009375 0.2575 0.17062500000000003 0.040000000000000036
