73 0.125457 0.8400000000000001 0.250914 0.19499999999999995
73 0.1580105 0.48187500000000005 0.261887 0.09375000000000006
73 0.1528895 0.965625 0.20775500000000002 0.0675
73 0.5559620000000001 0.7928125 0.529626 0.18312499999999998
73 0.3419895 0.4453125 0.09436699999999998 0.09187500000000004
73 0.555962 0.9221874999999999 0.517922 0.15437500000000004
73 0.3269935 0.608125 0.033650999999999986 0.15500000000000003
73 0.40087799999999996 0.614375 0.11558200000000002 0.15375000000000005
73 0.5149965 0.6015625 0.119971 0.15187499999999998
73 0.6730065000000001 0.6074999999999999 0.20775500000000002 0.13374999999999992
73 0.7988295000000001 0.4734375 0.260425 0.06312499999999999
73 0.916971 0.8978125 0.16459400000000002 0.14312499999999995
73 0.9198975 0.7475 0.15874100000000002 0.14
73 0.9641550000000001 0.4675 0.07022600000000001 0.04750000000000004
