73 0.0170835 0.32 0.034167 0.03749999999999998
73 0.0433335 0.3940625 0.086667 0.07687499999999997
73 0.04375 0.6784375 0.0875 0.059374999999999956
73 0.0404165 0.47875 0.070833 0.06875000000000003
73 0.057083 0.3159375 0.0725 0.03937499999999999
73 0.11541699999999999 0.3953125 0.05249999999999999 0.05812499999999998
73 0.13583299999999998 0.3175 0.08499999999999999 0.036250000000000004
73 0.195 0.3934375 0.098334 0.06187500000000001
73 0.20416649999999997 0.31656249999999997 0.09333299999999997 0.044375
73 0.264167 0.396875 0.05000000000000002 0.03750000000000003
73 0.267917 0.4584375 0.05250000000000002 0.05437499999999995
73 0.319167 0.31125 0.155 0.07500000000000001
73 0.5004165 0.390625 0.029167 0.06999999999999995
73 0.8204165 0.44218749999999996 0.214167 0.09062500000000001
73 0.8158335 0.24656250000000002 0.13166699999999998 0.02687500000000001
73 0.8087500000000001 0.5181250000000001 0.10916599999999999 0.07500000000000001
73 0.8270835 0.321875 0.10083299999999995 0.07875000000000004
