73 0.021875 0.04071 0.04375 0.08142
73 0.0265625 0.2484345 0.053125 0.07515700000000003
73 0.0398435 0.32359099999999996 0.079687 0.09603400000000001
73 0.040625 0.14405 0.08125 0.104384
73 0.0414065 0.41336150000000005 0.082813 0.125261
73 0.2640625 0.064718 0.040624999999999994 0.075156
73 0.43671899999999997 0.0615865 0.04843800000000004 0.08141899999999999
73 0.5171870000000001 0.0887265 0.03749999999999998 0.048017000000000004
73 0.5515625 0.093946 0.03437499999999993 0.037578
73 0.58125 0.079332 0.03749999999999998 0.06262999999999999
73 0.6374995 0.10229650000000001 0.109375 0.041753
73 0.7984375 0.40501050000000005 0.40000100000000005 0.20876900000000004
73 0.8 0.26826700000000003 0.396876 0.173278
73 0.721875 0.1116915 0.10625000000000007 0.08559499999999999
73 0.8999999999999999 0.1064715 0.06874999999999998 0.087683
73 0.9539065 0.587683 0.089063 0.14405
73 0.9632815 0.1221295 0.07031300000000007 0.106471
