73 0.7151045 0.5659725 0.47187500000000004 0.801389
73 0.109896 0.047222 0.219792 0.094444
73 0.113021 0.21875 0.226042 0.14583400000000002
73 0.116146 0.4138885 0.232292 0.13611099999999998
73 0.1171875 0.5958335 0.234375 0.16944500000000007
73 0.36302100000000004 0.2131945 0.232292 0.145833
73 0.3635415 0.405556 0.229167 0.14999999999999997
73 0.365625 0.5972225 0.227084 0.16388899999999995
73 0.39739599999999997 0.0430555 0.28020799999999996 0.086111
73 0.713021 0.0395835 0.29895800000000006 0.079167
73 0.9421875 0.0381945 0.113541 0.076389
