73 0.0253905 0.85444 0.050781 0.21251799999999998
73 0.0615235 0.8515284999999999 0.060547000000000004 0.229985
73 0.09472649999999999 0.842067 0.066407 0.21106200000000008
73 0.13085950000000002 0.8478895 0.07421900000000001 0.222707
73 0.1640625 0.829694 0.085937 0.206696
73 0.222656 0.8296945 0.07031199999999999 0.2037850000000001
73 0.290039 0.8362445000000001 0.056640000000000024 0.2227070000000001
73 0.3666995 0.8231445 0.137695 0.2023290000000001
73 0.6762695000000001 0.958515 0.41308500000000004 0.08005799999999996
73 0.535156 0.8180495 0.08984399999999998 0.17176100000000005
73 0.595703 0.7809315 0.08593800000000007 0.216885
73 0.5961915 0.811499 0.030272999999999994 0.15574999999999994
73 0.6855469999999999 0.7823875 0.113282 0.20815099999999997
73 0.7387695000000001 0.77147 0.04785099999999998 0.21833999999999998
73 0.7744139999999999 0.7620089999999999 0.042968000000000006 0.19068399999999996
73 0.8378909999999999 0.7590975 0.12890600000000008 0.21397299999999997
73 0.955078 0.836972 0.08789000000000002 0.221252
73 0.9609375 0.617904 0.029296999999999906 0.15866000000000002
