73 0.003125 0.0308335 0.00625 0.061667
73 0.00625 0.1320835 0.0125 0.07916699999999999
73 0.0096875 0.2270835 0.019375 0.07916699999999999
73 0.0134375 0.4345835 0.026875 0.08083299999999999
73 0.0146875 0.3329165 0.029375 0.07416699999999998
73 0.0159375 0.53125 0.031875 0.08416599999999996
73 0.0534375 0.042083 0.081875 0.0775
73 0.0534375 0.129583 0.073125 0.07750000000000001
73 0.058750000000000004 0.23041699999999998 0.07875 0.07249999999999998
73 0.051250000000000004 0.42874999999999996 0.036250000000000004 0.069166
73 0.064375 0.33125000000000004 0.06 0.08083400000000002
73 0.0521875 0.610417 0.024375 0.08750000000000002
73 0.0553125 0.52125 0.023125000000000007 0.07583399999999996
73 0.10593749999999999 0.35124999999999995 0.023124999999999993 0.069166
73 0.1359375 0.1495835 0.06312500000000001 0.06583299999999999
73 0.14500000000000002 0.2295835 0.07375000000000001 0.08083300000000002
73 0.1565625 0.31708349999999996 0.09187500000000001 0.13083300000000003
73 0.2175 0.0554165 0.07124999999999998 0.085833
73 0.2703125 0.22625 0.17437499999999997 0.0625
73 0.2746875 0.1429165 0.17312500000000003 0.08416699999999999
73 0.3165625 0.4433335 0.083125 0.353333
73 0.30062500000000003 0.0641665 0.04124999999999995 0.058332999999999996
73 0.4809375 0.4491665 0.31437500000000007 0.153333
73 0.33875 0.051250000000000004 0.02749999999999997 0.060834
73 0.4003125 0.3020835 0.12437500000000001 0.07916699999999999
73 0.37812500000000004 0.045417 0.03375 0.0625
73 0.46499999999999997 0.20916649999999998 0.18874999999999997 0.061667
73 0.47187500000000004 0.1141665 0.17750000000000005 0.083333
73 0.41125 0.04875 0.03249999999999997 0.055833999999999995
73 0.48968750000000005 0.2975 0.05937500000000001 0.08833400000000002
73 0.74875 0.0320835 0.50125 0.064167
73 0.5796874999999999 0.290833 0.12687499999999996 0.095
73 0.670625 0.1795835 0.1975 0.08583299999999999
73 0.66625 0.0945835 0.18625000000000003 0.08083300000000002
73 0.70625 0.270417 0.12875000000000003 0.07750000000000001
73 0.7140625 0.35791649999999997 0.12937500000000002 0.07416700000000004
73 0.8684375 0.075417 0.208125 0.0875
73 0.875 0.1658335 0.2024999999999999 0.093333
73 0.879375 0.257917 0.20375 0.08750000000000002
73 0.8828125 0.3425 0.20562499999999995 0.09500000000000003
73 0.88125 0.8225 0.08374999999999999 0.043333999999999984
73 0.9128125 0.6683335 0.07437499999999997 0.04833299999999996
73 0.901875 0.42 0.04249999999999998 0.04166599999999998
73 0.9878125 0.06875 0.023125000000000062 0.064166
73 0.9915625 0.1616665 0.015625 0.05333299999999999
73 0.993125 0.247083 0.012500000000000067 0.07250000000000001
73 0.9937499999999999 0.3375 0.006249999999999978 0.056665999999999994
