73 0.123125 0.4116665 0.24625 0.161667
73 0.125625 0.53625 0.25125 0.1975
73 0.1184375 0.65 0.21437499999999998 0.16666599999999998
73 0.0765625 0.2720835 0.128125 0.11416699999999999
73 0.039375 0.682083 0.03 0.0774999999999999
73 0.18312499999999998 0.260833 0.05124999999999999 0.08500000000000002
73 0.2340625 0.2433335 0.06312499999999999 0.10166700000000001
73 0.26187499999999997 0.3716665 0.03375 0.10333300000000001
73 0.278125 0.1995835 0.04749999999999999 0.07916699999999999
73 0.303125 0.242083 0.0625 0.0875
73 0.3459375 0.21875 0.049375 0.130834
73 0.644375 0.085 0.11375000000000002 0.088334
73 0.66625 0.1970835 0.08250000000000002 0.094167
73 0.7146874999999999 0.4304165 0.09437499999999999 0.095833
73 0.78 0.210833 0.12124999999999997 0.09499999999999997
73 0.77875 0.32458299999999995 0.1137499999999999 0.1225
73 0.7984374999999999 0.06791649999999999 0.135625 0.105833
73 0.8787499999999999 0.332917 0.07625000000000004 0.1225
73 0.8946875000000001 0.2083335 0.083125 0.10333300000000001
73 0.901875 0.08750000000000001 0.06874999999999998 0.093334
