73 0.005625 0.0104165 0.01125 0.020833
73 0.009375 0.11791650000000001 0.01875 0.149167
73 0.0140625 0.27625 0.028125 0.119166
73 0.0171875 0.4225 0.034375 0.10833399999999999
73 0.012187499999999999 0.5466664999999999 0.019375 0.05666699999999991
73 0.0184375 0.0104165 0.014374999999999999 0.020833
73 0.0325 0.2745835 0.03 0.129167
73 0.0275 0.1154165 0.011250000000000003 0.14083299999999999
73 0.03 0.54 0.013749999999999998 0.063334
73 0.0334375 0.0120835 0.015625000000000003 0.024167
73 0.043437500000000004 0.5441670000000001 0.018124999999999995 0.05500000000000005
73 0.0453125 0.12125 0.014374999999999999 0.135834
73 0.0546875 0.0154165 0.024375 0.030833
73 0.064375 0.41583349999999997 0.03125 0.12166700000000003
73 0.06937499999999999 0.2754165 0.03874999999999999 0.130833
73 0.0578125 0.122917 0.013125000000000005 0.1325
73 0.06218749999999999 0.545 0.016874999999999994 0.063334
73 0.08374999999999999 0.124583 0.03874999999999999 0.1325
73 0.0784375 0.5416665 0.01812499999999999 0.06666699999999992
73 0.09968750000000001 0.27708350000000004 0.031875 0.13083300000000003
73 0.0965625 0.541667 0.015625 0.06000000000000005
73 0.1234375 0.0195835 0.013124999999999998 0.039167
73 0.1315625 0.135 0.020625000000000004 0.115
73 0.1328125 0.2883335 0.015625 0.10166700000000001
73 0.1384375 0.0204165 0.021875000000000006 0.040833
73 0.1434375 0.1308335 0.024375000000000008 0.123333
73 0.13718750000000002 0.3883335 0.009374999999999994 0.053332999999999964
73 0.14500000000000002 0.2925 0.01125000000000001 0.10000000000000003
73 0.14750000000000002 0.382917 0.01125000000000001 0.03249999999999997
73 0.15781250000000002 0.0225 0.016875 0.045
73 0.16312500000000002 0.1325 0.027499999999999997 0.126666
73 0.1584375 0.293333 0.013124999999999998 0.095
73 0.16031250000000002 0.38041650000000005 0.011874999999999997 0.024166999999999994
73 0.1746875 0.0225 0.014374999999999999 0.045
73 0.18375000000000002 0.1354165 0.027499999999999997 0.12583300000000003
73 0.1896875 0.0233335 0.015625 0.046667
73 0.2078125 0.1429165 0.020625000000000004 0.12416699999999999
73 0.206875 0.025 0.011249999999999982 0.05
73 0.220625 0.13875 0.028749999999999998 0.12250000000000001
73 0.22312500000000002 0.0275 0.012499999999999983 0.055
73 0.2365625 0.1516665 0.02687500000000001 0.10333300000000001
73 0.2446875 0.0291665 0.01937500000000003 0.058333
73 0.26187499999999997 0.16 0.03375 0.09999999999999999
73 0.263125 0.0308335 0.015000000000000013 0.061667
73 0.2796875 0.0316665 0.020625000000000004 0.063333
73 0.2884375 0.1625 0.021874999999999978 0.10166599999999999
73 0.2990625 0.0291665 0.018125000000000002 0.058333
73 0.3046875 0.1566665 0.02312499999999995 0.11333299999999999
73 0.3184375 0.0170835 0.015625 0.034167
73 0.3934375 0.0395835 0.020625000000000004 0.079167
73 0.416875 0.042083 0.026249999999999996 0.0775
73 0.4296875 0.1841665 0.02312499999999995 0.07166700000000001
73 0.43156249999999996 0.2995835 0.014374999999999971 0.095833
73 0.43656249999999996 0.0429165 0.019374999999999976 0.085833
73 0.4421875 0.1758335 0.01937500000000003 0.096667
73 0.44906250000000003 0.3070835 0.023125000000000007 0.07416699999999998
73 0.4578125 0.04625 0.01937500000000003 0.0925
73 0.46281249999999996 0.1741665 0.014374999999999971 0.10666700000000001
73 0.474375 0.0529165 0.013749999999999984 0.079167
73 0.474375 0.18333349999999998 0.013749999999999984 0.07333300000000001
73 0.4859375 0.04375 0.021875000000000033 0.0875
73 0.5046875 0.0479165 0.03562499999999996 0.089167
73 0.5178125 0.0566665 0.020625000000000004 0.08666700000000001
73 0.77 0.4241665 0.011249999999999982 0.053332999999999964
73 0.7734375 0.21541699999999997 0.013125000000000053 0.07249999999999998
73 0.7734375 0.3179165 0.013125000000000053 0.07416699999999998
73 0.7778125 0.4079165 0.016874999999999973 0.07583299999999998
73 0.7778125 0.097917 0.009375000000000022 0.08250000000000002
73 0.7809375000000001 0.01625 0.013124999999999942 0.0325
73 0.78625 0.31499999999999995 0.010000000000000009 0.065
73 0.7890625 0.21375 0.015625 0.07583399999999998
73 0.7915625 0.1020835 0.010624999999999996 0.08416699999999999
73 0.7915625 0.4054165 0.010624999999999996 0.060833000000000026
73 0.7965625000000001 0.31875 0.013124999999999942 0.07250000000000001
73 0.7971874999999999 0.0179165 0.014374999999999916 0.035833
73 0.8049999999999999 0.2179165 0.011250000000000093 0.07416700000000001
73 0.8031250000000001 0.10833300000000001 0.0050000000000000044 0.06500000000000002
73 0.8103125 0.1083335 0.014375000000000027 0.06833299999999999
73 0.8115625 0.0225 0.016874999999999973 0.045
73 0.8103125 0.3141665 0.01187500000000008 0.06333300000000003
73 0.824375 0.11708299999999999 0.011249999999999982 0.062499999999999986
73 0.825625 0.21708349999999998 0.01375000000000004 0.06916699999999998
73 0.8296875 0.0225 0.014375000000000027 0.045
73 0.8390625 0.119583 0.013124999999999942 0.06749999999999999
73 0.8471875 0.0258335 0.023125000000000062 0.051667
73 0.84125 0.2195835 0.008749999999999925 0.06416699999999997
73 0.8515625 0.2183335 0.0068749999999999645 0.058332999999999996
73 0.90375 0.23333299999999998 0.009999999999999898 0.04999999999999999
73 0.9084375 0.0316665 0.014375000000000027 0.063333
73 0.9090625 0.22708299999999998 0.008124999999999938 0.06249999999999997
73 0.9109375 0.131667 0.011874999999999969 0.06000000000000001
73 0.9178124999999999 0.0291665 0.013124999999999942 0.058333
73 0.919375 0.229167 0.012500000000000067 0.054999999999999966
73 0.9237500000000001 0.134167 0.008749999999999925 0.05500000000000001
73 0.9271875 0.23041650000000002 0.015625 0.069167
73 0.9290625 0.0379165 0.014375000000000027 0.075833
73 0.9321875 0.129167 0.005625000000000102 0.065
73 0.9393750000000001 0.13 0.01375000000000004 0.07
73 0.943125 0.2341665 0.013749999999999929 0.04833299999999999
73 0.9471875000000001 0.037083 0.01937500000000003 0.06749999999999999
73 0.9515625000000001 0.138333 0.010624999999999996 0.05
73 0.9540625 0.22708299999999998 0.015625 0.07249999999999998
73 0.96 0.0395835 0.016249999999999987 0.06916699999999999
73 0.961875 0.32916650000000003 0.010000000000000009 0.05166699999999996
73 0.9625 0.1445835 0.011249999999999982 0.05583299999999998
73 0.9671875000000001 0.23249999999999998 0.020625000000000004 0.05833399999999997
73 0.9734375 0.13624999999999998 0.013124999999999942 0.07916599999999999
73 0.9734375 0.322083 0.013124999999999942 0.0625
73 0.9737499999999999 0.0466665 0.0050000000000000044 0.058332999999999996
73 0.9903124999999999 0.32708349999999997 0.018125000000000058 0.055832999999999966
