73 0.17497649999999998 0.606875 0.20507899999999998 0.47125
73 0.304798 0.5959375 0.05832599999999999 0.309375
73 0.514111 0.61375 0.10254000000000002 0.32749999999999996
73 0.7187205 0.6384375 0.22389499999999996 0.5518750000000001
73 0.8908750000000001 0.7428125 0.06396999999999997 0.059374999999999956
73 0.89793 0.7 0.06679199999999996 0.04249999999999998
73 0.904045 0.6481250000000001 0.06397000000000008 0.06500000000000006
73 0.9078085 0.5871875 0.06773300000000004 0.05312499999999998
73 0.907808 0.4821875 0.05644400000000005 0.044375
73 0.9106305 0.536875 0.06208900000000006 0.04749999999999999
