73 0.0958335 0.3884375 0.191667 0.08187500000000003
73 0.10625 0.10625 0.2125 0.11624999999999999
73 0.1141665 0.19375 0.228333 0.07874999999999999
73 0.1175 0.299375 0.235 0.07874999999999999
73 0.3079165 0.0865625 0.195833 0.10062499999999999
73 0.30666649999999995 0.18343749999999998 0.13833299999999998 0.105625
73 0.3191665 0.26875000000000004 0.12333299999999997 0.07500000000000001
73 0.7179165 0.0553125 0.319167 0.09937499999999999
73 0.7424999999999999 0.2584375 0.2733340000000001 0.078125
73 0.76 0.1578125 0.25333399999999995 0.109375
73 0.7883335 0.353125 0.16833300000000007 0.08374999999999999
73 0.8308329999999999 0.455 0.07500000000000007 0.08875
