73 0.08203150000000001 0.7109375 0.089063 0.0031250000000000444
73 0.1753905 0.967708 0.083593 0.0625
73 0.173828 0.876042 0.072656 0.08750000000000002
73 0.1773435 0.778125 0.07656300000000002 0.08124999999999993
73 0.1804685 0.6895830000000001 0.078125 0.08124999999999993
73 0.18359399999999998 0.593229 0.07968800000000001 0.06979200000000008
73 0.1863285 0.49895849999999997 0.07421900000000001 0.08333300000000005
73 0.19140600000000002 0.41354199999999997 0.07656199999999999 0.07500000000000001
73 0.192187 0.3203125 0.07500000000000001 0.08020899999999997
73 0.229297 0.25729199999999997 0.08984399999999998 0.01874999999999999
73 0.2691405 0.8755205 0.072657 0.078125
73 0.2710935 0.964583 0.07656300000000002 0.06874999999999998
73 0.2707035 0.7770835 0.07421900000000001 0.07916699999999999
73 0.273047 0.5947915 0.067968 0.07916699999999999
73 0.2753905 0.6859375000000001 0.067969 0.073959
73 0.278125 0.5078125 0.073438 0.07604100000000003
73 0.279297 0.4166665 0.072656 0.07083300000000003
73 0.279297 0.32916650000000003 0.060156000000000015 0.07708299999999996
73 0.6597655 0.4921875 0.0445310000000001 0.028124999999999956
73 0.6628905 0.3994795 0.050781000000000076 0.11562499999999998
73 0.7757815 0.5354165 0.109375 0.10416700000000001
73 0.7777345 0.4135415 0.10546900000000003 0.11666699999999997
73 0.783203 0.7359375 0.08359399999999995 0.15104099999999998
73 0.80625 0.9135415 0.07187600000000005 0.13333299999999992
