73 0.0384375 0.44666649999999997 0.06937499999999999 0.10166700000000001
73 0.05499999999999999 0.36 0.03625 0.044999999999999984
73 0.093125 0.465 0.035 0.068334
73 0.108125 0.3375 0.03875000000000001 0.061666
73 0.10875 0.2841665 0.037500000000000006 0.05166700000000002
73 0.1190625 0.395 0.024375000000000008 0.04999999999999999
73 0.1275 0.45958350000000003 0.036250000000000004 0.06583299999999997
73 0.1746875 0.3308335 0.081875 0.04833299999999996
73 0.171875 0.2683335 0.07124999999999998 0.06166700000000003
73 0.1771875 0.399583 0.073125 0.0625
73 0.179375 0.4579165 0.07500000000000001 0.06916699999999998
73 0.184375 0.525833 0.07499999999999998 0.050000000000000044
73 0.19406250000000003 0.59 0.048125 0.050000000000000044
73 0.2621875 0.32375 0.09687499999999999 0.065834
73 0.259375 0.260833 0.08249999999999996 0.05000000000000002
73 0.259375 0.60375 0.08249999999999996 0.07750000000000001
73 0.25937499999999997 0.4579165 0.07749999999999999 0.06916699999999998
73 0.2625 0.3925 0.08375000000000002 0.061666
73 0.26187499999999997 0.53125 0.07749999999999999 0.06416599999999995
73 0.3546875 0.5095835 0.09812500000000002 0.07583299999999998
73 0.7628125 0.4933335 0.21187500000000004 0.24666699999999997
73 0.8668750000000001 0.56375 0.06874999999999998 0.09083399999999997
73 0.8625 0.6820835000000001 0.04874999999999996 0.06583299999999992
73 0.88375 0.4275 0.03749999999999998 0.04999999999999999
73 0.896875 0.687083 0.040000000000000036 0.0625
73 0.9159375000000001 0.5816669999999999 0.055624999999999925 0.05500000000000005
73 0.9109375 0.43125 0.03437499999999993 0.060834
73 0.9309375 0.68625 0.041874999999999996 0.08083399999999996
73 0.94625 0.5845835 0.03375000000000006 0.04583300000000001
73 0.9503124999999999 0.430417 0.041874999999999996 0.0625
73 0.958125 0.6966669999999999 0.043749999999999956 0.05999999999999994
73 0.975 0.58875 0.04125000000000001 0.04083400000000004
73 0.981875 0.429583 0.03500000000000003 0.057499999999999996
73 0.98375 0.701667 0.03125 0.06999999999999995
