73 0.24125 0.6816665 0.20124999999999998 0.05833300000000008
73 0.22375 0.6129169999999999 0.04249999999999998 0.03749999999999998
73 0.2690625 0.6166665 0.019374999999999976 0.04166700000000001
73 0.320625 0.6174999999999999 0.03249999999999997 0.056665999999999994
73 0.6003125 0.7050000000000001 0.21437500000000004 0.11166599999999993
73 0.5209375 0.7020835 0.05437499999999995 0.05583300000000002
73 0.5725 0.55625 0.05499999999999994 0.06916600000000006
73 0.6040625 0.5587500000000001 0.03312499999999996 0.0675
73 0.64625 0.555417 0.04499999999999993 0.0675
73 0.6809375 0.5604169999999999 0.04312499999999997 0.07750000000000001
73 0.723125 0.6216664999999999 0.03875000000000006 0.08333299999999999
73 0.7221875 0.7070835 0.02937499999999993 0.07416699999999998
73 0.731875 0.546667 0.04375000000000007 0.07000000000000006
73 0.7359375 0.4754165 0.04937499999999995 0.06583300000000003
73 0.7362500000000001 0.407917 0.03749999999999998 0.07249999999999995
73 0.76125 0.7320835 0.04499999999999993 0.07583300000000004
73 0.7815624999999999 0.7112499999999999 0.06062500000000004 0.11083399999999999
73 0.784375 0.625833 0.03749999999999998 0.09499999999999997
73 0.8128124999999999 0.71375 0.05312499999999998 0.07416599999999995
