73 0.06625 0.7791665 0.1325 0.12166699999999997
73 0.066875 0.6399999999999999 0.13375 0.10999999999999999
73 0.196875 0.2391665 0.39375 0.161667
73 0.198125 0.4216665 0.39625 0.08666700000000005
73 0.201875 0.5225 0.40375 0.09833400000000003
73 0.196875 0.32916650000000003 0.38875 0.11166700000000002
73 0.18125 0.8283335000000001 0.10749999999999998 0.07333299999999998
73 0.266875 0.8616665 0.12625000000000003 0.07333300000000009
73 0.34750000000000003 0.6875 0.07500000000000001 0.06499999999999995
73 0.37124999999999997 0.5808335 0.09500000000000003 0.08166699999999993
73 0.39625 0.8725 0.1275 0.068334
73 0.468125 0.6683335 0.08125000000000004 0.03333300000000006
73 0.628125 0.6666665 0.10375000000000001 0.036667000000000005
