73 0.27 0.3004165 0.45875 0.175833
73 0.2734375 0.51875 0.451875 0.17583399999999993
73 0.2784375 0.9320835000000001 0.46187500000000004 0.13416700000000004
73 0.2771875 0.0795835 0.456875 0.159167
73 0.2753125 0.726667 0.448125 0.20499999999999996
73 0.714375 0.7229165 0.39125 0.209167
73 0.711875 0.29583349999999997 0.38375000000000004 0.16666699999999998
73 0.7253125 0.0825 0.40812499999999996 0.146666
73 0.731875 0.92625 0.4162499999999999 0.14583400000000002
73 0.7459375 0.5129165 0.44437499999999996 0.18083300000000002
