73 0.053667 0.105025 0.078 0.127638
73 0.392333 0.276884 0.61 0.11959800000000001
73 0.11566699999999999 0.11206 0.05399999999999999 0.127638
73 0.1696665 0.11005 0.064667 0.135678
73 0.3096665 0.428643 0.292667 0.133668
73 0.28400000000000003 0.7452259999999999 0.23333399999999999 0.12763800000000003
73 0.3063335 0.586432 0.268667 0.143718
73 0.2236665 0.123618 0.04866699999999999 0.10854199999999999
73 0.2676665 0.138191 0.044666999999999984 0.091458
73 0.3333335 0.8512565000000001 0.12666699999999997 0.038190999999999975
73 0.303667 0.1452265 0.04199999999999998 0.077387
73 0.3476665 0.144221 0.05266700000000002 0.095478
73 0.39166650000000003 0.14070349999999998 0.05666699999999997 0.10251299999999999
73 0.5033335 0.884422 0.17733299999999996 0.22914599999999996
73 0.438 0.154774 0.03600000000000003 0.088442
73 0.527 0.581407 0.194 0.26030200000000003
73 0.477 0.157789 0.04199999999999998 0.090452
73 0.5123335 0.1643215 0.028666999999999998 0.07336699999999999
73 0.5456665 0.157789 0.043332999999999955 0.06834199999999999
73 0.6303335 0.4130655 0.14333299999999993 0.10251300000000002
73 0.5916669999999999 0.17236200000000002 0.04599999999999993 0.09748799999999999
73 0.629 0.1683415 0.04600000000000004 0.089447
73 0.663667 0.51005 0.07400000000000007 0.02914599999999995
73 0.665 0.178392 0.04066599999999998 0.085428
