73 0.0396875 0.42500000000000004 0.06937499999999999 0.044999999999999984
73 0.0396875 0.46625 0.06687499999999999 0.02749999999999997
73 0.0403125 0.5533334999999999 0.06562499999999999 0.043332999999999955
73 0.042187499999999996 0.384583 0.061875 0.03249999999999997
73 0.0453125 0.50625 0.065625 0.04083399999999998
73 0.0903125 0.3908335 0.018125000000000002 0.028333000000000053
73 0.0915625 0.44083300000000003 0.018125000000000002 0.009999999999999953
73 0.0940625 0.5183335 0.02062499999999999 0.01333300000000004
73 0.09468750000000001 0.47250000000000003 0.02187499999999999 0.008334000000000008
73 0.1015625 0.5604165 0.015625 0.015832999999999986
73 0.1090625 0.5062500000000001 0.01937499999999999 0.014166000000000012
73 0.1128125 0.43625 0.016875 0.01583399999999996
73 0.1128125 0.46916650000000004 0.016875 0.00833299999999998
73 0.1146875 0.38875 0.018125000000000002 0.02416600000000002
73 0.1171875 0.5579164999999999 0.015625 0.02083299999999999
73 0.1334375 0.46833349999999996 0.024375000000000008 0.013332999999999984
73 0.1321875 0.435417 0.019375000000000003 0.01749999999999996
73 0.1315625 0.51125 0.015625 0.014166000000000012
73 0.1321875 0.3879165 0.016875 0.025832999999999995
73 0.13968750000000002 0.5545835 0.019375000000000003 0.01416700000000004
73 0.2159375 0.48375 0.12312500000000001 0.04416599999999998
73 0.164375 0.395417 0.013750000000000012 0.03250000000000003
73 0.1771875 0.5525 0.02437499999999998 0.05166599999999999
73 0.1790625 0.5879165 0.02562499999999998 0.03916700000000006
73 0.1771875 0.3954165 0.014374999999999999 0.025832999999999995
73 0.1821875 0.631667 0.019375000000000003 0.04500000000000004
73 0.1996875 0.39249999999999996 0.018125000000000002 0.034999999999999976
73 0.22999999999999998 0.43333299999999997 0.07625000000000001 0.04999999999999999
73 0.2421875 0.3866665 0.05687500000000001 0.036667000000000005
73 0.24656250000000002 0.5491665 0.015625000000000028 0.04833299999999996
73 0.2503125 0.5941665 0.015625 0.03833300000000006
73 0.2521875 0.631667 0.014375000000000027 0.04500000000000004
73 0.26375000000000004 0.5425 0.027500000000000024 0.04166599999999998
73 0.2671875 0.5933335 0.020625000000000004 0.036667000000000005
73 0.2684375 0.63375 0.023125000000000007 0.04083400000000004
73 0.8034375 0.5183335 0.055625000000000036 0.07166699999999998
73 0.809375 0.7025 0.0675 0.061666
73 0.81 0.6216665 0.06874999999999998 0.04833299999999996
73 0.8103125 0.78 0.05812499999999998 0.06499999999999995
73 0.8315625 0.4304165 0.05437500000000006 0.055832999999999966
73 0.880625 0.5079165 0.036250000000000004 0.06916699999999998
73 0.8831249999999999 0.4341665 0.028749999999999942 0.048333000000000015
73 0.9146875 0.53125 0.04562500000000003 0.04583399999999993
73 0.9496875 0.7833335 0.016874999999999973 0.05833299999999997
73 0.9509375 0.6975 0.014375000000000027 0.05166599999999999
73 0.9540625 0.615 0.015625 0.05166599999999999
