73 0.119 0.884558 0.238 0.22788599999999992
73 0.19649999999999998 0.706147 0.299 0.18890600000000002
73 0.199 0.348576 0.15800000000000003 0.3553219999999999
73 0.2735 0.5547230000000001 0.23900000000000002 0.10794599999999999
73 0.417 0.9092955 0.33399999999999996 0.178411
73 0.381 0.334333 0.14600000000000002 0.3448279999999999
73 0.46299999999999997 0.731634 0.26599999999999996 0.20689599999999997
73 0.4925 0.5772115 0.20099999999999996 0.12593699999999997
73 0.531 0.49400299999999997 0.16999999999999998 0.11844000000000005
73 0.7155 0.49850099999999997 0.16500000000000004 0.12743600000000005
73 0.748 0.607946 0.19999999999999996 0.142428
73 0.788 0.7571209999999999 0.258 0.20389800000000002
73 0.817 0.931784 0.31199999999999994 0.13343399999999994
73 0.935 0.6281859999999999 0.128 0.155922
73 0.9625 0.781109 0.07299999999999995 0.20389800000000002
