73 0.3072915 0.732031 0.12708300000000003 0.10781200000000002
73 0.3052085 0.271094 0.07708300000000001 0.06718800000000003
73 0.313542 0.5617185 0.09375 0.089063
73 0.309375 0.359375 0.07291599999999998 0.07499999999999996
73 0.3239585 0.63125 0.07291700000000001 0.07499999999999996
73 0.32499999999999996 0.4742185 0.07083400000000001 0.06718700000000005
73 0.4125 0.778906 0.07083400000000001 0.11093799999999998
73 0.5645835 0.20937499999999998 0.216667 0.12499999999999997
73 0.56875 0.341406 0.20416600000000001 0.09531200000000001
73 0.571875 0.884375 0.20208399999999999 0.21875
73 0.5874999999999999 0.49374999999999997 0.22499999999999998 0.13124999999999998
73 0.579167 0.7296875 0.1875 0.13437500000000002
73 0.582292 0.6164065000000001 0.19374999999999998 0.11718700000000004
