73 0.133125 0.7867230000000001 0.04749999999999999 0.12523600000000001
73 0.31375 0.338512 0.10874999999999996 0.18361599999999997
73 0.34875 0.5602635 0.04874999999999996 0.17514100000000005
73 0.40218750000000003 0.4962335 0.03187500000000004 0.07156300000000004
73 0.5725 0.9562145 0.040000000000000036 0.08568699999999996
73 0.6815625 0.334746 0.026874999999999982 0.183616
73 0.7178125 0.5254235 0.038124999999999964 0.16007500000000002
73 0.753125 0.332392 0.08374999999999999 0.178908
73 0.755 0.547552 0.04875000000000007 0.189266
73 0.7865625 0.7970809999999999 0.083125 0.20056400000000008
73 0.8134375 0.3305085 0.046875 0.16572499999999998
73 0.8446875 0.505179 0.05687500000000001 0.06873800000000002
73 0.9299999999999999 0.30838 0.05500000000000005 0.19303199999999998
73 0.9646874999999999 0.5663845 0.01937500000000003 0.19114899999999996
