73 0.00875 0.635084 0.0175 0.08818000000000004
73 0.013125 0.4915575 0.02625 0.09380899999999998
73 0.18812500000000001 0.35741049999999996 0.22625 0.09568499999999996
73 0.26687500000000003 0.498124 0.06875 0.10694199999999993
73 0.47 0.6228895 0.47 0.11632299999999995
73 0.42 0.217636 0.3075 0.093808
73 0.47187500000000004 0.3555345 0.15875 0.10318900000000003
73 0.526875 0.49343349999999997 0.24625000000000002 0.10131299999999999
73 0.61375 0.9493434999999999 0.10499999999999998 0.06003700000000001
73 0.65375 0.499062 0.0050000000000000044 0.08630399999999999
73 0.7418750000000001 0.221388 0.15374999999999994 0.08630399999999999
73 0.75875 0.35834900000000003 0.1725 0.09380799999999995
73 0.84125 0.49812349999999994 0.08500000000000008 0.09568499999999996
73 0.948125 0.2345215 0.10125000000000006 0.09005700000000003
