73 0.0134375 0.260788 0.026875 0.09193200000000001
73 0.0171875 0.401032 0.034375 0.104128
73 0.0178125 0.1350845 0.035625 0.08255099999999999
73 0.011875 0.5164165000000001 0.0175 0.11538499999999996
73 0.008125 0.022514 0.00875 0.045028
73 0.0296875 0.653377 0.031875 0.10787999999999998
73 0.0753125 0.0501875 0.038125 0.090995
73 0.0765625 0.1585365 0.035625000000000004 0.08442700000000002
73 0.081875 0.27626649999999997 0.036250000000000004 0.089119
73 0.085625 0.379925 0.03874999999999999 0.09943800000000003
73 0.1303125 0.022514 0.066875 0.045028
73 0.12031249999999999 0.073171 0.025624999999999995 0.06754199999999999
73 0.1565625 0.1003755 0.02687500000000001 0.07879900000000001
73 0.1821875 0.1242965 0.021874999999999978 0.05722299999999998
73 0.21875 0.0694185 0.09 0.136961
73 0.1903125 0.28752350000000004 0.024375000000000008 0.05347099999999999
73 0.18875 0.20309549999999998 0.016249999999999987 0.057222999999999996
73 0.19 0.356942 0.01874999999999999 0.060975999999999975
73 0.22781250000000003 0.038461499999999996 0.09437500000000001 0.075047
73 0.1940625 0.5206379999999999 0.021874999999999978 0.06191399999999997
73 0.1934375 0.436679 0.018125000000000002 0.066604
73 0.24406250000000002 0.1693245 0.08562499999999998 0.059098999999999985
73 0.25875 0.227017 0.06125 0.04877999999999999
73 0.2625 0.345685 0.04874999999999999 0.04596600000000001
73 0.2709375 0.28189450000000005 0.06562500000000002 0.05347099999999999
73 0.273125 0.38227 0.04999999999999996 0.038461999999999996
73 0.32375 0.05863 0.04625000000000001 0.042214
73 0.3284375 0.3982175 0.046875 0.040336999999999956
73 0.333125 0.1125705 0.05625000000000002 0.05440900000000001
73 0.3375 0.283771 0.0625 0.04596600000000001
73 0.3253125 0.164634 0.03562500000000002 0.038461999999999996
73 0.3425 0.22232649999999998 0.07 0.06191299999999997
73 0.3375 0.34380900000000003 0.05249999999999999 0.04221400000000003
73 0.401875 0.05863 0.05624999999999997 0.042214
73 0.40812499999999996 0.1683865 0.04999999999999999 0.042213
73 0.4009375 0.34146350000000003 0.03312499999999996 0.05065700000000001
73 0.4034375 0.27814249999999996 0.038124999999999964 0.04971900000000001
73 0.4053125 0.1149155 0.041874999999999996 0.045966999999999994
73 0.408125 0.22420299999999999 0.04749999999999999 0.043151999999999996
73 0.39437500000000003 0.390713 0.017500000000000016 0.017824000000000007
73 0.8134375 0.3334895 0.37187500000000007 0.666979
