73 0.22125 0.1824135 0.09875 0.07483699999999999
73 0.19687500000000002 0.269878 0.04000000000000001 0.06828800000000002
73 0.2425 0.3498595 0.05124999999999999 0.07109500000000002
73 0.24374999999999997 0.274088 0.046249999999999986 0.06922399999999998
73 0.24562499999999998 0.41206699999999996 0.04500000000000001 0.03087000000000001
73 0.2834375 0.266137 0.02812500000000001 0.06828800000000002
73 0.32375 0.16464 0.10875000000000001 0.09541600000000001
73 0.325 0.3526665 0.10375000000000001 0.08044899999999999
73 0.3275 0.4387275 0.10625000000000001 0.08044899999999999
73 0.35125 0.258185 0.05125000000000002 0.06922399999999998
73 0.37124999999999997 0.649673 0.08375000000000005 0.09260999999999997
73 0.443125 0.160898 0.11375000000000002 0.07670800000000001
73 0.4559375 0.687091 0.13687500000000002 0.10944799999999999
73 0.4559375 0.3447145 0.13437499999999997 0.10383500000000001
73 0.4565625 0.5336765 0.13312499999999994 0.09073899999999996
73 0.4571875 0.4480825 0.13437500000000002 0.08044899999999999
73 0.4584375 0.255379 0.12437500000000001 0.07109400000000002
73 0.478125 0.9382604999999999 0.09625 0.12160899999999997
73 0.50375 0.7011225 0.05375000000000002 0.028998999999999997
73 0.6359375 0.4527595 0.09187500000000004 0.07483699999999999
73 0.6359375 0.5584659999999999 0.08687499999999992 0.08606199999999997
73 0.6384375 0.267072 0.09187499999999993 0.05519199999999999
73 0.6390625000000001 0.358279 0.09312500000000001 0.09167399999999998
73 0.6571875 0.739944 0.12187500000000007 0.134706
73 0.7731250000000001 0.505613 0.04375000000000007 0.096352
73 0.801875 0.335828 0.04499999999999993 0.07109399999999999
73 0.81125 0.49906449999999997 0.036250000000000004 0.12815699999999997
