73 0.09625 0.40666650000000004 0.1375 0.226667
73 0.10125 0.5775 0.115 0.11499999999999999
73 0.22375 0.3666665 0.11749999999999997 0.17666700000000002
73 0.228125 0.549167 0.11374999999999996 0.20500000000000002
73 0.195 0.3633335 0.03 0.13666700000000004
73 0.315 0.33333349999999995 0.08250000000000002 0.163333
73 0.40312499999999996 0.31166649999999996 0.07124999999999998 0.153333
73 0.531875 0.28500000000000003 0.16625 0.123334
73 0.526875 0.4216665 0.14375 0.12333300000000003
73 0.525 0.15 0.06749999999999995 0.11666599999999999
73 0.8868750000000001 0.3108335 0.22375 0.091667
73 0.8275 0.1708335 0.05499999999999994 0.10166700000000001
73 0.9450000000000001 0.1641665 0.07750000000000001 0.101667
