73 0.2121875 0.2856475 0.278125 0.143527
73 0.21687499999999998 0.013133 0.2875 0.026266
73 0.243125 0.1257035 0.31375000000000003 0.155723
73 0.15968749999999998 0.4315195 0.134375 0.14446499999999995
73 0.1334375 0.5863039999999999 0.076875 0.15759800000000002
73 0.1303125 0.719981 0.06312499999999999 0.12851800000000002
73 0.3840625 0.411351 0.026875000000000038 0.038461999999999996
73 0.5075000000000001 0.479831 0.25375000000000003 0.179174
73 0.5178125 0.0140715 0.27187500000000003 0.028143
73 0.49124999999999996 0.3119135 0.20749999999999996 0.179175
73 0.525625 0.12242 0.26125 0.177298
73 0.5065625 0.6557219999999999 0.13062500000000005 0.17260799999999998
73 0.4940625 0.791276 0.073125 0.08724200000000004
73 0.836875 0.203565 0.32500000000000007 0.23827399999999999
73 0.836875 0.0248595 0.31999999999999995 0.049719
73 0.85875 0.4643525 0.28125 0.25140700000000005
73 0.8365625000000001 0.923077 0.13437500000000002 0.14634199999999997
73 0.916875 0.46060049999999997 0.04499999999999993 0.20637900000000003
