73 0.468125 0.8320835 0.93625 0.334167
73 0.094375 0.55375 0.11000000000000001 0.28416600000000003
73 0.2315625 0.5545835 0.145625 0.23083300000000007
73 0.421875 0.50875 0.15000000000000002 0.057499999999999996
73 0.4253125 0.5916669999999999 0.133125 0.1050000000000001
73 0.5659375 0.5166665 0.169375 0.048333000000000015
73 0.5659375 0.5675 0.161875 0.05333399999999999
73 0.5703125 0.6241665000000001 0.13687500000000008 0.06333299999999997
73 0.6912499999999999 0.510833 0.10750000000000004 0.04999999999999999
73 0.7184375000000001 0.565 0.156875 0.04833399999999999
73 0.7171875 0.6275 0.14812500000000006 0.09833400000000003
73 0.8528125 0.5441665 0.12812500000000004 0.04833299999999996
73 0.8528125 0.59 0.12312500000000004 0.043333999999999984
73 0.8556250000000001 0.640417 0.11750000000000005 0.03749999999999998
