73 0.0365625 0.4761505 0.073125 0.19079499999999994
73 0.0609375 0.7974895 0.121875 0.403347
73 0.1075 0.4811715 0.13499999999999998 0.19748899999999997
73 0.13875 0.7928869999999999 0.185 0.404184
73 0.2053125 0.472385 0.11187499999999997 0.208368
73 0.270625 0.7912135 0.14 0.394143
73 0.29312499999999997 0.482008 0.09249999999999997 0.18577400000000005
73 0.41874999999999996 0.8217574999999999 0.1275 0.292887
73 0.3990625 0.6380755 0.08687499999999998 0.08451900000000001
73 0.40249999999999997 0.48117150000000003 0.08749999999999997 0.18744700000000003
73 0.4846875 0.482845 0.10562499999999997 0.19749000000000005
73 0.5325 0.774895 0.16000000000000003 0.371548
73 0.4796875 0.31171550000000003 0.03562500000000002 0.07949699999999998
73 0.5603125 0.487866 0.114375 0.18409999999999999
73 0.6509375 0.7732220000000001 0.20062499999999994 0.361506
73 0.6468750000000001 0.4916315 0.14125 0.18493699999999996
73 0.7659375 0.6104605 0.255625 0.539749
73 0.75125 0.7782425 0.21625000000000005 0.351465
73 0.815 0.4991635 0.30500000000000005 0.389121
