73 0.21999999999999997 0.3719515 0.0875 0.20919300000000002
73 0.2296875 0.587242 0.06812499999999999 0.17448399999999997
73 0.2521875 0.8123825 0.08687500000000004 0.18574099999999993
73 0.2884375 0.5853655 0.06312499999999999 0.18198899999999996
73 0.3053125 0.37101300000000004 0.09062500000000001 0.214822
73 0.32125000000000004 0.8081615 0.058750000000000024 0.19043100000000002
73 0.4340625 0.844747 0.26687500000000003 0.30862999999999996
73 0.345 0.5834895 0.05750000000000005 0.18949299999999997
73 0.41093749999999996 0.5698875 0.09187499999999998 0.18667899999999998
73 0.453125 0.720919 0.06625000000000003 0.04596599999999995
73 0.4865625 0.5633205 0.06437500000000007 0.18480300000000005
73 0.4971875 0.337242 0.070625 0.19043200000000002
73 0.5353125 0.5614445 0.07937499999999997 0.192307
73 0.5415625 0.707317 0.07437499999999997 0.05816200000000005
73 0.55375 0.3409945 0.07874999999999999 0.190431
73 0.6071875 0.545028 0.07437500000000008 0.21013199999999993
73 0.6203125 0.3316135 0.07562499999999994 0.19793700000000003
