73 0.0228125 0.5234965 0.045625 0.06766900000000003
73 0.026875 0.585056 0.05375 0.08740599999999998
73 0.0671875 0.569549 0.070625 0.07518800000000003
73 0.10500000000000001 0.35573299999999997 0.03874999999999999 0.06673000000000001
73 0.1096875 0.4229325 0.025624999999999995 0.06766899999999998
73 0.1196875 0.49060149999999997 0.031875 0.060150999999999955
73 0.12281249999999999 0.5455829999999999 0.030625 0.06108999999999998
73 0.2990625 0.43844 0.060624999999999984 0.098684
73 0.30156249999999996 0.32283850000000003 0.05562499999999998 0.09492499999999998
73 0.30374999999999996 0.5465225 0.05124999999999996 0.117481
73 0.31062500000000004 0.6531955 0.04999999999999999 0.15037500000000004
73 0.3546875 0.423872 0.03562500000000002 0.07330799999999998
73 0.35531250000000003 0.3402255 0.03437499999999999 0.06766899999999998
73 0.35968750000000005 0.504699 0.02812500000000001 0.08834600000000004
73 0.36812500000000004 0.5549815 0.011250000000000038 0.04605300000000001
73 0.4296875 0.419173 0.12187499999999996 0.05263200000000001
73 0.426875 0.5427635 0.10125 0.05545100000000003
73 0.4134375 0.47603399999999996 0.07187500000000002 0.06485000000000002
73 0.4309375 0.3392855 0.10437500000000005 0.06578899999999999
73 0.4715625 0.479793 0.023125000000000007 0.04981200000000002
73 0.5903125 0.29793250000000004 0.12812500000000004 0.06015100000000001
73 0.579375 0.46757499999999996 0.10375000000000001 0.051692000000000016
73 0.5909375 0.20441700000000002 0.12687500000000007 0.061090000000000005
73 0.5903125 0.381579 0.12312499999999993 0.06579000000000002
73 0.5718749999999999 0.544643 0.07874999999999999 0.05169200000000007
73 0.7109375 0.524436 0.11562500000000009 0.058270000000000044
73 0.7025 0.3759395 0.09125000000000005 0.05827100000000002
73 0.7140625 0.4483085 0.10687499999999994 0.08270699999999997
73 0.6853125 0.28665399999999996 0.04312500000000008 0.07894799999999996
73 0.6725000000000001 0.20159749999999999 0.015000000000000013 0.070489
73 0.825 0.5263154999999999 0.11249999999999993 0.06954899999999997
73 0.8353125 0.388158 0.12062499999999998 0.06391000000000002
73 0.8025 0.456767 0.050000000000000044 0.054512000000000005
73 0.8459375 0.3233085 0.12187499999999996 0.07894699999999999
73 0.8434375000000001 0.4769735 0.02937500000000004 0.03289500000000001
73 0.8740625 0.48073299999999997 0.03437499999999993 0.02537600000000001
73 0.9428125 0.5263154999999999 0.11312500000000003 0.06954899999999997
73 0.946875 0.3952065 0.10499999999999998 0.05357099999999998
73 0.946875 0.456767 0.10499999999999998 0.054512000000000005
73 0.94875 0.320019 0.10125000000000006 0.06484999999999996
