73 0.039063 0.86385 0.07500000000000001 0.023473999999999995
73 0.042578000000000005 0.9172534999999999 0.078906 0.022301000000000015
73 0.0433595 0.8785215 0.07734300000000001 0.052817
73 0.33632799999999996 0.853873 0.522656 0.07394400000000001
73 0.33632799999999996 0.922535 0.522656 0.089202
73 0.339844 0.7881454999999999 0.529688 0.092723
73 0.336328 0.7200705000000001 0.514844 0.116197
73 0.316797 0.3362675 0.352344 0.672535
73 0.4871095 0.537559 0.16171899999999995 0.265258
73 0.6609375 0.6326295 0.20781299999999991 0.366197
73 0.64375 0.894366 0.14374999999999993 0.032864000000000004
73 0.65625 0.6431925000000001 0.146876 0.558685
73 0.6476565000000001 0.867371 0.11562499999999998 0.032864000000000004
73 0.665625 0.920188 0.13906200000000002 0.04694799999999999
73 0.6765625 0.6402585000000001 0.13593700000000009 0.566901
73 0.8531249999999999 0.603286 0.292188 0.234742
73 0.8535155 0.7441315 0.29140699999999997 0.190141
73 0.867969 0.8926054999999999 0.26249999999999996 0.15140900000000002
73 0.9214845 0.238263 0.15546899999999997 0.476526
