73 0.0653125 0.59334 0.074375 0.17354599999999998
73 0.07874999999999999 0.7790809999999999 0.09874999999999999 0.197936
73 0.09218749999999999 0.9329270000000001 0.074375 0.12851800000000002
73 0.1640625 0.426829 0.176875 0.08255200000000001
73 0.1646875 0.510788 0.17812499999999998 0.06847999999999993
73 0.1740625 0.6106940000000001 0.156875 0.10694199999999998
73 0.1771875 0.683396 0.14187500000000003 0.11538399999999993
73 0.18375 0.85788 0.14999999999999997 0.143528
73 0.185625 0.781895 0.14875 0.13789800000000008
73 0.36124999999999996 0.8733584999999999 0.09500000000000003 0.071295
73 0.3975 0.8433394999999999 0.08875 0.07692299999999996
73 0.46281249999999996 0.7781425 0.070625 0.060975
73 0.519375 0.5290805 0.065 0.144465
73 0.520625 0.7148215 0.04249999999999998 0.0731710000000001
73 0.5621875000000001 0.9845215 0.125625 0.029081000000000023
73 0.5578125 0.6993435 0.041874999999999996 0.09287099999999993
73 0.5865625 0.7424955 0.06687500000000002 0.055347000000000035
73 0.6212500000000001 0.8944655 0.11750000000000005 0.13977499999999998
73 0.5884375 0.6683865 0.0368750000000001 0.08536499999999991
73 0.6225 0.5178235 0.04625000000000001 0.15947500000000003
73 0.6543749999999999 0.8058160000000001 0.09999999999999998 0.09005600000000002
73 0.6421875 0.6974670000000001 0.06812499999999999 0.11538400000000004
73 0.6440625 0.6271105 0.03312500000000007 0.04784300000000008
73 0.83375 0.641651 0.06374999999999997 0.131332
73 0.8921875 0.7007505 0.034375000000000044 0.07317099999999999
73 0.9178124999999999 0.6810505 0.02937500000000004 0.08255100000000004
