73 0.224375 0.225417 0.36375 0.29750000000000004
73 0.018125 0.20124999999999998 0.03625 0.08416599999999999
73 0.02125 0.10375 0.0425 0.07583399999999998
73 0.0240625 0.305417 0.048125 0.09250000000000003
73 0.0265625 0.3958335 0.053125 0.098333
73 0.13125 0.0191665 0.17125 0.038333
73 0.3025 0.0191665 0.12624999999999997 0.038333
73 0.4703125 0.0770835 0.14187500000000003 0.064167
73 0.5459375 0.42916699999999997 0.280625 0.15499999999999997
73 0.4721875 0.15875 0.12312499999999993 0.069166
73 0.46968750000000004 0.0158335 0.111875 0.031667
73 0.4815625 0.32 0.13562499999999994 0.09499999999999997
73 0.48 0.24083349999999998 0.13000000000000006 0.08833299999999997
73 0.6203125 0.0795835 0.17312500000000008 0.07583299999999998
73 0.708125 0.35 0.34375 0.10666599999999998
73 0.6228125 0.2666665 0.17062500000000003 0.09833299999999998
73 0.72875 0.1779165 0.38 0.099167
73 0.614375 0.015 0.14625 0.03
73 0.7859375 0.2966665 0.181875 0.11666699999999999
73 0.8090625 0.084167 0.213125 0.095
73 0.81125 0.0095835 0.21750000000000003 0.019167
73 0.95 0.3254165 0.09875 0.11916700000000002
73 0.9575 0.205833 0.08374999999999999 0.09999999999999998
73 0.9584375 0.09 0.08187500000000003 0.10999999999999999
73 0.9621875 0.00875 0.07437499999999997 0.0175
