73 0.4775 0.1695835 0.15249999999999997 0.339167
73 0.5303125 0.30125 0.06437500000000002 0.18250000000000002
73 0.5387500000000001 0.4416665 0.06874999999999998 0.146667
73 0.5365625 0.38583350000000005 0.055624999999999925 0.158333
73 0.59375 0.6475 0.16749999999999998 0.3
73 0.5653125 0.4570835 0.08562500000000006 0.20083299999999998
73 0.59125 0.09375 0.13124999999999998 0.1875
73 0.63375 0.865417 0.18125000000000002 0.26750000000000007
73 0.655625 0.2633335 0.15749999999999997 0.42333299999999996
73 0.7306250000000001 0.5320834999999999 0.19374999999999998 0.395833
73 0.8009375000000001 0.8170835000000001 0.249375 0.364167
