73 0.1515625 0.36423249999999996 0.11187499999999999 0.15168500000000001
73 0.1775 0.5107675 0.15000000000000002 0.16198499999999993
73 0.1715625 0.6470035000000001 0.11312499999999999 0.12734100000000004
73 0.2271875 0.2734085 0.09812499999999999 0.071161
73 0.27531249999999996 0.383895 0.138125 0.172284
73 0.29500000000000004 0.6722845 0.04999999999999999 0.07677900000000004
73 0.4603125 0.4213485 0.246875 0.21348299999999992
73 0.395625 0.594101 0.10750000000000004 0.17509400000000008
73 0.4115625 0.734551 0.083125 0.10205999999999993
73 0.5475 0.32397 0.12375000000000003 0.14794000000000002
73 0.5353125000000001 0.652622 0.05312499999999998 0.17603000000000002
73 0.5859375 0.8188200000000001 0.14937500000000004 0.143258
73 0.7493749999999999 0.4620785 0.25625 0.10580500000000004
73 0.7446875 0.668071 0.24187499999999995 0.18071199999999998
73 0.6790625 0.298689 0.06937499999999996 0.09737800000000002
73 0.983125 0.33192900000000003 0.03249999999999997 0.180712
