73 0.1258335 0.8696875 0.251667 0.259375
73 0.1266665 0.59 0.253333 0.25999999999999995
73 0.1279165 0.324375 0.255833 0.25125
73 0.13125 0.0890625 0.2625 0.178125
73 0.447083 0.09 0.33749999999999997 0.18
73 0.4529165 0.3140625 0.344167 0.24437500000000004
73 0.45375 0.59 0.3325 0.25625000000000003
73 0.4608335 0.868125 0.328333 0.26250000000000007
73 0.803333 0.0925 0.33499999999999996 0.185
73 0.8079164999999999 0.315 0.32583299999999993 0.24625
73 0.8125 0.5840625 0.33499999999999996 0.2543750000000001
73 0.8233334999999999 0.863125 0.35166700000000006 0.27
