73 0.072062 0.231667 0.144124 0.22999999999999998
73 0.085366 0.355 0.10864800000000001 0.04999999999999999
73 0.4002215 0.5541665 0.30376899999999996 0.30833299999999997
73 0.7150775 0.2375 0.5077609999999999 0.21499999999999997
73 0.6862524999999999 0.4408335 0.36141900000000005 0.19166700000000003
73 0.7383595000000001 0.5975 0.31042099999999995 0.17500000000000004
73 0.7882485 0.0525 0.31707299999999994 0.105
73 0.8026605 0.9516665 0.19955699999999998 0.093333
73 0.7549889999999999 0.7158329999999999 0.08204 0.1150000000000001
73 0.82816 0.9166665 0.18846999999999992 0.10333300000000001
73 0.940133 0.6141665000000001 0.11529999999999996 0.09166700000000005
73 0.9456765 0.4916665 0.104213 0.08666700000000005
