73 0.499349 0.6523435 0.998698 0.333333
73 0.499349 0.763021 0.998698 0.401042
73 0.5 0.6953125 0.997396 0.3020830000000001
73 0.315755 0.892578 0.6263019999999999 0.21223999999999998
73 0.4518225 0.854818 0.890625 0.28776
73 0.5091145 0.8339844999999999 0.973959 0.329427
73 0.5377605 0.5566405 0.921875 0.459635
73 0.638672 0.299479 0.7200519999999999 0.22135400000000002
73 0.6953125 0.152995 0.606771 0.30599
73 0.6966145 0.5716145 0.6041669999999999 0.19270900000000002
73 0.705078 0.45898399999999995 0.58724 0.339844
73 0.714193 0.268229 0.56901 0.192708
