73 0.23375 0.7275 0.06999999999999998 0.10833400000000004
73 0.2525 0.49874999999999997 0.10750000000000001 0.119166
73 0.2384375 0.2883335 0.075625 0.04333300000000001
73 0.283125 0.375417 0.1625 0.11750000000000005
73 0.22375 0.16 0.036250000000000004 0.103334
73 0.2753125 0.1970835 0.083125 0.029167
73 0.321875 0.29541649999999997 0.11374999999999996 0.029167
73 0.31281250000000005 0.704583 0.09062500000000001 0.12750000000000006
73 0.3334375 0.5279165 0.059374999999999956 0.03916699999999995
73 0.3425 0.2016665 0.07749999999999996 0.038333000000000006
73 0.39656250000000004 0.5916669999999999 0.05437500000000001 0.09500000000000008
73 0.415625 0.49958349999999996 0.07624999999999998 0.08583299999999999
73 0.4115625 0.693333 0.06562500000000004 0.10499999999999998
73 0.4271875 0.37625 0.09187500000000004 0.08083400000000002
73 0.44437499999999996 0.19874999999999998 0.12374999999999997 0.07416599999999998
73 0.44437499999999996 0.281667 0.12125000000000002 0.06999999999999998
73 0.43343750000000003 0.615 0.043125000000000024 0.03833400000000009
73 0.461875 0.37375 0.08124999999999993 0.065834
73 0.4559375 0.6070835 0.05687500000000001 0.035833000000000004
73 0.4709375 0.699167 0.06312499999999993 0.04499999999999993
73 0.48375 0.5116670000000001 0.07374999999999998 0.03500000000000003
73 0.5653125 0.540833 0.07062499999999994 0.03499999999999992
73 0.641875 0.540833 0.11375000000000002 0.08000000000000007
73 0.775 0.692917 0.08499999999999996 0.07250000000000001
73 0.885625 0.8166665 0.15625 0.10333300000000001
73 0.9012500000000001 0.792917 0.12 0.0625
73 0.9293750000000001 0.7625 0.14 0.14666600000000007
73 0.9356249999999999 0.405417 0.12750000000000006 0.1175
73 0.9356249999999999 0.6275 0.12750000000000006 0.11333399999999993
73 0.9428125 0.537083 0.11312500000000003 0.14250000000000002
73 0.9440625 0.2391665 0.11062499999999997 0.09166699999999997
73 0.971875 0.930417 0.05500000000000005 0.07250000000000001
