73 0.0903125 0.187853 0.180625 0.375706
73 0.12062500000000001 0.6148775 0.20875 0.709981
73 0.195625 0.8225045 0.15375000000000003 0.35310699999999995
73 0.2346875 0.1096985 0.129375 0.219397
73 0.25687499999999996 0.35263649999999996 0.10125 0.417137
73 0.31437499999999996 0.0451975 0.03250000000000003 0.090395
73 0.550625 0.0258945 0.26875000000000004 0.051789
73 0.548125 0.2664785 0.22500000000000003 0.14500899999999997
73 0.5103125 0.4190205 0.13437500000000002 0.13747700000000002
73 0.5862499999999999 0.114878 0.255 0.143126
73 0.5646875 0.590866 0.174375 0.24199600000000004
73 0.62375 0.3893595 0.10250000000000004 0.251413
73 0.8359375 0.789548 0.326875 0.41901999999999995
73 0.7384375 0.4039545 0.109375 0.3145009999999999
73 0.8171875 0.051789 0.24312499999999992 0.103578
73 0.7421875 0.5974575 0.09062499999999996 0.32862499999999994
73 0.7465625 0.1892655 0.08187500000000003 0.256121
73 0.8634375000000001 0.24152549999999998 0.135625 0.279661
73 0.8734375 0.4858755 0.12812500000000004 0.30508500000000005
73 0.9684375000000001 0.300377 0.06187500000000001 0.301318
73 0.9709375 0.0602635 0.05687500000000001 0.120527
73 0.9750000000000001 0.608286 0.04874999999999996 0.34086600000000006
