73 0.199375 0.4291745 0.3475 0.790807
73 0.1365625 0.913227 0.273125 0.17167
73 0.6471875 0.7560975 0.704375 0.15759900000000004
73 0.499375 0.55394 0.3087500000000001 0.12288999999999994
73 0.49750000000000005 0.2903375 0.30250000000000005 0.11913699999999999
73 0.49875 0.15197 0.305 0.120076
73 0.499375 0.4193245 0.30624999999999997 0.127579
73 0.45781249999999996 0.695122 0.22062500000000002 0.10131400000000002
73 0.44218749999999996 0.0365855 0.18187499999999995 0.073171
73 0.7784375 0.0365855 0.4368749999999999 0.073171
73 0.8209375 0.42635999999999996 0.3318749999999999 0.113508
73 0.8215625 0.5623830000000001 0.32562500000000005 0.12851800000000002
73 0.8228125 0.14540350000000002 0.328125 0.140713
73 0.8234375 0.2847095 0.3268749999999999 0.12288900000000003
73 0.8465625 0.956848 0.30562500000000004 0.08255199999999996
