73 0.20249999999999999 0.575 0.31 0.468334
73 0.25093750000000004 0.293333 0.33937500000000004 0.095
73 0.2490625 0.2254165 0.294375 0.04083300000000001
73 0.47250000000000003 0.7025 0.27375 0.07166600000000001
73 0.47375 0.7654164999999999 0.27375 0.094167
73 0.3890625 0.45375 0.09187499999999998 0.270834
73 0.48062499999999997 0.6354165 0.2675 0.099167
73 0.629375 0.9033335 0.47875 0.19166700000000003
73 0.53 0.22541650000000002 0.22374999999999995 0.189167
73 0.469375 0.4475 0.07875000000000004 0.26499999999999996
73 0.5375 0.45333350000000006 0.07125000000000004 0.25666700000000003
73 0.5900000000000001 0.4708335 0.036250000000000004 0.24333300000000002
73 0.6203125 0.4608335 0.06812499999999999 0.266667
73 0.791875 0.6654165 0.39375000000000004 0.19083300000000003
73 0.7953125000000001 0.755 0.37687499999999996 0.13666599999999995
73 0.7793749999999999 0.27041649999999995 0.275 0.034167
73 0.7721875 0.2066665 0.25812500000000005 0.038333000000000006
73 0.7734375 0.1841665 0.2606250000000001 0.05166699999999999
73 0.6765625 0.4458335 0.06437499999999996 0.296667
73 0.7784374999999999 0.2304165 0.260625 0.030833
73 0.7565625 0.43875000000000003 0.09062499999999996 0.28583400000000003
73 0.8290625 0.43625 0.05687500000000001 0.28083400000000003
73 0.8765625 0.4354165 0.059374999999999956 0.27916699999999994
73 0.943125 0.4329165 0.04749999999999999 0.39416700000000005
