73 0.0371875 0.065543 0.074375 0.086142
73 0.0378125 0.180243 0.073125 0.10206000000000001
73 0.053125 0.28324000000000005 0.0475 0.057116
73 0.17875 0.062266 0.16499999999999998 0.096442
73 0.1696875 0.298689 0.136875 0.09176000000000001
73 0.184375 0.18071150000000002 0.16125 0.086143
73 0.37593750000000004 0.048689 0.18062499999999998 0.097378
73 0.380625 0.1802435 0.19 0.09831499999999999
73 0.41500000000000004 0.28324000000000005 0.05624999999999997 0.057116
73 0.6059375 0.1774345 0.22312500000000002 0.100187
73 0.6015625 0.042603 0.21187500000000004 0.085206
73 0.618125 0.838015 0.18874999999999997 0.07677999999999996
73 0.57 0.31601100000000004 0.04125000000000001 0.107678
73 0.7578125 0.3253745 0.034375000000000044 0.10767700000000002
73 0.8565625 0.17088 0.23187500000000005 0.11329600000000001
73 0.8578125 0.0388575 0.22187500000000004 0.077715
