73 0.1913695 0.2729165 0.381489 0.265833
73 0.266729 0.7112499999999999 0.08192600000000003 0.08916599999999997
73 0.467167 0.84 0.19262 0.09499999999999997
73 0.4656035 0.2366665 0.06566700000000003 0.046667000000000014
73 0.5562855 0.29333299999999995 0.07066899999999998 0.04999999999999999
73 0.585991 0.23249999999999998 0.12507800000000002 0.06833399999999998
73 0.627267 0.1783335 0.06629200000000002 0.046667000000000014
73 0.629769 0.2933335 0.04502799999999996 0.05333300000000002
73 0.6810510000000001 0.327917 0.028768000000000016 0.0675
73 0.6957475 0.405 0.05816100000000002 0.051666000000000045
73 0.8236395000000001 0.240417 0.071295 0.04249999999999998
73 0.82833 0.1741665 0.07191999999999998 0.038333000000000006
73 0.8677295 0.1145835 0.128205 0.04583300000000001
73 0.8889929999999999 0.5958330000000001 0.04940599999999995 0.05500000000000005
73 0.966229 0.1 0.06629200000000002 0.065
