73 0.0409375 0.306111 0.081875 0.214444
73 0.16218749999999998 0.6 0.323125 0.313334
73 0.1071875 0.9750000000000001 0.08687500000000001 0.04777799999999999
73 0.09875 0.8972225 0.0475 0.10333300000000001
73 0.12687500000000002 0.8744445000000001 0.047500000000000014 0.15777699999999995
73 0.38093750000000004 0.886111 0.444375 0.21666600000000003
73 0.494375 0.761667 0.20750000000000002 0.07222200000000001
73 0.4921875 0.6761115 0.193125 0.061111000000000026
73 0.655625 0.9566665000000001 0.09250000000000003 0.07111100000000004
73 0.6387499999999999 0.9038885000000001 0.053750000000000075 0.061111000000000026
73 0.7871874999999999 0.5455555 0.23187499999999994 0.906667
