73 0.0703125 0.136617 0.140625 0.081784
73 0.0721875 0.0315985 0.144375 0.063197
73 0.08875 0.2602235 0.10375000000000001 0.078067
73 0.1015625 0.857807 0.060625 0.07992599999999994
73 0.2478125 0.0246285 0.17312499999999997 0.049257
73 0.4275 0.136617 0.15874999999999995 0.081784
73 0.4390625 0.023699 0.13562499999999994 0.047398
73 0.5975 0.0246285 0.15749999999999997 0.049257
73 0.5525 0.240242 0.057499999999999996 0.10316000000000003
73 0.6018749999999999 0.1189595 0.15125 0.09293699999999999
73 0.5534375 0.256506 0.009375000000000022 0.07063200000000003
73 0.75125 0.0199815 0.11875000000000002 0.039963
73 0.7737499999999999 0.128253 0.15374999999999994 0.07434999999999999
73 0.7987500000000001 0.2509295 0.11124999999999996 0.07806700000000003
73 0.814375 0.881041 0.05125000000000002 0.08178399999999997
73 0.8909374999999999 0.0227695 0.06062500000000004 0.045539
73 0.894375 0.25 0.053749999999999964 0.08364400000000002
73 0.895 0.116171 0.050000000000000044 0.09479599999999999
73 0.975625 0.26208200000000004 0.04749999999999999 0.08550200000000002
73 0.9762500000000001 0.115242 0.04625000000000001 0.085502
