73 0.1390625 0.4308335 0.278125 0.161667
73 0.3059375 0.216667 0.611875 0.19499999999999998
73 0.1478125 0.61 0.281875 0.18999999999999995
73 0.2603125 0.8245834999999999 0.10312500000000002 0.08083300000000004
73 0.33406250000000004 0.82875 0.10562500000000002 0.08250000000000002
73 0.3390625 0.9133335 0.09812500000000002 0.10666700000000007
73 0.45406250000000004 0.4304165 0.32812500000000006 0.17416699999999996
73 0.4040625 0.6195835000000001 0.213125 0.1808329999999999
73 0.41031249999999997 0.830417 0.09562500000000002 0.09250000000000003
73 0.4134375 0.9358329999999999 0.08687499999999998 0.09999999999999998
73 0.476875 0.835 0.08124999999999993 0.09499999999999997
73 0.5728125000000001 0.9658335 0.21437500000000004 0.06666700000000003
73 0.5606249999999999 0.7304170000000001 0.09999999999999998 0.02749999999999997
73 0.5615625 0.8487499999999999 0.09812500000000002 0.0675
73 0.56125 0.7583335 0.07499999999999996 0.016666999999999987
73 0.5775 0.6154165 0.06374999999999997 0.08583299999999994
73 0.5753124999999999 0.6770835 0.051875000000000004 0.06583299999999992
73 0.6303125 0.85875 0.055624999999999925 0.08416599999999996
73 0.715625 0.785417 0.07124999999999992 0.12750000000000006
73 0.7578125 0.90375 0.1343749999999999 0.1775000000000001
73 0.8518749999999999 0.6375 0.29500000000000004 0.24833399999999994
73 0.8046875 0.8029165 0.09937499999999999 0.12416700000000003
73 0.8990625000000001 0.9270835 0.176875 0.14416700000000005
73 0.9584375 0.827917 0.08187500000000003 0.13250000000000006
