73 0.035625 0.61629 0.07125 0.040489999999999915
73 0.0459375 0.589925 0.091875 0.03483999999999998
73 0.1296875 0.537194 0.08062500000000002 0.032956000000000096
73 0.1278125 0.520245 0.07187500000000001 0.03483999999999998
73 0.130625 0.4934085 0.053750000000000006 0.022599000000000036
73 0.1665625 0.487288 0.079375 0.03860600000000003
73 0.213125 0.1346515 0.08624999999999997 0.09227900000000001
73 0.239375 0.0428435 0.13875 0.085687
73 0.2209375 0.340866 0.09062499999999998 0.09981200000000001
73 0.22281250000000002 0.23964199999999997 0.09437500000000001 0.09886999999999999
73 0.22843750000000002 0.4463275 0.09562499999999999 0.08662900000000001
73 0.2553125 0.5395479999999999 0.073125 0.09227799999999997
73 0.28500000000000003 0.141243 0.04750000000000004 0.07909600000000001
73 0.40593749999999995 0.0362525 0.19187499999999996 0.072505
73 0.423125 0.128531 0.14999999999999997 0.10828600000000001
73 0.42374999999999996 0.2349345 0.14375 0.09698700000000002
73 0.4340625 0.440207 0.130625 0.09510400000000002
73 0.43656249999999996 0.3370995 0.13062499999999994 0.09604500000000005
73 0.4390625 0.541902 0.13562499999999994 0.10075400000000001
73 0.846875 0.8559319999999999 0.30500000000000005 0.22787199999999996
73 0.8584375 0.0362525 0.281875 0.072505
73 0.8609375 0.1228815 0.276875 0.093221
73 0.8621875 0.23258 0.27437500000000004 0.08851200000000004
73 0.798125 0.4345575 0.10250000000000004 0.091337
73 0.8731249999999999 0.333333 0.25250000000000006 0.08474599999999999
73 0.7834375 0.5291899999999999 0.03187499999999999 0.06402999999999998
