73 0.3346875 0.7875235 0.05937500000000001 0.055346999999999924
73 0.3840625 0.924015 0.11937499999999995 0.12945600000000002
73 0.39249999999999996 0.7551595 0.06624999999999998 0.15947500000000003
73 0.47187500000000004 0.8095684999999999 0.10749999999999998 0.05816100000000002
73 0.5587500000000001 0.6712005000000001 0.10750000000000004 0.03470899999999999
73 0.5628125 0.6355535000000001 0.09937499999999999 0.032833
73 0.565 0.621482 0.1037499999999999 0.042213999999999974
73 0.5596875 0.7532829999999999 0.08062499999999995 0.15572200000000003
73 0.5584375 0.6636960000000001 0.06562500000000004 0.01969999999999994
73 0.6125 0.731707 0.05125000000000002 0.133208
73 0.6487499999999999 0.9272985 0.11249999999999993 0.12288900000000003
73 0.65625 0.804878 0.10250000000000004 0.060038000000000036
73 0.701875 0.771107 0.11624999999999996 0.065666
73 0.784375 0.750938 0.15875000000000006 0.06285199999999991
73 0.7893749999999999 0.8067545 0.09750000000000003 0.05253300000000005
73 0.83625 0.787523 0.09375 0.04408999999999996
73 0.8434375000000001 0.9047845 0.07187500000000002 0.12476500000000001
73 0.9125000000000001 0.760319 0.17374999999999996 0.10975599999999996
73 0.9221874999999999 0.976548 0.08562499999999995 0.04502799999999996
73 0.995 0.8747655000000001 0.008750000000000036 0.10412699999999997
