73 0.116146 0.7657229999999999 0.18020799999999998 0.18238999999999994
73 0.3515625 0.836478 0.317709 0.18553399999999998
73 0.29322950000000003 0.6336475 0.184375 0.28301899999999997
73 0.275 0.4551885 0.14166600000000001 0.24685500000000005
73 0.4447915 0.18081750000000002 0.272917 0.295597
73 0.4973955 0.6022015000000001 0.19687499999999997 0.33018899999999995
73 0.5739585 0.8152515 0.216667 0.218553
73 0.575521 0.4111635 0.06770799999999999 0.099057
73 0.6578125 0.4488995 0.14270899999999997 0.23742099999999994
73 0.6484375 0.6674525 0.07395900000000011 0.20597500000000002
73 0.7364585 0.840409 0.15833300000000006 0.14622599999999997
73 0.740625 0.6124215000000001 0.15416600000000003 0.29402500000000004
73 0.768229 0.8246855 0.161458 0.161949
73 0.903125 0.720912 0.1875 0.17452800000000002
