73 0.148926 0.645182 0.297852 0.12109400000000003
73 0.1552735 0.483073 0.310547 0.11718800000000001
73 0.160156 0.32356799999999997 0.320312 0.12630199999999997
73 0.177246 0.1601565 0.354492 0.145833
73 0.3413085 0.050781 0.682617 0.101562
73 0.1801755 0.861328 0.356445 0.27474
73 0.3774415 0.527344 0.14160099999999998 0.25000000000000006
73 0.3984375 0.3326825 0.15039100000000005 0.10807299999999997
73 0.510742 0.188151 0.34375000000000006 0.11328200000000002
73 0.6098635 0.33919299999999997 0.11035100000000009 0.08984399999999998
73 0.645996 0.5019534999999999 0.12207000000000001 0.23046899999999998
73 0.6469725 0.8632815 0.09863300000000008 0.270833
73 0.7646485000000001 0.8997394999999999 0.12695299999999998 0.197917
73 0.905762 0.9199219999999999 0.172852 0.15755200000000003
73 0.9233395 0.7675780000000001 0.15136700000000003 0.269532
73 0.9252925000000001 0.38606799999999997 0.14746099999999995 0.16015600000000002
73 0.931152 0.5755205 0.13574200000000003 0.19791700000000007
73 0.9375 0.1588545 0.12304599999999999 0.16666699999999998
73 0.9492185 0.0358075 0.09960899999999995 0.071615
