73 0.0140625 0.47708300000000003 0.028125 0.1175
73 0.0165625 0.0120835 0.033125 0.024167
73 0.0165625 0.23583350000000003 0.033125 0.131667
73 0.0178125 0.084167 0.035625 0.065
73 0.0190625 0.619583 0.038125 0.12749999999999995
73 0.0196875 0.35291649999999997 0.039375 0.07916700000000004
73 0.23625 0.8283335000000001 0.4725 0.34166700000000005
73 0.15187499999999998 0.37458349999999996 0.1625 0.08083299999999999
73 0.1553125 0.2616665 0.164375 0.168333
73 0.1559375 0.1275 0.165625 0.15499999999999997
73 0.15375 0.0566665 0.15875 0.113333
73 0.1565625 0.6029165000000001 0.164375 0.12416700000000003
73 0.1578125 0.4725 0.161875 0.05999999999999994
73 0.30093749999999997 0.0475 0.09687499999999999 0.095
73 0.30093749999999997 0.122083 0.09687499999999999 0.1275
73 0.30781250000000004 0.5700000000000001 0.09687499999999999 0.09999999999999998
73 0.3921875 0.099583 0.05437500000000001 0.08250000000000002
73 0.39875000000000005 0.03625 0.06 0.0725
73 0.460625 0.1545835 0.04625000000000001 0.079167
73 0.4665625 0.09375 0.04062500000000002 0.07083400000000001
73 0.51375 0.320417 0.03375 0.03749999999999998
73 0.5137499999999999 0.382083 0.028749999999999942 0.03749999999999998
73 0.5175000000000001 0.4295835 0.036250000000000004 0.04916699999999996
73 0.5137499999999999 0.157083 0.026249999999999996 0.07750000000000001
73 0.514375 0.265 0.02749999999999997 0.061666000000000026
73 0.515625 0.217917 0.02750000000000008 0.03249999999999997
73 0.520625 0.48916650000000006 0.03750000000000009 0.048333000000000015
73 0.5234375 0.5416665 0.034375000000000044 0.043332999999999955
73 0.55125 0.291667 0.028750000000000053 0.04999999999999999
73 0.5509375000000001 0.191667 0.02312499999999995 0.06
73 0.5531250000000001 0.3366665 0.025000000000000022 0.046667000000000014
73 0.5528124999999999 0.242917 0.01937500000000003 0.03749999999999998
73 0.5549999999999999 0.53 0.02375000000000005 0.05166599999999999
73 0.5575 0.43666649999999996 0.028750000000000053 0.05333300000000002
73 0.55875 0.385 0.03125 0.046665999999999985
73 0.5590625 0.48291649999999997 0.02562500000000001 0.02583300000000005
73 0.5803125 0.4770835 0.024375000000000036 0.030833
73 0.5859375 0.26791699999999996 0.02562500000000001 0.03250000000000003
73 0.5828125 0.31166649999999996 0.016875000000000084 0.048333000000000015
73 0.5834375 0.4375 0.018125000000000058 0.04166599999999998
73 0.5840624999999999 0.22749999999999998 0.01937500000000003 0.05166599999999996
73 0.5846875 0.3520835 0.020625000000000004 0.04583300000000001
73 0.5846875 0.4004165 0.018124999999999947 0.025832999999999995
73 0.5846875 0.5249999999999999 0.008125000000000049 0.04500000000000004
73 0.6059375 0.3704165 0.011874999999999969 0.02083299999999999
73 0.6071875 0.29375 0.014375000000000027 0.025834000000000024
73 0.6090625000000001 0.4504165 0.018125000000000058 0.019167000000000045
73 0.6103125 0.33125 0.020625000000000004 0.03249999999999997
73 0.6065624999999999 0.4804165 0.010624999999999996 0.024166999999999994
73 0.61 0.412917 0.013749999999999929 0.027500000000000024
73 0.61 0.5191665 0.013749999999999929 0.04333300000000001
73 0.6074999999999999 0.24625 0.006249999999999978 0.030833999999999973
73 0.6253124999999999 0.4479165 0.011874999999999969 0.02083299999999999
73 0.6271875 0.2704165 0.013125000000000053 0.030833
73 0.6284375 0.3020835 0.015625 0.025832999999999995
73 0.6275 0.37875000000000003 0.009999999999999898 0.024165999999999965
73 0.6275 0.34375 0.007499999999999951 0.03249999999999997
73 0.6275 0.42125 0.007499999999999951 0.025834000000000024
73 0.63 0.4820835 0.012499999999999956 0.02083299999999999
73 0.630625 0.5133335 0.011249999999999982 0.041666999999999954
73 0.8190625 0.406667 0.360625 0.25499999999999995
