73 0.8187500000000001 0.5079735 0.1725 0.704503
73 0.02875 0.3503755 0.0575 0.055347000000000035
73 0.02875 0.4193245 0.0575 0.04878100000000002
73 0.02875 0.47138800000000003 0.0575 0.04033800000000004
73 0.030625 0.524859 0.06125 0.040337999999999985
73 0.03125 0.5895875 0.0625 0.057223000000000024
73 0.0334375 0.6590054999999999 0.065625 0.04971899999999996
73 0.2578125 0.34615399999999996 0.11937500000000001 0.07129400000000002
73 0.27 0.5257974999999999 0.14375 0.04596699999999998
73 0.2703125 0.41182 0.13437500000000002 0.06754199999999999
73 0.2709375 0.47420249999999997 0.130625 0.045967000000000036
73 0.27437500000000004 0.605066 0.1325 0.065666
