73 0.115625 0.24417299999999997 0.0475 0.126526
73 0.24906250000000002 0.215871 0.168125 0.16093200000000002
73 0.265625 0.4306325 0.18375 0.20865700000000004
73 0.23625000000000002 0.8640399999999999 0.11124999999999999 0.15205400000000002
73 0.31625 0.593785 0.2125 0.16648200000000002
73 0.3496875 0.7680355 0.130625 0.08657099999999995
73 0.3840625 0.3695895 0.07687499999999997 0.113207
73 0.5071875 0.215871 0.30187499999999995 0.16093200000000002
73 0.47 0.12153149999999999 0.11000000000000004 0.058823
73 0.5725 0.40455050000000004 0.20999999999999996 0.19866900000000004
73 0.524375 0.8046614999999999 0.09124999999999994 0.179801
73 0.575 0.605993 0.18749999999999994 0.199778
73 0.61875 0.7219755 0.11250000000000004 0.06326300000000007
73 0.8390625 0.155383 0.32062500000000005 0.15982200000000002
73 0.75 0.256937 0.13250000000000006 0.125416
73 0.7571874999999999 0.37513850000000004 0.08437499999999998 0.119867
73 0.9575 0.326304 0.08374999999999999 0.164262
73 0.979375 0.5072139999999999 0.040000000000000036 0.16648199999999996
73 0.9853125 0.691454 0.028125000000000067 0.16648200000000002
