73 0.0615625 0.48967099999999997 0.033125 0.027230000000000032
73 0.0921875 0.361972 0.018125000000000002 0.042254000000000014
73 0.0928125 0.45586899999999997 0.014374999999999999 0.029107999999999967
73 0.0934375 0.523474 0.015625 0.032864000000000004
73 0.0953125 0.39014099999999996 0.01937499999999999 0.04037600000000002
73 0.0959375 0.423005 0.018125000000000002 0.036619999999999986
73 0.11031250000000001 0.5107980000000001 0.023124999999999993 0.015024000000000037
73 0.125 0.5704225 0.05249999999999999 0.023475000000000024
73 0.1121875 0.45399049999999996 0.02187499999999999 0.040374999999999994
73 0.135 0.5995305 0.06000000000000001 0.03474100000000002
73 0.1146875 0.405634 0.016875 0.048826000000000036
73 0.1159375 0.361502 0.01937499999999999 0.04882599999999998
73 0.1378125 0.45117399999999996 0.029375 0.03849799999999998
73 0.13906249999999998 0.39671350000000005 0.02687500000000001 0.049765000000000004
73 0.1396875 0.517371 0.02812500000000001 0.020657999999999954
73 0.1396875 0.34131449999999997 0.02562500000000001 0.049765000000000004
73 0.1484375 0.488732 0.030625000000000013 0.029108000000000023
73 0.185 0.491549 0.03749999999999998 0.030986000000000014
73 0.18843749999999998 0.5230045000000001 0.03562499999999999 0.028169
73 0.1896875 0.4530515 0.03812499999999999 0.038497
73 0.19624999999999998 0.38450700000000004 0.04874999999999999 0.04037600000000002
73 0.1903125 0.5568075 0.03437499999999999 0.030046999999999935
73 0.19093749999999998 0.583568 0.03562499999999999 0.042254000000000014
73 0.2478125 0.4375585 0.07562500000000003 0.01877899999999999
73 0.22625 0.360094 0.013750000000000012 0.030986000000000014
73 0.2421875 0.6276995000000001 0.043125 0.042252999999999985
73 0.2409375 0.355399 0.013124999999999998 0.029107999999999967
73 0.253125 0.349765 0.011249999999999982 0.032864000000000004
73 0.26968749999999997 0.3431925 0.014374999999999971 0.030984999999999985
73 0.3034375 0.613615 0.07687499999999997 0.06291000000000002
73 0.304375 0.6605635000000001 0.0675 0.05352100000000004
73 0.28125 0.271831 0.016249999999999987 0.03849800000000003
73 0.28625 0.337559 0.016249999999999987 0.03474200000000005
73 0.3521875 0.4295775 0.130625 0.023475000000000024
73 0.3003125 0.265258 0.019374999999999976 0.04413200000000003
73 0.3196875 0.249765 0.021874999999999978 0.04882599999999998
73 0.3409375 0.23990599999999998 0.023125000000000007 0.047887999999999986
73 0.3559375 0.3075115 0.02562500000000001 0.04413100000000003
73 0.4096875 0.525822 0.128125 0.058216000000000045
73 0.41 0.5868545000000001 0.125 0.0713609999999999
73 0.410625 0.467136 0.12625000000000003 0.04788800000000004
73 0.41218750000000004 0.6450705000000001 0.12687500000000002 0.084507
73 0.3659375 0.2220655 0.02437499999999998 0.049765000000000004
73 0.3828125 0.297183 0.02312499999999995 0.046009999999999995
73 0.4271875 0.71831 0.083125 0.058216000000000045
73 0.4125 0.286385 0.03125 0.048826000000000036
73 0.4253125 0.4056335 0.02562500000000001 0.028169
73 0.4478125 0.2727695 0.034375000000000044 0.055398999999999976
73 0.46875 0.4065725 0.06125000000000003 0.02253499999999997
73 0.4609375 0.39483599999999996 0.02562500000000001 0.030986000000000014
73 0.468125 0.1605635 0.03999999999999998 0.06948300000000002
73 0.48812500000000003 0.253521 0.04125000000000001 0.06384999999999999
73 0.4875 0.388263 0.02749999999999997 0.021596000000000004
73 0.6009375 0.7943665 0.24562499999999998 0.140845
73 0.6040625000000001 0.6295775 0.246875 0.11549300000000007
73 0.5496875 0.5366195 0.13312499999999994 0.06291100000000005
73 0.56125 0.45868549999999997 0.15375000000000005 0.05727699999999997
73 0.514375 0.1361505 0.044999999999999984 0.078873
73 0.589375 0.396714 0.17625000000000002 0.030986000000000014
73 0.566875 0.1032865 0.05249999999999999 0.08262900000000001
73 0.615 0.5568075 0.04625000000000001 0.026291000000000064
73 0.6284375 0.0676055 0.06062499999999993 0.09201899999999999
73 0.640625 0.36385 0.0462499999999999 0.03849800000000003
73 0.659375 0.5605635 0.05249999999999999 0.026291000000000064
73 0.66125 0.4760565 0.04875000000000007 0.015023000000000009
73 0.7009375 0.040845 0.07437500000000008 0.08169
73 0.700625 0.371831 0.05625000000000002 0.018779999999999963
73 0.7059375 0.44694849999999997 0.04562500000000003 0.073239
73 0.7221875 0.5446009999999999 0.01937500000000003 0.078874
