73 0.025625 0.3554615 0.05125 0.20998099999999997
73 0.035625 0.0979285 0.07125 0.195857
73 0.0365625 0.903484 0.073125 0.19114799999999998
73 0.0940625 0.629473 0.188125 0.2532960000000001
73 0.115 0.919021 0.10750000000000001 0.15254199999999996
73 0.1234375 0.11629 0.10437500000000001 0.187382
73 0.1428125 0.4194915 0.129375 0.04425699999999999
73 0.18062499999999998 0.8187385 0.0975 0.164783
73 0.18406250000000002 0.9566855000000001 0.081875 0.08474499999999996
73 0.2028125 0.3554615 0.073125 0.12523499999999999
73 0.2278125 0.6257064999999999 0.09687499999999999 0.08757099999999995
73 0.2375 0.1247645 0.08374999999999999 0.170433
73 0.2484375 0.758945 0.08437500000000003 0.182674
73 0.26 0.34369099999999997 0.08750000000000002 0.152542
73 0.3146875 0.915254 0.128125 0.16760799999999998
73 0.29 0.5376650000000001 0.07250000000000001 0.15442600000000006
73 0.31 0.7137475 0.09499999999999997 0.150659
73 0.35750000000000004 0.15866249999999998 0.05375000000000002 0.136535
73 0.37375 0.373823 0.05124999999999996 0.030131999999999992
73 0.4115625 0.5047085 0.12437500000000001 0.15065900000000004
73 0.3871875 0.326271 0.073125 0.102636
73 0.40156250000000004 0.8625235 0.03937499999999999 0.15442500000000003
73 0.414375 0.1798495 0.0625 0.105461
73 0.4278125 0.7984935 0.08437499999999998 0.16195899999999996
73 0.446875 0.957627 0.11999999999999994 0.08286199999999999
73 0.46375 0.324388 0.04874999999999996 0.09887000000000001
73 0.47062499999999996 0.18173250000000002 0.04999999999999999 0.105461
73 0.47875 0.46657249999999995 0.05125000000000002 0.10828699999999997
73 0.51875 0.1920905 0.01749999999999996 0.08474500000000001
73 0.5428124999999999 0.1958565 0.02312499999999995 0.077213
73 0.5775 0.2137475 0.03875000000000006 0.07721300000000003
73 0.6487499999999999 0.21563100000000002 0.03500000000000003 0.065914
73 0.700625 0.2335215 0.0412499999999999 0.067797
73 0.6993750000000001 0.298493 0.036250000000000004 0.06967999999999996
73 0.7024999999999999 0.398776 0.03749999999999998 0.06120600000000004
73 0.7353125 0.3060265 0.03312499999999996 0.06214700000000001
73 0.7334375 0.23681750000000001 0.01937500000000003 0.06120499999999998
73 0.7384375 0.384181 0.026874999999999982 0.060263999999999984
