73 0.0134375 0.4620075 0.026875 0.924015
73 0.03875 0.4535645 0.037500000000000006 0.907129
73 0.0703125 0.4610695 0.038125 0.922139
73 0.1034375 0.4629455 0.02562500000000001 0.925891
73 0.1459375 0.466698 0.07437500000000001 0.933396
73 0.205625 0.464822 0.05249999999999999 0.929644
73 0.269375 0.466229 0.11374999999999999 0.92683
73 0.35343749999999996 0.468105 0.11312499999999998 0.93621
73 0.4303125 0.466698 0.06687500000000002 0.933396
73 0.47968750000000004 0.4620075 0.05812500000000004 0.924015
73 0.5390625 0.46576 0.06687500000000002 0.93152
73 0.571875 0.469043 0.07250000000000001 0.938086
73 0.64625 0.4610695 0.057499999999999996 0.922139
73 0.7115625 0.493433 0.06812499999999999 0.8893059999999999
73 0.7593749999999999 0.479831 0.04625000000000001 0.90713
73 0.8025 0.5060975 0.057499999999999996 0.863977
73 0.8453124999999999 0.49155750000000004 0.04062500000000002 0.861163
