73 0.1259375 0.5877114999999999 0.195625 0.16228900000000002
73 0.2765625 0.5262665 0.135625 0.127579
73 0.3571875 0.566604 0.135625 0.14634199999999997
73 0.45062499999999994 0.6454035 0.14375 0.14634100000000005
73 0.589375 0.677298 0.15375000000000005 0.17448399999999997
73 0.7415625 0.4268295 0.140625 0.232645
73 0.7434375 0.2518765 0.12437500000000001 0.12101300000000001
73 0.7425 0.5051595 0.10375000000000001 0.19981300000000002
73 0.8990625 0.459662 0.17437499999999995 0.3058159999999999
73 0.9134374999999999 0.588649 0.11562499999999998 0.22044999999999998
