73 0.0821875 0.7372384999999999 0.164375 0.227615
73 0.1915625 0.9351465 0.241875 0.12803300000000006
73 0.1978125 0.8271965 0.15937500000000004 0.19832699999999992
73 0.2575 0.5623435 0.13249999999999998 0.24602499999999994
73 0.36187499999999995 0.685356 0.1225 0.279498
73 0.44875 0.8836820000000001 0.26249999999999996 0.230962
73 0.4603125 0.9698745 0.25187500000000007 0.05857699999999999
73 0.5896875 0.5828455 0.22312500000000002 0.370711
73 0.7106250000000001 0.888703 0.21499999999999997 0.22092
73 0.9421875 0.446025 0.114375 0.396652
