73 0.0808335 0.10562500000000001 0.161667 0.155
73 0.0879165 0.7 0.175833 0.14500000000000002
73 0.0891665 0.50875 0.178333 0.15875
73 0.0970835 0.3225 0.194167 0.14874999999999997
73 0.1004165 0.8709375 0.200833 0.161875
73 0.1095835 0.9706250000000001 0.214167 0.057499999999999996
73 0.28958300000000003 0.4234375 0.1225 0.080625
73 0.2966665 0.3146875 0.13666699999999998 0.09562500000000002
73 0.2966665 0.6275 0.13666699999999998 0.09249999999999992
73 0.2883335 0.20468750000000002 0.11166699999999999 0.09437500000000001
73 0.28041699999999997 0.5231250000000001 0.08249999999999999 0.06500000000000006
73 0.305417 0.7453125 0.12250000000000003 0.12687499999999996
73 0.4 0.47687500000000005 0.04333400000000004 0.065
73 0.40125 0.3121875 0.04583400000000004 0.073125
73 0.404583 0.23812500000000003 0.05250000000000005 0.07875000000000001
73 0.404583 0.61875 0.05250000000000005 0.06125000000000003
73 0.4091665 0.393125 0.05166700000000002 0.05125000000000002
73 0.4033335 0.544375 0.036667000000000005 0.05625000000000002
73 0.8970835 0.88125 0.204167 0.17625000000000002
73 0.90625 0.711875 0.18583400000000005 0.17625000000000002
73 0.875 0.4815625 0.09166600000000003 0.11437499999999995
73 0.942917 0.0975 0.11250000000000004 0.195
73 0.930833 0.2740625 0.07999999999999996 0.09562500000000002
73 0.9645835 0.3125 0.06916699999999998 0.1725
73 0.97 0.47968750000000004 0.058334 0.10062500000000002
