73 0.14625 0.16804200000000002 0.2175 0.19504800000000003
73 0.15125 0.5011255 0.22499999999999998 0.181545
73 0.15812500000000002 0.9062265 0.23875000000000002 0.18604699999999996
73 0.1503125 0.8057015000000001 0.21187499999999998 0.23855900000000008
73 0.1496875 0.6612899999999999 0.20437500000000003 0.18379599999999996
73 0.1703125 0.3814705 0.174375 0.12528099999999998
73 0.345 0.2813205 0.13125000000000003 0.10652699999999998
73 0.34875 0.1354085 0.13875000000000004 0.147787
73 0.295 0.542386 0.020000000000000018 0.12002999999999997
73 0.35562499999999997 0.4246065 0.11249999999999999 0.11552899999999999
73 0.4996875 0.096774 0.114375 0.097524
73 0.8478125000000001 0.411103 0.06437499999999996 0.17704399999999998
