73 0.2934375 0.0841665 0.08937500000000001 0.168333
73 0.3815625 0.8129165 0.019374999999999976 0.06583299999999992
73 0.38968749999999996 0.8154165 0.018125000000000002 0.07083299999999992
73 0.39875 0.8145835 0.010000000000000009 0.05916699999999997
73 0.41874999999999996 0.670833 0.04999999999999999 0.09499999999999997
73 0.47625000000000006 0.9283335 0.08500000000000002 0.141667
73 0.47531249999999997 0.96875 0.073125 0.014165999999999901
73 0.5690625 0.135417 0.10062499999999996 0.07749999999999999
73 0.5759375 0.1133335 0.09562500000000007 0.096667
73 0.5925 0.8704164999999999 0.0675 0.13916699999999993
73 0.7159375 0.2220835 0.140625 0.195833
