73 0.0475 0.211652 0.095 0.073746
73 0.050625 0.1242625 0.10125 0.08038299999999998
73 0.1384375 0.4358405 0.276875 0.14749299999999999
73 0.1521875 0.306416 0.304375 0.12168200000000001
73 0.20937499999999998 0.2171825 0.20249999999999999 0.07005899999999998
73 0.21531250000000002 0.12795 0.181875 0.09070800000000001
73 0.796875 0.7315635 0.3912500000000001 0.11504499999999995
73 0.708125 0.314897 0.10375000000000001 0.06637199999999999
73 0.7496875000000001 0.146755 0.18062499999999992 0.07374600000000002
73 0.7175 0.3938055 0.11375000000000002 0.070797
73 0.7453125 0.22898200000000002 0.16312500000000008 0.07743400000000003
73 0.8271875 0.5619465 0.14687499999999998 0.17994099999999996
73 0.9225 0.3167405 0.15375000000000005 0.05973500000000004
73 0.9246875 0.15523599999999999 0.14937500000000004 0.06710999999999999
73 0.9253125 0.2341445 0.14812500000000006 0.06710900000000003
73 0.9253125 0.391224 0.14812500000000006 0.05825999999999998
73 0.97125 0.47677 0.05625000000000002 0.06858400000000003
