73 0.0933335 0.19 0.186667 0.08800000000000002
73 0.108 0.444 0.216 0.12
73 0.1653335 0.301 0.330667 0.10999999999999999
73 0.21200000000000002 0.067 0.24800000000000003 0.134
73 0.3426665 0.821 0.477333 0.17800000000000005
73 0.526667 0.9079999999999999 0.6479999999999999 0.18000000000000005
73 0.46 0.607 0.5093340000000001 0.246
73 0.3053335 0.203 0.034667 0.098
73 0.45066700000000004 0.08700000000000001 0.20800000000000002 0.10200000000000001
73 0.4973335 0.014 0.274667 0.028
73 0.644 0.7889999999999999 0.23199999999999998 0.14200000000000002
73 0.6333329999999999 0.722 0.18400000000000005 0.132
73 0.8213330000000001 0.775 0.352 0.28200000000000003
73 0.806667 0.314 0.28 0.09199999999999997
73 0.818667 0.09899999999999999 0.30399999999999994 0.094
73 0.8146665 0.21100000000000002 0.28533299999999995 0.098
73 0.8933329999999999 0.441 0.20800000000000007 0.15000000000000002
73 0.976 0.32499999999999996 0.04266599999999998 0.07800000000000001
73 0.9826665 0.109 0.029333000000000053 0.08199999999999999
73 0.985333 0.21100000000000002 0.02400000000000002 0.086
