73 0.0325 0.575625 0.065 0.19374999999999998
73 0.0833335 0.7718750000000001 0.166667 0.23375
73 0.0991665 0.5678125 0.198333 0.259375
73 0.1016665 0.31156249999999996 0.203333 0.263125
73 0.27625 0.35750000000000004 0.04083400000000004 0.013749999999999984
73 0.27749999999999997 0.3284375 0.038334000000000035 0.030625000000000013
73 0.311667 0.33125000000000004 0.02999999999999997 0.028749999999999998
73 0.318333 0.3559375 0.024999999999999967 0.01687500000000003
73 0.483333 0.478125 0.09999999999999992 0.03125
73 0.4425 0.329375 0.013333999999999957 0.01874999999999999
73 0.44375 0.350625 0.01083400000000001 0.010000000000000009
73 0.7408330000000001 0.3528125 0.04999999999999993 0.019374999999999976
73 0.743333 0.3090625 0.05499999999999994 0.020625000000000004
73 0.74875 0.32875 0.06583399999999995 0.01874999999999999
73 0.8204165 0.3571875 0.05916699999999997 0.016874999999999973
73 0.8229165 0.3315625 0.06416699999999997 0.020625000000000004
73 0.8091664999999999 0.306875 0.031667 0.01874999999999999
73 0.906667 0.5634375 0.10499999999999998 0.250625
73 0.88125 0.33218749999999997 0.029166000000000025 0.021875000000000033
73 0.8775 0.3484375 0.01833399999999996 0.010624999999999996
73 0.880833 0.31 0.025000000000000022 0.018750000000000044
73 0.9379165 0.3190625 0.08416699999999999 0.23437500000000003
73 0.9320835 0.828125 0.04583300000000001 0.20999999999999996
73 0.96875 0.9046875000000001 0.060834000000000055 0.18937499999999996
73 0.9895835 0.6659375 0.019167000000000045 0.18312499999999998
