73 0.19093749999999998 0.80524 0.129375 0.12401800000000007
73 0.15437499999999998 0.933188 0.05374999999999999 0.13187799999999994
73 0.1528125 0.6331875 0.041874999999999996 0.13799099999999997
73 0.1553125 0.33668149999999997 0.041874999999999996 0.12139700000000003
73 0.1615625 0.50524 0.03437499999999999 0.11440999999999996
73 0.2565625 0.509607 0.14437499999999998 0.1738
73 0.2590625 0.3240175 0.14437499999999998 0.143231
73 0.23281249999999998 0.6759824999999999 0.076875 0.13100499999999993
73 0.47 0.283843 0.25625000000000003 0.21309999999999998
73 0.47 0.5475985 0.25125 0.20960700000000004
73 0.4696875 0.775546 0.24062499999999998 0.268996
73 0.5871875 0.8104804999999999 0.06187500000000001 0.17467299999999997
73 0.76 0.8558954999999999 0.3187500000000001 0.286463
73 0.7746875 0.548035 0.333125 0.268122
73 0.7778125 0.279476 0.321875 0.221834
