73 0.046094 0.8875 0.092188 0.18125000000000002
73 0.075 0.0539065 0.15 0.107813
73 0.097656 0.4671875 0.195312 0.17812500000000003
73 0.1039065 0.24375 0.207813 0.2
73 0.105469 0.6687495 0.210938 0.1968749999999999
73 0.5984375000000001 0.0515625 0.8000010000000001 0.103125
73 0.5984375000000001 0.46562549999999997 0.8000010000000001 0.17812499999999998
73 0.6031255 0.24062499999999998 0.790625 0.18749999999999997
73 0.6031255 0.9031255 0.790625 0.19062500000000004
73 0.6039065 0.678906 0.7890630000000001 0.21718799999999994
