73 0.4271875 0.7491665000000001 0.14437500000000003 0.21666700000000005
73 0.1196875 0.722083 0.145625 0.07250000000000001
73 0.13375 0.6779165 0.15125 0.06416699999999997
73 0.29500000000000004 0.6016665 0.2725 0.16833300000000007
73 0.2446875 0.7179165000000001 0.10187500000000002 0.094167
73 0.2815625 0.7575 0.13187499999999996 0.125
73 0.2725 0.7275 0.10875000000000001 0.11666600000000005
73 0.5546875 0.81875 0.17687499999999995 0.134166
73 0.570625 0.765833 0.15875 0.09499999999999997
73 0.5715625 0.7445835 0.135625 0.07916699999999999
73 0.5431250000000001 0.61375 0.06874999999999998 0.16583400000000004
73 0.7240625 0.660833 0.303125 0.30499999999999994
73 0.7015625000000001 0.7341664999999999 0.12437500000000001 0.22666700000000006
73 0.7871875 0.87625 0.213125 0.125834
