73 0.10875 0.840866 0.2175 0.316384
73 0.1221875 0.5861585 0.244375 0.28907700000000003
73 0.1234375 0.1445385 0.246875 0.289077
73 0.1240625 0.287665 0.248125 0.341808
73 0.47531249999999997 0.527307 0.438125 0.163842
73 0.47968750000000004 0.34274950000000004 0.434375 0.18079099999999998
73 0.4784375 0.1671375 0.426875 0.166667
73 0.6378125 0.041902 0.723125 0.083804
73 0.6590625 0.7184555 0.680625 0.561205
73 0.7934375 0.5419025 0.18062500000000004 0.13088500000000003
73 0.8584375 0.186441 0.281875 0.14312600000000003
73 0.8584375 0.353107 0.281875 0.14877600000000002
