73 0.0315625 0.12875 0.063125 0.2375
73 0.065625 0.83875 0.13125 0.19583400000000006
73 0.035 0.3820835 0.06875 0.19583299999999998
73 0.08374999999999999 0.967917 0.0725 0.0625
73 0.1765625 0.3545835 0.03562499999999999 0.17583300000000002
73 0.28718750000000004 0.1679165 0.251875 0.18083299999999997
73 0.31875 0.3279165 0.0675 0.12583299999999997
73 0.6965625 0.18333349999999998 0.375625 0.13666699999999998
73 0.7184375000000001 0.349583 0.28312499999999996 0.14750000000000002
73 0.7553125 0.951667 0.18062499999999992 0.09499999999999997
73 0.79375 0.66125 0.07750000000000001 0.11749999999999994
73 0.808125 0.8170835000000001 0.08000000000000007 0.11583299999999996
73 0.821875 0.5070835 0.08125000000000004 0.12916700000000003
73 0.8896875 0.9612499999999999 0.05937500000000007 0.07583400000000007
73 0.9359375000000001 0.8445834999999999 0.12687499999999996 0.12583299999999997
73 0.941875 0.69125 0.11499999999999999 0.135834
73 0.9471875000000001 0.5320835 0.104375 0.14083300000000004
73 0.9509375 0.36083350000000003 0.09687500000000004 0.16666699999999995
73 0.956875 0.174583 0.08499999999999996 0.1775
