73 0.31875 0.7373019999999999 0.15 0.07577
73 0.3671875 0.6923395 0.08937499999999998 0.027476999999999974
73 0.45625000000000004 0.6536219999999999 0.10500000000000004 0.046628
73 0.5128125 0.722731 0.133125 0.04995799999999995
73 0.5137499999999999 0.719817 0.11124999999999996 0.04413
73 0.5465625000000001 0.5303915 0.12062500000000004 0.06827699999999998
73 0.5596875 0.3692755 0.13562499999999994 0.06744299999999998
73 0.530625 0.3109905 0.07500000000000001 0.01915100000000003
73 0.5525 0.606162 0.11375000000000002 0.083264
73 0.5765625 0.6931725 0.055625000000000036 0.07743500000000003
73 0.7003125 0.36761 0.1256250000000001 0.067444
73 0.705625 0.51582 0.125 0.070774
73 0.7259375 0.577019 0.09062499999999996 0.051624
73 0.834375 0.510408 0.12624999999999997 0.08492999999999995
73 0.833125 0.4383845 0.11624999999999996 0.07077500000000003
73 0.831875 0.577852 0.10624999999999996 0.05995000000000006
73 0.8084374999999999 0.3080765 0.05437499999999995 0.009991000000000028
73 0.8375 0.3617815 0.11250000000000004 0.06910900000000003
73 0.815 0.6706909999999999 0.026249999999999996 0.06744399999999995
73 0.856875 0.665279 0.06625000000000003 0.05995000000000006
73 0.8665625 0.295587 0.05437500000000006 0.053288
