73 0.059449 0.3497495 0.118898 0.5859770000000001
73 0.225984 0.873122 0.20315 0.2504179999999999
73 0.2437005 0.467446 0.06692899999999999 0.12019999999999997
73 0.33621999999999996 0.8196995 0.17637799999999998 0.27378900000000006
73 0.333465 0.629382 0.06850400000000001 0.07345599999999997
73 0.366535 0.300501 0.12362200000000001 0.41068400000000005
73 0.5082679999999999 0.28798 0.071654 0.358932
73 0.8338585000000001 0.436561 0.33070900000000003 0.6060099999999999
73 0.7188975 0.25125200000000003 0.03464500000000004 0.09849800000000003
73 0.7602365 0.4215355 0.10157499999999997 0.11185299999999998
73 0.7570865 0.26210350000000004 0.038583000000000034 0.10350500000000001
