73 0.0171875 0.7529790000000001 0.034375 0.019248000000000043
73 0.05875 0.6439045 0.1175 0.18423499999999993
73 0.0409375 0.5962419999999999 0.06562499999999999 0.019248000000000043
73 0.1253125 0.740147 0.07437500000000001 0.033914
73 0.166875 0.8327225 0.10124999999999999 0.03574699999999997
73 0.1790625 0.6558200000000001 0.081875 0.11824000000000001
73 0.21999999999999997 0.721815 0.06125 0.046745999999999954
73 0.2771875 0.866636 0.10937499999999997 0.06141200000000002
73 0.2465625 0.53758 0.019374999999999976 0.02841400000000005
73 0.2803125 0.829056 0.074375 0.03208
73 0.2753125 0.7300645 0.05937499999999998 0.026580999999999966
73 0.2834375 0.538497 0.01937500000000003 0.033914
73 0.37468749999999995 0.827223 0.080625 0.04308000000000001
73 0.41218750000000004 0.6993585 0.07687499999999997 0.054994999999999905
73 0.4175 0.7529790000000001 0.08000000000000002 0.026581999999999995
73 0.513125 0.520165 0.05999999999999994 0.052246000000000015
73 0.680625 0.582951 0.09375 0.06232799999999994
73 0.785625 0.445005 0.050000000000000044 0.033914
73 0.785625 0.4862515 0.04499999999999993 0.04857900000000004
73 0.80375 0.6347389999999999 0.040000000000000036 0.05591200000000007
73 0.8899999999999999 0.5847845 0.09999999999999998 0.06599500000000003
