73 0.0203125 0.6177295 0.040625 0.051594999999999946
73 0.0215625 0.5914635 0.043125 0.060975
73 0.0421875 0.783771 0.084375 0.13789800000000008
73 0.0465625 0.7368669999999999 0.093125 0.12476600000000004
73 0.0709375 0.6425890000000001 0.141875 0.15572200000000003
73 0.0728125 0.6782365 0.135625 0.16135100000000002
73 0.186875 0.761726 0.11500000000000002 0.21763599999999994
73 0.1875 0.7213885 0.11375000000000002 0.1988749999999999
73 0.18875 0.6866795 0.11125000000000002 0.18574099999999993
73 0.19 0.6500935 0.11125000000000002 0.163227
73 0.746875 0.6894935 0.05874999999999997 0.10318899999999998
73 0.7565625 0.659944 0.073125 0.09099400000000002
73 0.7634375 0.6346155 0.08687500000000004 0.11350900000000008
73 0.776875 0.6149155 0.11125000000000007 0.12288899999999991
