73 0.080625 0.45875 0.16125 0.1225
73 0.1109375 0.8870835 0.221875 0.224167
73 0.1734375 0.1195835 0.346875 0.135833
73 0.1734375 0.22541650000000002 0.346875 0.120833
73 0.1740625 0.340833 0.348125 0.10999999999999999
73 0.7403125 0.5879165 0.518125 0.17416700000000007
73 0.7559375 0.360417 0.484375 0.1225
73 0.7553125 0.2220835 0.4756250000000001 0.12083299999999997
73 0.7603125 0.474167 0.478125 0.15999999999999998
73 0.7609375 0.1291665 0.47687500000000005 0.08666699999999998
73 0.9375 0.640833 0.07499999999999996 0.04499999999999993
