73 0.39212 0.5045835 0.147592 0.06583299999999997
73 0.399312 0.407083 0.15322000000000002 0.08749999999999997
73 0.399312 0.30291650000000003 0.15071999999999997 0.07583299999999998
73 0.5550345 0.5158335000000001 0.163227 0.08833300000000005
73 0.5603505 0.40875 0.15259499999999998 0.08416599999999996
73 0.561601 0.30791650000000004 0.150094 0.06916700000000003
73 0.7242025 0.40875 0.15509700000000004 0.08416599999999996
73 0.7223265 0.31 0.14884300000000006 0.08999999999999997
73 0.7223265 0.50875 0.14884300000000006 0.09083399999999997
73 0.7539089999999999 0.6195835000000001 0.09068200000000004 0.07583299999999993
73 0.7611005 0.7095834999999999 0.06629099999999999 0.08583299999999994
73 0.8874295 0.5145835 0.15509700000000004 0.08583299999999999
73 0.8893059999999999 0.4141665 0.15384600000000004 0.088333
73 0.892433 0.31 0.16010000000000002 0.09666600000000003
73 0.9884305 0.52 0.021889000000000047 0.09333400000000003
73 0.99187 0.414167 0.015009999999999968 0.08499999999999996
73 0.9937465000000001 0.32125000000000004 0.011256999999999961 0.07083400000000001
