73 0.0184375 0.7595835 0.036875 0.22083299999999995
73 0.020625 0.4479165 0.04125 0.24083299999999996
73 0.021875 0.951667 0.04375 0.09499999999999997
73 0.043125 0.1741665 0.08625 0.218333
73 0.1934375 0.42208349999999994 0.17312500000000003 0.22416699999999995
73 0.2109375 0.17875000000000002 0.203125 0.234166
73 0.19156250000000002 0.6379165 0.14562500000000003 0.23583299999999996
73 0.139375 0.9145835 0.03875000000000001 0.16916700000000007
73 0.3440625 0.229167 0.055625000000000036 0.15500000000000003
73 0.354375 0.365 0.07125000000000004 0.10333400000000004
73 0.450625 0.390833 0.04125000000000001 0.14500000000000002
73 0.45875 0.2575 0.05249999999999999 0.11166599999999996
73 0.5231250000000001 0.252917 0.039999999999999925 0.07250000000000001
73 0.9321875 0.55625 0.13437500000000002 0.885834
