73 0.4925 0.8395870000000001 0.36875 0.28517800000000004
73 0.0965625 0.131332 0.034375 0.14821800000000002
73 0.136875 0.2462475 0.04875 0.11726099999999998
73 0.135625 0.1242965 0.036250000000000004 0.13414700000000002
73 0.188125 0.09849899999999999 0.04374999999999998 0.13696
73 0.234375 0.07833 0.04374999999999998 0.13039399999999998
73 0.309375 0.18949349999999998 0.05249999999999999 0.13508499999999998
73 0.4078125 0.031426 0.06562499999999999 0.062852
73 0.4084375 0.154784 0.06687500000000002 0.150094
73 0.4090625 0.2654785 0.06062500000000004 0.05628500000000003
73 0.4290625 0.49577899999999997 0.018125000000000002 0.042213999999999974
73 0.5440625 0.501876 0.07687500000000003 0.17073200000000005
73 0.6265625 0.7223265 0.07687500000000003 0.18011299999999997
73 0.693125 0.5070355 0.09499999999999997 0.184803
