73 0.7571875 0.6279170000000001 0.10062499999999996 0.13750000000000007
73 0.27968750000000003 0.5595835 0.06312500000000001 0.11583300000000007
73 0.2634375 0.5291669999999999 0.013124999999999998 0.04500000000000004
73 0.2803125 0.804583 0.046875 0.0824999999999999
73 0.2828125 0.43291650000000004 0.051875000000000004 0.04416700000000001
73 0.288125 0.69625 0.0625 0.09583399999999997
73 0.2903125 0.4816665 0.060624999999999984 0.046667000000000014
73 0.3209375 0.8658334999999999 0.09437499999999999 0.053332999999999964
73 0.32375 0.7533335 0.07624999999999998 0.05833299999999997
73 0.3684375 0.5825 0.06187499999999996 0.10999999999999999
73 0.40375 0.48624999999999996 0.09375 0.069166
73 0.40375 0.4291665 0.08875 0.05833299999999997
73 0.3684375 0.7666665 0.015625 0.04833299999999996
73 0.40625 0.53 0.08875 0.063334
73 0.421875 0.59125 0.05249999999999999 0.0724999999999999
73 0.4496875 0.75 0.08812500000000001 0.14833399999999997
73 0.5115624999999999 0.916667 0.188125 0.16500000000000004
73 0.501875 0.7849999999999999 0.07124999999999998 0.10833400000000004
73 0.5521875 0.6129165000000001 0.09687499999999993 0.145833
73 0.5465625000000001 0.5275 0.083125 0.04166599999999998
73 0.558125 0.47791700000000004 0.09250000000000003 0.07250000000000006
73 0.5840624999999999 0.794583 0.04937500000000006 0.16249999999999998
73 0.7537499999999999 0.503333 0.06874999999999998 0.10999999999999999
73 0.8474999999999999 0.835 0.14249999999999996 0.32500000000000007
73 0.8565625 0.6129165 0.10812500000000003 0.11916700000000002
