73 0.1290625 0.341416 0.08437500000000002 0.06595600000000001
73 0.145 0.400582 0.05749999999999998 0.06983600000000001
73 0.141875 0.5349175 0.04625000000000001 0.07080500000000006
73 0.145625 0.47332700000000005 0.05374999999999999 0.06013600000000002
73 0.26937500000000003 0.754122 0.21125 0.11542200000000002
73 0.1796875 0.535888 0.019374999999999976 0.057226
73 0.185 0.3482055 0.016249999999999987 0.06789500000000004
73 0.18375 0.4665375 0.011249999999999982 0.06207499999999999
73 0.184375 0.414646 0.009999999999999981 0.053346000000000005
73 0.24406250000000002 0.347236 0.031875000000000014 0.06207600000000002
73 0.24343749999999997 0.40979600000000005 0.02562499999999998 0.059165999999999996
73 0.2446875 0.47429699999999997 0.02312499999999998 0.05043599999999998
73 0.34875 0.8045585 0.15749999999999997 0.10572300000000001
73 0.4328125 0.8680895 0.271875 0.20950499999999994
73 0.3203125 0.47914650000000003 0.030625000000000013 0.05625700000000006
73 0.3228125 0.5242485 0.030625000000000013 0.03394699999999995
73 0.3253125 0.34626599999999996 0.02562500000000001 0.06013600000000002
73 0.3496875 0.5358875000000001 0.030625000000000013 0.030066999999999955
73 0.3521875 0.4830265 0.03562500000000002 0.07565500000000003
73 0.35343749999999996 0.341901 0.033125000000000016 0.04752600000000001
73 0.3875 0.413676 0.04749999999999999 0.07468399999999997
73 0.3853125 0.542677 0.03562500000000002 0.039768000000000026
73 0.38875 0.3312315 0.04249999999999998 0.072745
73 0.38593750000000004 0.49127049999999994 0.03437499999999999 0.07080499999999995
73 0.424375 0.497575 0.04749999999999999 0.079534
73 0.426875 0.41707099999999997 0.050000000000000044 0.08147399999999999
73 0.4284375 0.567895 0.044375 0.03394799999999998
73 0.4303125 0.32492699999999997 0.04562500000000003 0.08147399999999999
73 0.47562499999999996 0.568865 0.04250000000000004 0.03588800000000003
73 0.48562500000000003 0.2201745 0.05625000000000002 0.06983499999999998
73 0.486875 0.3200775 0.05874999999999997 0.07177499999999998
73 0.486875 0.4165855 0.05625000000000002 0.06886499999999995
73 0.48687500000000006 0.5063045 0.04375000000000001 0.08147500000000002
73 0.5534375 0.40640149999999997 0.06687500000000002 0.06983500000000004
73 0.5565625 0.2934045 0.06812499999999999 0.09796300000000002
73 0.9575 0.38603299999999996 0.08374999999999999 0.17846800000000002
73 0.9615625 0.20368599999999998 0.07562500000000005 0.14548999999999998
73 0.98 0.566925 0.03875000000000006 0.13870000000000005
