73 0.282813 0.0564705 0.24999999999999997 0.112941
73 0.296875 0.205882 0.26249999999999996 0.19058799999999998
73 0.19921850000000002 0.5741175000000001 0.06093699999999999 0.10823499999999997
73 0.3015625 0.390588 0.259375 0.17882399999999998
73 0.2906245 0.412941 0.04062500000000002 0.138824
73 0.4046875 0.547059 0.06562499999999999 0.12470599999999993
73 0.466406 0.2058825 0.06406200000000001 0.13882299999999997
73 0.5609379999999999 0.0541175 0.24375000000000002 0.108235
73 0.6546875 0.1835295 0.09062499999999996 0.09411699999999998
73 0.9789065 0.192941 0.03906300000000007 0.17882400000000004
73 0.9789065 0.6223529999999999 0.03906300000000007 0.17176399999999992
73 0.9820315 0.027059 0.03281300000000009 0.054118
73 0.9820315 0.4117645 0.03281300000000009 0.183529
73 0.982813 0.8411765 0.03125 0.148235
