73 0.113125 0.6675 0.04125000000000001 0.050000000000000044
73 0.13374999999999998 0.585 0.03 0.010000000000000009
73 0.1584375 0.663333 0.028124999999999983 0.04500000000000004
73 0.176875 0.6033335 0.037500000000000006 0.04166700000000001
73 0.20500000000000002 0.665 0.04124999999999998 0.04500000000000004
73 0.25187499999999996 0.6666665 0.04999999999999999 0.05166700000000002
73 0.2828125 0.8512500000000001 0.08937500000000001 0.2791659999999999
73 0.2603125 0.6145835 0.030625000000000013 0.029167000000000054
73 0.291875 0.6666665 0.040000000000000036 0.05166700000000002
73 0.2996875 0.6075 0.04312499999999997 0.043333999999999984
73 0.3378125 0.6658335 0.041874999999999996 0.043332999999999955
73 0.34375 0.610417 0.03749999999999998 0.02750000000000008
73 0.365625 0.8454165 0.07375000000000004 0.280833
73 0.4546875 0.8683335000000001 0.08937500000000004 0.251667
