73 0.0098765 0.75125 0.019753 0.10750000000000004
73 0.021605 0.9128125 0.04321 0.150625
73 0.4919755 0.42593749999999997 0.850617 0.11312499999999998
73 0.49074049999999997 0.895625 0.833333 0.15375000000000005
73 0.5308645 0.296875 0.792593 0.11750000000000002
73 0.5358025 0.16375 0.802469 0.1075
73 0.5203705000000001 0.7178125 0.759259 0.13687499999999997
73 0.358642 0.625625 0.23333399999999999 0.02750000000000008
73 0.367284 0.6018749999999999 0.23580199999999998 0.02749999999999997
73 0.578395 0.5703125 0.6580239999999999 0.14562499999999995
