73 0.5175 0.1360225 0.32249999999999995 0.272045
73 0.4553125 0.256098 0.060624999999999984 0.129456
73 0.494375 0.389775 0.04624999999999996 0.10788000000000003
73 0.5109375 0.216698 0.03312499999999996 0.14259
73 0.5671875 0.17260799999999998 0.08437499999999998 0.223264
73 0.7059375 0.4587245 0.181875 0.29268299999999997
73 0.7065625 0.130394 0.17062500000000003 0.260788
73 0.73 0.806754 0.11749999999999994 0.330206
73 0.895625 0.8761725 0.20750000000000002 0.24577899999999997
73 0.906875 0.098499 0.18500000000000005 0.196998
73 0.9090625 0.511726 0.18062500000000004 0.43621
73 0.9478125 0.49108799999999997 0.06312499999999999 0.349906
