73 0.035625 0.2727775 0.07125 0.04333300000000001
73 0.1003125 0.6344445 0.09312500000000001 0.444445
73 0.08625 0.302222 0.030000000000000013 0.12
73 0.155625 0.7983335 0.11124999999999999 0.32111100000000004
73 0.2240625 0.0811115 0.21062499999999998 0.12888899999999998
73 0.2396875 0.047778 0.23062499999999997 0.095556
73 0.240625 0.212222 0.22500000000000003 0.15555599999999997
73 0.2484375 0.29000000000000004 0.22062500000000002 0.273334
73 0.1859375 0.62 0.075625 0.11777799999999994
73 0.23531249999999998 0.36444449999999995 0.081875 0.164445
73 0.3015625 0.798889 0.158125 0.4
73 0.3425 0.1244445 0.021250000000000047 0.05333299999999999
73 0.5128125 0.8505555 0.11437499999999995 0.296667
73 0.733125 0.723333 0.20125000000000004 0.522222
73 0.825 0.1144445 0.34875 0.168889
73 0.7096875 0.354444 0.07937499999999997 0.18
73 0.7415625 0.246111 0.03312500000000007 0.045555999999999985
73 0.7809375000000001 0.44666649999999997 0.08062500000000006 0.06888900000000003
73 0.850625 0.7233335 0.06874999999999998 0.266667
73 0.848125 0.9744444999999999 0.04625000000000001 0.04888900000000007
73 0.9484375 0.49 0.07062500000000005 0.12666599999999995
