73 0.1575985 0.4830985 0.046279000000000015 0.106103
73 0.161351 0.725352 0.04877999999999999 0.12112600000000007
73 0.163852 0.597183 0.051281999999999994 0.135212
73 0.1638525 0.4037555 0.04377699999999998 0.07887299999999997
73 0.166354 0.3107985 0.033771999999999996 0.084507
73 0.2007505 0.2347415 0.10006300000000001 0.14835699999999996
73 0.210757 0.416432 0.05503400000000003 0.09671400000000002
73 0.2126325 0.8483565 0.056285 0.12488299999999997
73 0.21138200000000001 0.341784 0.04878000000000002 0.08075199999999999
73 0.217636 0.729108 0.058786000000000005 0.11736999999999997
73 0.22013749999999999 0.6154930000000001 0.056285 0.10985999999999996
73 0.22576649999999998 0.9399065 0.06253899999999998 0.08826299999999998
73 0.22138799999999997 0.511737 0.038774 0.10140799999999994
73 0.3105065 0.7934275 0.13946300000000003 0.09577500000000005
