73 0.664844 0.151042 0.464062 0.21875
73 0.0484375 0.322917 0.096875 0.04999999999999999
73 0.0539065 0.45 0.107813 0.04166599999999998
73 0.0539065 0.519792 0.107813 0.04375000000000001
73 0.0546875 0.5760415 0.109375 0.039582999999999924
73 0.130469 0.0239585 0.260938 0.047917
73 0.1328125 0.1791665 0.265625 0.05416699999999999
73 0.133594 0.126042 0.267188 0.04375
73 0.133594 0.2552085 0.267188 0.04791699999999999
73 0.134375 0.075 0.26875 0.04583400000000001
73 0.05625 0.39375000000000004 0.10625 0.04999999999999999
73 0.1921875 0.321875 0.16562500000000002 0.035416
73 0.12421850000000001 0.42083349999999997 0.023437 0.05416700000000002
73 0.1554685 0.453125 0.03281300000000001 0.043749999999999956
73 0.192969 0.48645799999999995 0.03281200000000001 0.031249999999999944
73 0.2257815 0.390625 0.08281299999999997 0.027083999999999997
73 0.25 0.4604165 0.06874999999999998 0.04166700000000001
73 0.627344 0.1364585 0.420312 0.03958299999999999
73 0.6320315000000001 0.077083 0.42031300000000005 0.049999999999999996
73 0.6375 0.021875 0.41875000000000007 0.04375
73 0.6484375 0.24895850000000003 0.421875 0.047917000000000015
73 0.857031 0.37812500000000004 0.04843799999999998 0.01874999999999999
