73 0.180625 0.760595 0.14375 0.345356
73 0.3615625 0.738954 0.085625 0.26420200000000005
73 0.48343749999999996 0.9404870000000001 0.231875 0.11722200000000005
73 0.48562500000000003 0.7276825 0.09750000000000003 0.22362499999999996
73 0.5753125 0.7245265000000001 0.07687500000000003 0.17763699999999993
73 0.6146875 0.7146075000000001 0.07187500000000002 0.1866549999999999
73 0.7096875 0.917493 0.161875 0.16321000000000008
73 0.67875 0.7155095 0.05625000000000002 0.152389
73 0.724375 0.697926 0.057499999999999996 0.14968400000000004
73 0.7634375 0.7046889999999999 0.030625000000000013 0.11451800000000001
73 0.8165625 0.6934175 0.055625000000000036 0.119027
73 0.845 0.8845810000000001 0.10124999999999995 0.22001799999999994
