73 0.0190625 0.7616665 0.038125 0.10166699999999995
73 0.02625 0.42000000000000004 0.0525 0.15833400000000003
73 0.4815625 0.6066670000000001 0.289375 0.20499999999999996
73 0.4084375 0.34875 0.12312499999999998 0.1875
73 0.5040625 0.0833335 0.314375 0.166667
73 0.5325 0.8625 0.31375 0.15166599999999997
73 0.48624999999999996 0.3508335 0.031249999999999944 0.17333300000000001
73 0.631875 0.35291649999999997 0.27249999999999996 0.17583299999999996
73 0.683125 0.58375 0.04125000000000001 0.130834
73 0.7796875 0.0904165 0.17312499999999997 0.180833
73 0.895 0.0979165 0.15249999999999997 0.195833
73 0.9528125000000001 0.3625 0.09312500000000001 0.16000000000000003
73 0.9762500000000001 0.976667 0.03375000000000006 0.04500000000000004
73 0.984375 0.835 0.030000000000000027 0.14166599999999996
