73 0.008125 0.523431 0.01375 0.14811799999999997
73 0.0434375 0.522594 0.061875 0.16987400000000002
73 0.1509375 0.549372 0.065625 0.26527199999999995
73 0.248125 0.433891 0.12625000000000003 0.041003999999999985
73 0.2475 0.4811715 0.10375000000000001 0.05020899999999995
73 0.245 0.5372385 0.09625000000000003 0.048534999999999995
73 0.245625 0.5845184999999999 0.09000000000000002 0.06443499999999991
73 0.249375 0.6414225 0.095 0.06778299999999993
73 0.245625 0.6937234999999999 0.08500000000000002 0.0686190000000001
73 0.316875 0.610042 0.07624999999999998 0.297908
73 0.401875 0.400837 0.1225 0.05857800000000002
73 0.4146875 0.506276 0.109375 0.05857799999999996
73 0.4146875 0.45523 0.104375 0.05355599999999999
73 0.4159375 0.5573224999999999 0.104375 0.060250999999999943
73 0.4159375 0.6543935 0.104375 0.06192500000000001
73 0.41781250000000003 0.6041844999999999 0.10812499999999997 0.05188300000000001
73 0.4203125 0.705021 0.10812499999999997 0.07112999999999992
73 0.42093749999999996 0.7577404999999999 0.106875 0.07615099999999997
73 0.5178125 0.40962350000000003 0.10687500000000005 0.04769899999999999
73 0.519375 0.458996 0.08250000000000002 0.039329999999999976
73 0.5075000000000001 0.5476989999999999 0.04500000000000004 0.04100399999999993
73 0.5240625 0.5025105000000001 0.075625 0.034309000000000034
73 0.530625 0.594142 0.08625 0.045188000000000006
73 0.600625 0.410042 0.05874999999999997 0.05523
73 0.60375 0.6301255 0.03499999999999992 0.27615100000000004
73 0.67875 0.673222 0.13249999999999995 0.39581599999999995
73 0.6475 0.41087850000000004 0.04249999999999998 0.060251
73 0.7490625 0.41841 0.16062500000000002 0.09372400000000003
73 0.795625 0.575314 0.08125000000000004 0.07949800000000007
73 0.7928124999999999 0.5054395 0.073125 0.070293
73 0.8 0.6560665 0.07750000000000001 0.07866100000000009
73 0.8 0.7301255 0.07750000000000001 0.07949699999999993
73 0.8071875 0.81046 0.07062500000000005 0.097908
73 0.8746875000000001 0.4280335 0.07187500000000002 0.07782500000000003
73 0.8734375000000001 0.49288699999999996 0.06437499999999996 0.06025199999999997
73 0.8721875 0.567364 0.05437500000000006 0.06359800000000004
73 0.8728125 0.631799 0.05312500000000009 0.07196599999999997
73 0.8821875 0.7 0.06437500000000007 0.087866
73 0.8815625 0.7619245 0.055625000000000036 0.09121299999999999
73 0.9371875000000001 0.7234309999999999 0.06312499999999999 0.09623400000000004
73 0.951875 0.549791 0.09250000000000003 0.06359800000000004
73 0.9325 0.497908 0.043749999999999956 0.065272
73 0.9396875 0.6673644999999999 0.05812499999999998 0.07447700000000002
73 0.9550000000000001 0.4230125 0.08875 0.08451900000000001
73 0.9421875 0.6184099999999999 0.048125000000000084 0.06192399999999998
73 0.978125 0.7041839999999999 0.04249999999999998 0.07280399999999998
73 0.98 0.49330549999999995 0.03875000000000006 0.06443499999999996
73 0.9821875 0.5933055 0.034375000000000044 0.06359900000000007
73 0.9846874999999999 0.6569039999999999 0.02937500000000004 0.04686200000000007
