73 0.0581195 0.2703125 0.116239 0.105625
73 0.125641 0.0534375 0.12136799999999999 0.105625
73 0.449145 0.0515625 0.5068379999999999 0.103125
73 0.45128199999999996 0.2875 0.511112 0.1225
73 0.2957265 0.1715625 0.19145299999999998 0.09562499999999999
73 0.419658 0.3965625 0.42906 0.109375
73 0.27094 0.49531249999999993 0.095726 0.07687499999999997
73 0.6320515 0.175625 0.14444499999999993 0.10125
73 0.7444445 0.4046875 0.07008500000000006 0.08687499999999998
73 0.8542734999999999 0.296875 0.289743 0.10375000000000001
73 0.8555554999999999 0.1915625 0.28717899999999996 0.09562500000000002
73 0.8576919999999999 0.078125 0.282906 0.07375000000000001
73 0.9358975 0.415625 0.1264949999999999 0.09875
