73 0.4175 0.2695835 0.16125 0.19416700000000003
73 0.2109375 0.10166700000000001 0.421875 0.2
73 0.055625 0.22875 0.045 0.089166
73 0.1415625 0.2270835 0.05687500000000001 0.089167
73 0.2109375 0.23375 0.060624999999999984 0.07583399999999998
73 0.3453125 0.6345835 0.138125 0.13916700000000004
73 0.4646875 0.42875 0.10562499999999997 0.15083400000000002
73 0.48 0.590417 0.11125000000000002 0.1825
73 0.615 0.265 0.08374999999999999 0.16499999999999998
73 0.618125 0.434583 0.07750000000000001 0.14249999999999996
73 0.7475 0.3141665 0.0625 0.033333
73 0.753125 0.2820835 0.07374999999999998 0.030833
73 0.7896875 0.41541649999999997 0.09187499999999993 0.12916699999999998
73 0.7915625 0.5525 0.09312500000000001 0.16166600000000003
