73 0.8527205 0.4740625 0.24577899999999997 0.23187499999999994
73 0.0919325 0.67125 0.183865 0.10749999999999993
73 0.272514 0.846875 0.545028 0.17625000000000002
73 0.3864915 0.690625 0.42026300000000005 0.13374999999999992
73 0.360225 0.54125 0.348968 0.28875000000000006
73 0.45825499999999997 0.753125 0.353658 0.05999999999999994
73 0.6167914999999999 0.8103125 0.297373 0.12687500000000007
73 0.6552534999999999 0.6284375 0.297373 0.16562500000000002
73 0.8222324999999999 0.776875 0.35365900000000006 0.14500000000000002
73 0.838649 0.6028125 0.32082600000000006 0.14187499999999997
73 0.8217635 0.6771875 0.25140699999999994 0.09562499999999996
73 0.9272985 0.37625 0.14352699999999996 0.13625000000000004
73 0.934803 0.725625 0.12851800000000002 0.125
