73 0.0153125 0.38662799999999997 0.030625 0.153654
73 0.030625 0.845515 0.06125 0.16943600000000003
73 0.0421875 0.6063125 0.023125 0.15946899999999997
73 0.2728125 0.263289 0.09062499999999998 0.08637799999999998
73 0.2884375 0.168189 0.051875000000000004 0.070598
73 0.285625 0.43064749999999996 0.04375000000000001 0.07225900000000002
73 0.2915625 0.34925249999999997 0.055625000000000036 0.078903
73 0.4403125 0.259136 0.12562500000000004 0.08803999999999998
73 0.426875 0.3401165 0.09375 0.080565
73 0.4340625 0.4198505 0.09687499999999999 0.078903
73 0.48062499999999997 0.17026550000000001 0.03999999999999998 0.05481699999999998
73 0.6084375 0.3376245 0.08062500000000006 0.07225899999999996
73 0.6103125 0.249585 0.07687500000000003 0.078904
73 0.6140625 0.42358799999999996 0.07687499999999992 0.08305599999999996
73 0.6575 0.15656150000000002 0.15000000000000002 0.08554900000000001
73 0.6996875 0.4476745 0.10187499999999994 0.08970099999999998
73 0.7003125 0.255814 0.09562500000000007 0.09136200000000003
73 0.6990625 0.3521595 0.09062499999999996 0.08803899999999998
73 0.799375 0.36835549999999995 0.10750000000000004 0.103821
73 0.778125 0.459718 0.05999999999999994 0.08554800000000007
73 0.8109375 0.256645 0.12062499999999998 0.10299000000000003
73 0.796875 0.1507475 0.040000000000000036 0.060631000000000004
73 0.8390625 0.138289 0.030625000000000013 0.077242
73 0.9290625 0.38122900000000004 0.12062499999999998 0.12624600000000002
73 0.9315625000000001 0.25706 0.125625 0.11212599999999998
73 0.9256249999999999 0.123754 0.03874999999999995 0.10298999999999998
73 0.9659375 0.5145345 0.04437500000000005 0.11046500000000004
73 0.97875 0.11295649999999999 0.04125000000000001 0.10132899999999999
