73 0.32125000000000004 0.32625 0.12874999999999998 0.29583400000000004
73 0.265 0.139583 0.125 0.037500000000000006
73 0.245625 0.307917 0.03750000000000003 0.1825
73 0.40531249999999996 0.155833 0.17062499999999997 0.04999999999999999
73 0.55 0.685 0.39 0.09999999999999998
73 0.5771875 0.1575 0.20687500000000003 0.07
73 0.5809375 0.37541650000000004 0.18062500000000004 0.230833
73 0.785 0.377083 0.17874999999999996 0.2725000000000001
73 0.8165625000000001 0.0979165 0.208125 0.195833
73 0.9284375 0.151667 0.14187499999999997 0.10999999999999999
