73 0.265 0.8137894999999999 0.20750000000000002 0.18667899999999993
73 0.26437499999999997 0.669325 0.18125 0.044090000000000074
73 0.20906249999999998 0.3761725 0.031875000000000014 0.04690500000000003
73 0.21187499999999998 0.48499099999999995 0.035 0.06378999999999996
73 0.213125 0.4301125 0.035 0.04596699999999998
73 0.20124999999999998 0.78424 0.008750000000000008 0.065666
73 0.215 0.5924015 0.020000000000000018 0.032833
73 0.2159375 0.550188 0.021875000000000006 0.04408999999999996
73 0.2796875 0.6318010000000001 0.070625 0.06472800000000001
73 0.388125 0.6332085000000001 0.04125000000000001 0.07879899999999995
73 0.39 0.4474675 0.04249999999999998 0.054408999999999985
73 0.390625 0.38789850000000003 0.03874999999999995 0.03846100000000002
73 0.390625 0.557692 0.03874999999999995 0.04408999999999996
73 0.3925 0.508912 0.04249999999999998 0.049717999999999984
73 0.390625 0.33395850000000005 0.036250000000000004 0.054408999999999985
73 0.5725 0.479831 0.29000000000000004 0.346154
73 0.5371874999999999 0.794559 0.18062499999999992 0.17448399999999997
73 0.67625 0.7321765 0.09750000000000003 0.03470899999999999
73 0.8246875 0.5806755 0.18437499999999996 0.393997
