73 0.0384375 0.8880525 0.076875 0.22201300000000002
73 0.0459375 0.6265285 0.091875 0.22389500000000007
73 0.08 0.073377 0.16 0.146754
73 0.076875 0.3786455 0.15125 0.26810900000000004
73 0.06718750000000001 0.357479 0.065625 0.17874
73 0.1328125 0.4915335 0.08187499999999999 0.09313300000000002
73 0.18625 0.0545625 0.06 0.101599
73 0.23375 0.1773285 0.09875 0.20413899999999996
73 0.31 0.6890875 0.21 0.194731
73 0.288125 0.058796 0.095 0.055504
73 0.3225 0.3287865 0.16125 0.183443
73 0.33562499999999995 0.1317025 0.15875 0.174977
73 0.37625 0.5108185 0.09749999999999998 0.21636899999999998
73 0.4821875 0.8000944999999999 0.203125 0.324553
73 0.474375 0.238006 0.16500000000000004 0.14110999999999999
73 0.6084375 0.508937 0.39687500000000003 0.297272
73 0.5815625 0.9158040000000001 0.29187500000000005 0.16651000000000005
73 0.51625 0.0761995 0.15625 0.152399
73 0.6396875 0.168862 0.19062499999999993 0.19473200000000002
73 0.6665625 0.678269 0.23687500000000006 0.30855999999999995
73 0.6140625 0.360301 0.11937500000000001 0.146754
73 0.6659375000000001 0.0404515 0.08187500000000003 0.080903
73 0.80625 0.8212605 0.24249999999999994 0.27845700000000007
73 0.7590625 0.2554095 0.14187499999999997 0.11382899999999999
73 0.7749999999999999 0.0931325 0.15125 0.178739
73 0.83125 0.560207 0.16625 0.26434599999999997
73 0.8768750000000001 0.9651925 0.15000000000000002 0.06773300000000004
73 0.956875 0.6476949999999999 0.08499999999999996 0.09689599999999998
73 0.975625 0.21542850000000002 0.04749999999999999 0.08842900000000001
