73 0.570625 0.511667 0.8575 0.975
73 0.22062500000000002 0.0308335 0.10624999999999998 0.061667
73 0.3153125 0.04125 0.08937499999999998 0.0825
73 0.40531249999999996 0.0516665 0.10062500000000002 0.103333
73 0.4934375 0.0583335 0.09687499999999999 0.116667
73 0.5634375 0.0541665 0.07062500000000005 0.108333
73 0.615 0.04125 0.06624999999999992 0.0825
73 0.66625 0.04625 0.0675 0.0925
73 0.7021875 0.0620835 0.051875000000000004 0.124167
73 0.7362500000000001 0.0670835 0.07874999999999999 0.134167
73 0.825625 0.1066665 0.14125 0.213333
73 0.9121875 0.11875 0.150625 0.2375
73 0.9496875 0.1258335 0.09687500000000004 0.251667
73 0.98375 0.2141665 0.03125 0.091667
