73 0.2290625 0.38290599999999997 0.213125 0.07863199999999998
73 0.298125 0.826068 0.315 0.16324800000000006
73 0.22125 0.411111 0.14875000000000002 0.07863200000000004
73 0.32 0.9384615 0.3075 0.121367
73 0.24 0.4517095 0.145 0.101709
73 0.3190625 0.9188035 0.284375 0.1282049999999999
73 0.3590625 0.864957 0.275625 0.14188
73 0.34375 0.6688035 0.22499999999999998 0.1666669999999999
73 0.4565625 0.3854705 0.30937499999999996 0.157265
73 0.41500000000000004 0.9628205 0.19750000000000006 0.07264899999999996
73 0.4875 0.4205125 0.30874999999999997 0.15042699999999998
73 0.515625 0.42863249999999997 0.26 0.11367500000000003
73 0.52625 0.441453 0.25875000000000004 0.09487200000000001
73 0.5809375 0.6252139999999999 0.24687499999999996 0.24187999999999998
73 0.6115625 0.6589745 0.275625 0.15042699999999998
73 0.5828125 0.6123935 0.19687500000000002 0.08632499999999999
73 0.621875 0.7 0.26250000000000007 0.14529999999999998
73 0.6096874999999999 0.7688035 0.218125 0.17521299999999995
73 0.65 0.786752 0.21625000000000005 0.15128199999999992
73 0.653125 0.7465809999999999 0.21499999999999997 0.105128
73 0.6834375 0.8521365000000001 0.265625 0.21880299999999997
73 0.65625 0.792735 0.20124999999999993 0.10683799999999999
73 0.6846874999999999 0.8705130000000001 0.229375 0.16837599999999997
73 0.701875 0.900427 0.24375000000000002 0.12905999999999995
73 0.7418750000000001 0.92094 0.30500000000000005 0.15640999999999994
73 0.7128125 0.86453 0.244375 0.12734999999999996
73 0.8346875 0.29273499999999997 0.329375 0.231624
73 0.875625 0.4991455 0.19625000000000004 0.14017100000000005
73 0.9146875 0.5833335000000001 0.16937500000000005 0.18205100000000002
73 0.9421875 0.6735045 0.114375 0.121367
73 0.9653125 0.7457265 0.06562500000000004 0.09999900000000006
73 0.983125 0.779487 0.03249999999999997 0.066666
