73 0.5103125 0.680833 0.014374999999999916 0.11499999999999999
73 0.70875 0.4241665 0.04125000000000001 0.043332999999999955
73 0.709375 0.4683335 0.040000000000000036 0.031667
73 0.711875 0.6025 0.04500000000000004 0.04166599999999998
73 0.713125 0.557917 0.04249999999999998 0.03750000000000009
73 0.7125 0.5133335 0.03875000000000006 0.041666999999999954
73 0.711875 0.645 0.03500000000000003 0.040000000000000036
73 0.715625 0.6958335 0.039999999999999925 0.04833299999999996
73 0.8474999999999999 0.4075 0.23624999999999996 0.09833399999999998
73 0.8546875 0.5037499999999999 0.24062499999999998 0.060833999999999944
73 0.8553124999999999 0.7783335 0.23687500000000006 0.08333299999999999
73 0.8534375000000001 0.335 0.22687500000000005 0.066666
73 0.856875 0.6904165 0.23375 0.07583300000000004
73 0.856875 0.6012500000000001 0.23125000000000007 0.0824999999999999
73 0.856875 0.8679165 0.23125000000000007 0.089167
