73 0.0241665 0.17281249999999998 0.048333 0.076875
73 0.02625 0.27125 0.0525 0.07874999999999999
73 0.02875 0.37187499999999996 0.0575 0.065
73 0.0320835 0.455625 0.064167 0.07125000000000004
73 0.0320835 0.8865625 0.064167 0.09937499999999999
73 0.0366665 0.5459375 0.073333 0.08562499999999995
73 0.0379165 0.631875 0.075833 0.08374999999999999
73 0.0458335 0.7125 0.091667 0.09375
73 0.0479165 0.7959375 0.095833 0.104375
73 0.06875 0.86 0.064166 0.07374999999999998
73 0.0820835 0.1965625 0.064167 0.07187500000000002
73 0.0845835 0.27875 0.040832999999999994 0.07499999999999998
73 0.09 0.451875 0.043334 0.07375000000000004
73 0.0916665 0.3659375 0.036667000000000005 0.07187499999999997
73 0.1029165 0.5359375 0.045833 0.07687499999999997
73 0.11166700000000002 0.6168750000000001 0.05500000000000001 0.0824999999999999
73 0.10875 0.6965625 0.034166 0.08062499999999995
73 0.15416649999999998 0.758125 0.11666699999999999 0.10375000000000001
73 0.14958300000000002 0.8359375 0.10250000000000001 0.1143749999999999
73 0.1358335 0.28375 0.06666700000000002 0.07499999999999998
73 0.145 0.5290625 0.08 0.07687500000000003
73 0.1333335 0.4503125 0.043332999999999997 0.073125
73 0.1358335 0.370625 0.043332999999999997 0.065
73 0.1275 0.2 0.018334000000000017 0.07499999999999998
73 0.150833 0.6856249999999999 0.05499999999999999 0.08500000000000008
73 0.160833 0.6074999999999999 0.07500000000000001 0.07999999999999996
73 0.16083350000000002 0.215625 0.04333299999999998 0.05124999999999999
73 0.18 0.37093750000000003 0.05499999999999999 0.06812500000000005
73 0.1766665 0.44875 0.04333300000000001 0.07
73 0.18916650000000002 0.6699999999999999 0.068333 0.07500000000000007
73 0.2441665 0.8515625 0.16833299999999998 0.10062499999999996
73 0.19166650000000002 0.29312499999999997 0.04166699999999998 0.06624999999999998
73 0.20875 0.5228125 0.05249999999999999 0.07187499999999997
73 0.2095835 0.22218749999999998 0.04583300000000001 0.05812499999999998
73 0.21999999999999997 0.5940624999999999 0.06666599999999998 0.07687499999999992
73 0.21666649999999998 0.4503125 0.04166699999999998 0.06687500000000002
73 0.23583349999999997 0.37 0.061667 0.06
73 0.2475 0.515 0.07999999999999999 0.07000000000000006
73 0.245 0.2965625 0.061666 0.06312499999999999
73 0.245417 0.788125 0.05249999999999999 0.04625000000000001
73 0.29833299999999996 0.88375 0.15499999999999997 0.07999999999999996
73 0.23833300000000002 0.7224999999999999 0.01999999999999999 0.04625000000000001
73 0.2566665 0.4434375 0.04833299999999999 0.06687500000000002
73 0.251667 0.22625 0.024999999999999994 0.05625000000000002
73 0.3441665 0.3784375 0.06833299999999998 0.09062500000000001
73 0.3466665 0.27656250000000004 0.07333299999999998 0.10062500000000002
73 0.3283335 0.18 0.031667 0.08875
73 0.36041650000000003 0.5684374999999999 0.090833 0.09437499999999999
73 0.3525 0.475625 0.061666 0.08875
73 0.345 0.1696875 0.04333400000000004 0.105625
73 0.38541650000000005 0.6565624999999999 0.090833 0.08187500000000003
73 0.39 0.7424999999999999 0.068334 0.07999999999999996
73 0.38875000000000004 0.17125 0.03916599999999998 0.10250000000000001
73 0.405833 0.4753125 0.05500000000000005 0.09187499999999998
73 0.417083 0.28 0.07750000000000001 0.09749999999999998
73 0.417083 0.3821875 0.07750000000000001 0.09062500000000001
73 0.41500000000000004 0.17031249999999998 0.018334000000000017 0.10062499999999999
73 0.44666649999999997 0.5678125 0.08166699999999999 0.08187500000000003
73 0.436667 0.17031249999999998 0.02999999999999997 0.10062499999999999
73 0.46166700000000005 0.47468750000000004 0.07500000000000001 0.09062500000000001
73 0.4566665 0.7424999999999999 0.06166699999999997 0.07999999999999996
73 0.4604165 0.6546875 0.06416699999999997 0.08562500000000006
73 0.472917 0.168125 0.057499999999999996 0.10249999999999998
73 0.48875 0.2825 0.07916600000000007 0.0925
73 0.507083 0.3828125 0.09750000000000003 0.09187500000000004
73 0.5470835000000001 0.240625 0.145833 0.015000000000000013
73 0.5220830000000001 0.7424999999999999 0.07750000000000001 0.08750000000000002
73 0.5254165 0.5634375 0.07916699999999993 0.09437499999999999
73 0.53 0.47468750000000004 0.07999999999999996 0.09062500000000001
73 0.5266665 0.6540625 0.06833300000000003 0.08687500000000004
73 0.549167 0.1634375 0.09499999999999997 0.10062499999999999
73 0.56375 0.2859375 0.06583399999999995 0.08187500000000003
73 0.620833 0.2809375 0.07999999999999996 0.09562499999999999
73 0.6245835 0.1740625 0.04583300000000001 0.09062499999999998
73 0.640417 0.6425 0.07750000000000001 0.09250000000000003
73 0.639167 0.5578125 0.06999999999999995 0.10062500000000008
73 0.647083 0.7234375 0.07250000000000001 0.09062500000000007
73 0.6333335 0.49375 0.031667 0.05499999999999999
73 0.63375 0.91125 0.02749999999999997 0.17625000000000002
73 0.6995830000000001 0.17312499999999997 0.12249999999999994 0.0925
73 0.73125 0.5815625 0.07750000000000001 0.030625000000000013
73 0.7324999999999999 0.6165625 0.07500000000000007 0.04937499999999995
73 0.74625 0.34781249999999997 0.09416599999999997 0.06312500000000004
73 0.7383335 0.5643750000000001 0.07333299999999998 0.03749999999999998
73 0.7416670000000001 0.5415625 0.07500000000000007 0.03562499999999991
73 0.756667 0.2946875 0.050000000000000044 0.049375
73 0.8275 0.6640625 0.13666599999999995 0.0631250000000001
73 0.842083 0.218125 0.15749999999999997 0.08375000000000002
73 0.8158335 0.8740625 0.09166699999999994 0.09562499999999996
73 0.817917 0.2896875 0.07250000000000001 0.05312499999999998
73 0.842083 0.34624999999999995 0.10250000000000004 0.06
73 0.852083 0.6109375 0.08250000000000002 0.04937499999999995
73 0.8775 0.281875 0.04999999999999993 0.05499999999999999
73 0.9070835 0.9053125 0.10916700000000001 0.114375
73 0.930417 0.8178125 0.13750000000000007 0.145625
73 0.9325 0.72375 0.13333400000000006 0.08000000000000007
73 0.9483334999999999 0.63375 0.10166700000000006 0.08875
73 0.9508335 0.556875 0.09666700000000006 0.07499999999999996
73 0.95125 0.479375 0.09416599999999997 0.07374999999999998
73 0.955417 0.3965625 0.08750000000000002 0.07187500000000002
73 0.95625 0.23750000000000002 0.08583400000000008 0.07500000000000001
73 0.95625 0.31937499999999996 0.08583400000000008 0.07500000000000001
73 0.965417 0.9353125 0.0675 0.11562500000000009
