73 0.0825 0.8783335 0.165 0.24166700000000008
73 0.08375 0.7883335 0.1675 0.20666699999999993
73 0.084375 0.3466665 0.16875 0.153333
73 0.085625 0.671667 0.17125 0.16500000000000004
73 0.0840625 0.4491665 0.16687500000000002 0.11333299999999996
73 0.08750000000000001 0.5741665 0.1675 0.11166699999999996
73 0.10187500000000001 0.926667 0.15 0.14500000000000002
73 0.22375 0.48750000000000004 0.08374999999999999 0.044999999999999984
73 0.200625 0.59375 0.035 0.030834000000000028
73 0.20625 0.6841665 0.046249999999999986 0.053333000000000075
73 0.226875 0.416667 0.08499999999999996 0.05499999999999999
73 0.21218749999999997 0.8025 0.045625 0.08333400000000002
73 0.2209375 0.545 0.06312500000000001 0.063334
73 0.21125 0.73375 0.03875000000000001 0.06916600000000006
73 0.296875 0.5266664999999999 0.03874999999999995 0.10666699999999996
73 0.40249999999999997 0.5145835000000001 0.03875000000000001 0.02083299999999999
73 0.405 0.4754165 0.03624999999999995 0.014166999999999985
73 0.4078125 0.5425 0.020625000000000004 0.01666600000000007
73 0.4671875 0.5095835 0.041874999999999996 0.034167
73 0.665625 0.371667 0.37875 0.255
73 0.5434375 0.849167 0.12437499999999996 0.30000000000000004
73 0.6846875 0.5991665 0.404375 0.20333300000000004
73 0.6528125 0.25125000000000003 0.32937500000000003 0.4025
73 0.5765625 0.825 0.171875 0.34833400000000003
73 0.6996875 0.76875 0.41812499999999997 0.4225
73 0.644375 0.8008335 0.305 0.396667
73 0.8371875 0.64125 0.08187500000000003 0.14250000000000007
