73 0.076875 0.5604169999999999 0.07625000000000001 0.39249999999999996
73 0.24125000000000002 0.35291700000000004 0.04125000000000004 0.02250000000000002
73 0.240625 0.37875000000000003 0.03750000000000003 0.027500000000000024
73 0.2446875 0.40875 0.04562500000000003 0.022499999999999964
73 0.2446875 0.4391665 0.04562500000000003 0.016666999999999987
73 0.28812499999999996 0.3554165 0.03875000000000001 0.020833000000000046
73 0.28875 0.4079165 0.040000000000000036 0.024166999999999994
73 0.29000000000000004 0.38125 0.03999999999999998 0.02250000000000002
73 0.3840625 0.3908335 0.02437499999999998 0.016666999999999987
73 0.40531249999999996 0.389167 0.023125000000000007 0.020000000000000018
73 0.4059375 0.3529165 0.01937500000000003 0.030833
73 0.4059375 0.41875 0.01937500000000003 0.030834000000000028
73 0.40875 0.4425 0.016249999999999987 0.013333999999999957
73 0.410625 0.4708335 0.015000000000000013 0.011666999999999983
73 0.433125 0.34375 0.03250000000000003 0.03249999999999997
73 0.434375 0.3875 0.03500000000000003 0.03166599999999997
73 0.434375 0.425417 0.03249999999999997 0.03749999999999998
73 0.4353125 0.46499999999999997 0.030625000000000013 0.03166600000000003
73 0.4359375 0.49958349999999996 0.03187500000000004 0.034167
73 0.47125 0.3866665 0.03874999999999995 0.036667000000000005
73 0.47250000000000003 0.4295835 0.03875000000000001 0.035833000000000004
73 0.47250000000000003 0.4729165 0.03875000000000001 0.035833000000000004
73 0.473125 0.344583 0.03750000000000003 0.027500000000000024
73 0.509375 0.47958350000000005 0.034999999999999976 0.029167
73 0.5131249999999999 0.385833 0.03999999999999998 0.044999999999999984
73 0.515625 0.435 0.044999999999999984 0.040000000000000036
73 0.5046875 0.3429165 0.020625000000000004 0.030833
73 0.5346875 0.34125 0.008124999999999938 0.03416600000000003
73 0.55125 0.5358335000000001 0.028750000000000053 0.04166700000000001
73 0.5665625 0.3858335 0.055625000000000036 0.04166700000000001
73 0.556875 0.489167 0.030000000000000027 0.044999999999999984
73 0.5671875 0.442083 0.05062500000000003 0.04249999999999998
73 0.6290625 0.3858335 0.06687500000000002 0.04833299999999996
73 0.6278125 0.44708349999999997 0.06062499999999993 0.04583299999999996
73 0.6296875 0.32999999999999996 0.06062500000000004 0.04999999999999999
73 0.6290625 0.5025000000000001 0.055625000000000036 0.04333400000000004
73 0.7240625 0.325 0.045624999999999916 0.05333399999999999
73 0.7268749999999999 0.38625 0.032500000000000084 0.04416599999999998
73 0.7949999999999999 0.47833349999999997 0.10999999999999999 0.04666699999999996
73 0.836875 0.9145835 0.10375000000000001 0.16916700000000007
73 0.911875 0.93625 0.11375000000000002 0.125834
73 0.9143749999999999 0.3395835 0.04375000000000007 0.030833
73 0.9871875 0.480417 0.024375000000000036 0.1325
73 0.9924999999999999 0.33999999999999997 0.01375000000000004 0.038334000000000035
