73 0.005 0.522083 0.01 0.1225
73 0.043750000000000004 0.338333 0.0825 0.04500000000000004
73 0.0265625 0.5108334999999999 0.023125 0.11333300000000002
73 0.0409375 0.51 0.015625 0.11499999999999999
73 0.1034375 0.5229165 0.10437500000000002 0.07583300000000004
73 0.1584375 0.47625 0.043125 0.10916599999999999
73 0.208125 0.4570835 0.04749999999999999 0.13083299999999998
73 0.9059375000000001 0.8979165 0.10187500000000005 0.07583300000000004
73 0.93875 0.8266665 0.12124999999999997 0.09166700000000005
73 0.9490625 0.7525 0.10062499999999996 0.043334000000000095
