73 0.29593749999999996 0.327861 0.05937500000000001 0.038461999999999996
73 0.3003125 0.371013 0.06812499999999999 0.040337999999999985
73 0.30093749999999997 0.446998 0.06687499999999996 0.04596600000000001
73 0.30937499999999996 0.524859 0.08124999999999999 0.04408999999999996
73 0.303125 0.404784 0.065 0.038461999999999996
73 0.305 0.49108799999999997 0.06625000000000003 0.04596599999999995
73 0.36 0.3625705 0.048750000000000016 0.03846100000000002
73 0.364375 0.326923 0.05499999999999999 0.040337999999999985
73 0.360625 0.401032 0.044999999999999984 0.042213999999999974
73 0.36312500000000003 0.5 0.04250000000000004 0.028141999999999945
73 0.36375 0.431989 0.04375000000000001 0.042213999999999974
73 0.365625 0.4713885 0.04750000000000004 0.04784299999999997
73 0.4459375 0.488274 0.06687500000000002 0.05909999999999993
73 0.443125 0.32692299999999996 0.05625000000000002 0.05159399999999997
73 0.4503125 0.432458 0.03937499999999999 0.060038000000000036
73 0.464375 0.3827395 0.065 0.052532999999999996
73 0.45999999999999996 0.542214 0.04375000000000001 0.06754199999999999
73 0.6125 0.4394935 0.19000000000000006 0.089119
73 0.5334375 0.3818015 0.030625000000000013 0.056284999999999974
73 0.6103125 0.378987 0.17812499999999998 0.065666
73 0.614375 0.3184805 0.18375000000000008 0.05909900000000001
73 0.6196875 0.4939025 0.1831250000000001 0.10975699999999994
73 0.648125 0.5450285 0.14625 0.09568500000000002
73 0.7096875 0.5848964999999999 0.018124999999999947 0.032833
73 0.82125 0.43761700000000003 0.17125 0.11163200000000001
73 0.8206249999999999 0.305816 0.1675000000000001 0.06378999999999996
73 0.8240624999999999 0.49437149999999996 0.17437500000000006 0.14071300000000003
73 0.823125 0.563321 0.16999999999999993 0.17166999999999993
73 0.824375 0.37242 0.16500000000000004 0.08817999999999998
73 0.9540625 0.4502815 0.083125 0.382739
