73 0.01875 0.530208 0.0375 0.08125000000000004
73 0.025 0.41770799999999997 0.05 0.08749999999999997
73 0.0375 0.31770849999999995 0.075 0.060417
73 0.0444445 0.6442705 0.088889 0.10312500000000002
73 0.163889 0.722917 0.327778 0.125
73 0.053472500000000006 0.540104 0.029167000000000005 0.06354199999999999
73 0.173611 0.325521 0.127778 0.08645800000000003
73 0.1881945 0.425521 0.145833 0.09270800000000001
73 0.1875 0.5223960000000001 0.14166599999999996 0.08854200000000001
73 0.1930555 0.628125 0.138889 0.09375
73 0.31875 0.3473955 0.09305599999999997 0.078125
73 0.3125 0.433854 0.066666 0.06770799999999999
73 0.315278 0.608854 0.05277799999999999 0.08020800000000006
73 0.3381945 0.5140625 0.098611 0.078125
73 0.3444445 0.675521 0.06944499999999998 0.07395799999999997
73 0.43333350000000004 0.36979150000000005 0.06666699999999998 0.060417
73 0.43333350000000004 0.44218749999999996 0.06666699999999998 0.06562499999999999
73 0.438889 0.5140625 0.055555999999999994 0.07395900000000005
73 0.447222 0.5817705 0.05277799999999999 0.05312499999999998
73 0.8229165 0.500521 0.0791670000000001 0.057292000000000065
73 0.8243054999999999 0.428125 0.08194500000000005 0.052083999999999964
73 0.8326385000000001 0.5687500000000001 0.07361099999999998 0.04791599999999996
73 0.838889 0.6375 0.08333400000000002 0.060415999999999914
73 0.8340275 0.3359375 0.04861099999999996 0.08645899999999995
73 0.9388890000000001 0.33697900000000003 0.119444 0.06354200000000004
73 0.9444445 0.411979 0.10833300000000001 0.05729200000000001
73 0.9444445 0.49322900000000003 0.10833300000000001 0.06354200000000004
73 0.9465275 0.561979 0.10416700000000001 0.06979200000000008
73 0.946528 0.634896 0.09027799999999997 0.055207999999999924
