73 0.286875 0.499531 0.57375 0.999062
73 0.68375 0.606004 0.053749999999999964 0.786116
73 0.6946875 0.40853649999999997 0.02937499999999993 0.184803
73 0.7390625 0.40197000000000005 0.05937500000000007 0.256098
73 0.7390625 0.1378985 0.05437499999999995 0.275797
73 0.7403125 0.6904315 0.04562500000000003 0.22514100000000004
73 0.816875 0.7847095 0.10375000000000001 0.424953
73 0.8171875 0.39071300000000003 0.09437499999999999 0.329268
73 0.8190625 0.1036585 0.08062499999999995 0.207317
73 0.83125 0.39165099999999997 0.03874999999999995 0.30862999999999996
73 0.9390625 0.6116325 0.12062499999999998 0.444653
73 0.9415625000000001 0.1688555 0.11562499999999998 0.337711
73 0.948125 0.9136960000000001 0.10250000000000004 0.170732
