73 0.2833335 0.93 0.523333 0.135
73 0.130833 0.48500000000000004 0.09499999999999999 0.525
73 0.1133335 0.0725 0.05333300000000002 0.145
73 0.1716665 0.0725 0.063333 0.145
73 0.1641665 0.5 0.038333000000000006 0.5
73 0.20916649999999998 0.4975 0.068333 0.515
73 0.2266665 0.07125 0.053332999999999964 0.1425
73 0.244167 0.5425 0.024999999999999967 0.415
73 0.26416649999999997 0.5237499999999999 0.058333000000000024 0.4625
73 0.29916699999999996 0.0725 0.08500000000000002 0.145
73 0.3191665 0.495 0.07833299999999999 0.52
73 0.3541665 0.51125 0.05166700000000002 0.4875
73 0.3666665 0.07375 0.06666700000000003 0.1475
73 0.4041665 0.515 0.06833299999999998 0.49
73 0.4391665 0.07625 0.06833299999999998 0.1525
73 0.489167 0.4975 0.10499999999999998 0.5299999999999999
73 0.5083335 0.0775 0.09333300000000005 0.155
73 0.5916665 0.51875 0.11666700000000008 0.4525
73 0.5966665 0.07875 0.08666700000000005 0.1575
73 0.6225 0.52875 0.11166599999999993 0.4225
73 0.6591670000000001 0.5275000000000001 0.09500000000000008 0.43000000000000005
73 0.6908335 0.51 0.11166699999999996 0.47500000000000003
73 0.6683335 0.0775 0.05666700000000002 0.155
73 0.806667 0.94 0.28 0.1150000000000001
73 0.7158335 0.0775 0.03833299999999995 0.155
73 0.7391665000000001 0.5325 0.08166700000000005 0.43000000000000005
73 0.7666664999999999 0.53625 0.08333299999999999 0.4275
73 0.7583335 0.07875 0.046667000000000014 0.1575
73 0.7949999999999999 0.53 0.07999999999999996 0.44
73 0.7916665 0.08 0.026666999999999996 0.16
73 0.815 0.0775 0.029999999999999916 0.155
73 0.844167 0.5237499999999999 0.04499999999999993 0.4325
73 0.8466670000000001 0.07875 0.039999999999999925 0.1575
73 0.88 0.53 0.03666600000000009 0.41500000000000004
73 0.876667 0.0775 0.020000000000000018 0.155
73 0.9099999999999999 0.08125 0.046665999999999985 0.1625
73 0.9433335 0.08125 0.046667000000000014 0.1625
