73 0.035625 0.2620395 0.07125 0.10292699999999996
73 0.2771875 0.2067985 0.554375 0.12842299999999998
73 0.3284375 0.677526 0.656875 0.584514
73 0.03937499999999999 0.351275 0.06375 0.086874
73 0.1515625 0.34136 0.12937500000000002 0.06704399999999999
73 0.1521875 0.27101050000000004 0.128125 0.06987700000000002
73 0.1653125 0.8423039999999999 0.07437500000000002 0.2417379999999999
73 0.2565625 0.3541075 0.070625 0.05099100000000001
73 0.2790625 0.408404 0.11562499999999998 0.05760199999999999
73 0.2796875 0.28139749999999997 0.116875 0.07554299999999997
73 0.38875 0.411709 0.10375000000000001 0.073654
73 0.389375 0.273843 0.10249999999999998 0.07931999999999997
73 0.38468749999999996 0.342304 0.09062500000000001 0.06515599999999999
73 0.46499999999999997 0.431539 0.05124999999999996 0.05854599999999999
73 0.4759375 0.309726 0.06812499999999999 0.06610000000000005
73 0.468125 0.370633 0.04749999999999999 0.05948999999999999
73 0.5596875 0.471671 0.150625 0.34844200000000003
