73 0.1975 0.29000000000000004 0.15500000000000003 0.04333400000000004
73 0.199375 0.36125 0.15375 0.08250000000000002
73 0.20124999999999998 0.42958300000000005 0.155 0.1225
73 0.2 0.5062500000000001 0.1475 0.15083400000000002
73 0.22625 0.59125 0.09124999999999997 0.129166
73 0.3825 0.5279165 0.03249999999999997 0.06416700000000003
73 0.3928125 0.41083349999999996 0.05312499999999998 0.06333300000000003
73 0.383125 0.46499999999999997 0.03125 0.05499999999999999
73 0.4553125 0.35375 0.17562499999999998 0.07416600000000001
73 0.4578125 0.27958299999999997 0.17437500000000006 0.06749999999999998
73 0.5325 0.4370835 0.030000000000000027 0.06916699999999998
73 0.710625 0.36 0.15625 0.058334
73 0.7112499999999999 0.5020835 0.15249999999999997 0.07416699999999993
73 0.7165625 0.28416699999999995 0.16062500000000002 0.065
73 0.7168749999999999 0.4295835 0.15374999999999994 0.07083300000000003
73 0.7384375000000001 0.570417 0.09562499999999996 0.07750000000000001
