73 0.496251 0.9240625 0.9297880000000001 0.10062499999999996
73 0.496592 0.7734375 0.866394 0.0943750000000001
73 0.4945465 0.6190625000000001 0.8309470000000001 0.083125
73 0.493865 0.6890624999999999 0.8050440000000001 0.07187500000000002
73 0.507839 0.8434375000000001 0.828902 0.0668749999999999
73 0.493524 0.5309375 0.77846 0.11812499999999998
73 0.488071 0.1440625 0.69666 0.10937500000000001
73 0.4955695 0.2475 0.6857530000000001 0.11124999999999999
73 0.5074985 0.42500000000000004 0.7027950000000001 0.11125000000000002
73 0.5013635 0.3353125 0.678255 0.06812499999999999
73 0.499318 0.0621875 0.6673479999999999 0.058124999999999996
