73 0.0709375 0.9230769999999999 0.12062500000000001 0.08442800000000006
73 0.057499999999999996 0.4404315 0.0425 0.08161299999999999
73 0.0565625 0.33302050000000005 0.035625 0.080675
73 0.08875 0.216229 0.04875 0.09099400000000002
73 0.1225 0.3386495 0.04249999999999998 0.07692299999999996
73 0.1715625 0.9099435 0.131875 0.07317099999999999
73 0.12843749999999998 0.44324600000000003 0.03562499999999999 0.08349000000000001
73 0.17281249999999998 0.9488745000000001 0.12437499999999999 0.055346999999999924
73 0.16062500000000002 0.22045 0.04124999999999998 0.08255200000000001
73 0.1790625 0.335835 0.03687500000000002 0.08255199999999996
73 0.19187500000000002 0.4493435 0.03 0.08255100000000004
73 0.2140625 0.11163200000000001 0.028124999999999983 0.08818
73 0.2140625 0.22701700000000002 0.028124999999999983 0.06941800000000001
73 0.22843750000000002 0.3320825 0.03312499999999999 0.07504699999999997
73 0.2503125 0.4493435 0.038124999999999964 0.07504699999999997
73 0.29125 0.954503 0.12 0.029079999999999995
73 0.294375 0.902908 0.11624999999999999 0.066604
73 0.268125 0.228893 0.03874999999999998 0.08442799999999998
73 0.2834375 0.1116325 0.06437500000000002 0.076923
73 0.3015625 0.022983 0.07437499999999997 0.045966
73 0.29374999999999996 0.34052550000000004 0.03875000000000001 0.080675
73 0.3528125 0.5741085 0.148125 0.11632299999999995
73 0.3034375 0.445122 0.03937499999999999 0.059099999999999986
73 0.326875 0.228893 0.04124999999999995 0.07316999999999999
73 0.35250000000000004 0.3433395 0.048750000000000016 0.08255099999999999
73 0.365 0.46060049999999997 0.04249999999999998 0.08255099999999999
73 0.36343749999999997 0.1163225 0.03687500000000005 0.078799
73 0.39375 0.22889299999999999 0.04625000000000001 0.08817999999999998
73 0.4146875 0.34803 0.03937499999999999 0.08818000000000004
73 0.4284375 0.4577865 0.033125000000000016 0.07692300000000002
73 0.441875 0.1135085 0.044999999999999984 0.084427
73 0.4675 0.2251405 0.05250000000000005 0.09568499999999996
73 0.5396875 0.9212005000000001 0.11562500000000003 0.05816100000000002
73 0.5431250000000001 0.9488745000000001 0.10875000000000001 0.03658499999999998
73 0.63625 0.1116325 0.04499999999999993 0.099437
73 0.659375 0.2345215 0.04500000000000004 0.09193300000000001
73 0.7128125000000001 0.11913649999999999 0.04062500000000002 0.07692299999999999
73 0.7134375 0.347092 0.021874999999999978 0.10131400000000002
73 0.7384375 0.4718575 0.038124999999999964 0.07879899999999995
73 0.748125 0.23968100000000003 0.04249999999999998 0.10600400000000001
73 0.7721875 0.35881799999999997 0.03937500000000005 0.09099399999999996
73 0.79 0.0248595 0.04999999999999993 0.049719
73 0.7940625 0.11819849999999998 0.04937499999999995 0.097561
73 0.8143750000000001 0.4751405 0.04999999999999993 0.09287100000000004
73 0.8228125 0.2396815 0.04062500000000002 0.098499
73 0.85625 0.36538499999999996 0.04125000000000001 0.085366
73 0.88375 0.11913699999999999 0.04749999999999999 0.10318999999999999
73 0.8831249999999999 0.4859285 0.04375000000000007 0.07504700000000003
73 0.9284375 0.2453095 0.08812500000000001 0.098499
73 0.9312499999999999 0.367261 0.03749999999999998 0.08911800000000003
73 0.9421875 0.48592900000000006 0.03562500000000002 0.08255200000000001
73 0.9875 0.37429599999999996 0.02375000000000005 0.08630399999999999
