73 0.0490625 0.4049625 0.098125 0.216293
73 0.0521875 0.164794 0.104375 0.177902
73 0.055 0.6198505000000001 0.11 0.24719100000000005
73 0.2059375 0.09691 0.15937500000000002 0.10393200000000001
73 0.40125 0.1090825 0.1325 0.13576700000000003
73 0.4296875 0.3412925 0.07062500000000005 0.12827699999999997
73 0.42375 0.5140445 0.04125000000000001 0.059925000000000006
73 0.559375 0.3347375 0.15875000000000006 0.145131
73 0.6446875 0.118914 0.329375 0.14045
73 0.681875 0.3338015 0.07000000000000006 0.14325899999999997
73 0.7849999999999999 0.337547 0.04874999999999996 0.143258
