73 0.196875 0.5587500000000001 0.39375 0.129166
73 0.2 0.6370830000000001 0.395 0.12750000000000006
73 0.19999999999999998 0.4866665 0.3875 0.05666700000000002
73 0.1996875 0.71875 0.366875 0.14250000000000007
73 0.205 0.7970835000000001 0.3775 0.17916699999999997
73 0.2128125 0.87125 0.371875 0.17583400000000005
73 0.549375 0.807917 0.35 0.38250000000000006
73 0.5240625 0.515 0.16812500000000002 0.16166599999999992
73 0.6475 0.5137499999999999 0.14625 0.07083399999999995
73 0.645625 0.5845835 0.12125000000000008 0.04916699999999996
