73 0.0853125 0.136064 0.170625 0.272128
73 0.09625 0.48069700000000004 0.1925 0.370056
73 0.1065625 0.8323915 0.213125 0.333333
73 0.27125 0.7212810000000001 0.2225 0.3860640000000001
73 0.315625 0.1120525 0.3075 0.224105
73 0.42125 0.37853099999999995 0.1375 0.212806
73 0.48843749999999997 0.89548 0.06937499999999996 0.207156
73 0.5543750000000001 0.101224 0.19374999999999998 0.202448
73 0.4809375 0.5927495 0.020625000000000004 0.093221
73 0.57875 0.5583805 0.21124999999999994 0.23163900000000004
73 0.575 0.32721300000000003 0.19874999999999993 0.24199600000000002
73 0.5953125 0.7886065 0.18062500000000004 0.24576299999999995
73 0.6203125 0.9453860000000001 0.17937499999999995 0.107344
73 0.708125 0.2857815 0.16749999999999998 0.18926499999999996
73 0.725625 0.4844635 0.16875000000000007 0.200565
73 0.7193750000000001 0.086158 0.15125 0.172316
73 0.7462500000000001 0.6596044999999999 0.14875000000000005 0.198681
73 0.7684375 0.863465 0.109375 0.233522
73 0.7903125 0.9703390000000001 0.06812499999999999 0.05743799999999999
73 0.829375 0.2664785 0.12 0.161959
73 0.82875 0.0927495 0.09125000000000005 0.159133
73 0.8459375 0.423729 0.10812500000000003 0.16384200000000004
73 0.86375 0.7683614999999999 0.10250000000000004 0.165725
73 0.8971875 0.5635595 0.16437500000000005 0.21186499999999997
73 0.9143749999999999 0.8818265000000001 0.15249999999999997 0.23446299999999998
73 0.9137500000000001 0.0875705 0.053750000000000075 0.145009
73 0.931875 0.38512250000000003 0.09000000000000008 0.15630899999999998
73 0.9309375 0.2462335 0.078125 0.14406700000000003
73 0.9478125 0.6694915 0.08062500000000006 0.15442500000000003
