73 0.1859375 0.9114585 0.371875 0.1729170000000001
73 0.192969 0.752083 0.385938 0.1875
73 0.203125 0.559375 0.40625 0.17291600000000001
73 0.2203125 0.4010415 0.184375 0.04791699999999999
73 0.31640650000000003 0.8947915 0.10156300000000001 0.14791699999999997
73 0.44609350000000003 0.5531250000000001 0.05156299999999997 0.04791599999999996
73 0.5523435 0.5427085 0.03906300000000007 0.039583000000000035
73 0.6601565 0.5333335 0.042186999999999975 0.03333300000000006
73 0.7164065 0.5270835 0.029686999999999908 0.033332999999999946
73 0.852344 0.544792 0.18281199999999997 0.15625000000000006
