73 0.6215625 0.43855500000000003 0.024375000000000036 0.021575999999999984
73 0.6265625 0.390713 0.02562500000000001 0.04409000000000002
73 0.646875 0.380863 0.012499999999999956 0.05253200000000002
73 0.6621874999999999 0.390713 0.02312499999999995 0.04033800000000004
73 0.6665625 0.447936 0.024374999999999925 0.040337999999999985
73 0.673125 0.39165099999999997 0.02124999999999999 0.04596600000000001
73 0.72 0.4732645 0.09750000000000003 0.070357
73 0.7403125 0.5520635 0.04562500000000003 0.05909900000000001
73 0.7353125 0.39258899999999997 0.020625000000000004 0.05159399999999997
73 0.7628125 0.39258899999999997 0.034375000000000044 0.06285199999999996
73 0.7878125 0.3954035 0.03562500000000002 0.06848100000000001
73 0.831875 0.575985 0.11624999999999996 0.09193200000000001
73 0.803125 0.47936199999999995 0.05125000000000002 0.07879999999999993
73 0.855 0.4943715 0.04499999999999993 0.06754300000000002
