73 0.6125705 0.6087499999999999 0.08943100000000004 0.15083400000000002
73 0.2970605 0.8958335 0.30644099999999996 0.20666700000000005
73 0.570044 0.849167 0.13571 0.20999999999999996
73 0.787054 0.925 0.12320200000000003 0.14833400000000008
73 0.7845530000000001 0.773333 0.10694199999999998 0.16499999999999992
73 0.865541 0.5916669999999999 0.038774000000000086 0.1050000000000001
73 0.929018 0.72125 0.05566000000000004 0.130834
73 0.929331 0.9879169999999999 0.04753000000000007 0.022500000000000075
73 0.9524705 0.8716665 0.09380900000000003 0.151667
73 0.9749845 0.5575 0.04878099999999996 0.10333400000000004
