73 0.0459375 0.19444450000000002 0.091875 0.336159
73 0.1209375 0.19726950000000001 0.08812500000000001 0.338041
73 0.2059375 0.19397350000000002 0.084375 0.323917
73 0.2721875 0.19067800000000001 0.03687500000000005 0.339924
73 0.30093749999999997 0.1614875 0.03812500000000002 0.274011
73 0.343125 0.15583799999999998 0.04625000000000001 0.258946
73 0.4228125 0.1902075 0.125625 0.293785
73 0.47000000000000003 0.559322 0.13875000000000004 0.301318
73 0.53625 0.18738249999999998 0.15749999999999997 0.329567
73 0.5590625 0.5484935 0.104375 0.33050900000000005
73 0.705625 0.8822975 0.29500000000000004 0.23352099999999998
73 0.7606250000000001 0.1647835 0.3075 0.329567
73 0.6403125000000001 0.5630885 0.06437499999999996 0.33145099999999994
73 0.6815625000000001 0.568738 0.038125000000000075 0.355932
73 0.7962499999999999 0.384181 0.265 0.06403000000000003
73 0.8146875 0.572505 0.23562499999999997 0.31261799999999995
73 0.8940625 0.894068 0.07687500000000003 0.183616
73 0.9634375 0.5560265 0.07187500000000002 0.360641
73 0.97875 0.8987755 0.04125000000000001 0.200565
73 0.9896875 0.628531 0.01937500000000003 0.208098
