73 0.8778125 0.5079875 0.244375 0.31096899999999994
73 0.4065625 0.5197015 0.041874999999999996 0.076677
73 0.44937499999999997 0.686901 0.05124999999999996 0.07880799999999999
73 0.4584375 0.571885 0.059374999999999956 0.07667800000000002
73 0.5675 0.722045 0.26625000000000004 0.18317400000000006
73 0.500625 0.6645365000000001 0.06374999999999997 0.08732700000000004
73 0.505 0.5676255 0.05499999999999999 0.08093700000000004
73 0.5231250000000001 0.5079875 0.039999999999999925 0.02981899999999993
73 0.544375 0.5601705 0.06375000000000008 0.07880700000000007
73 0.5762499999999999 0.531949 0.053750000000000075 0.07774199999999998
73 0.6143749999999999 0.6134185 0.057499999999999996 0.08519699999999997
73 0.615 0.5292865 0.053749999999999964 0.083067
73 0.64625 0.5175715 0.05499999999999994 0.08093699999999998
73 0.6668750000000001 0.5878595 0.057499999999999996 0.08945700000000001
73 0.7037500000000001 0.5798719999999999 0.057499999999999996 0.069222
