73 0.045625 0.3816665 0.09125 0.033333
73 0.04625 0.5125 0.0925 0.04500000000000004
73 0.046875 0.4266665 0.09375 0.036667000000000005
73 0.048125 0.4658335 0.09625 0.05166700000000002
73 0.049375 0.3308335 0.09875 0.05166700000000002
73 0.034375 0.6025 0.06625 0.04166599999999998
73 0.044375000000000005 0.5541665 0.08125 0.04833299999999996
73 0.1325 0.5633330000000001 0.1425 0.10999999999999999
73 0.620625 0.47750000000000004 0.10624999999999996 0.16833400000000004
73 0.70625 0.469167 0.04999999999999993 0.135
73 0.728125 0.45416650000000003 0.023749999999999938 0.11166700000000002
73 0.764375 0.46083300000000005 0.016249999999999987 0.10500000000000004
73 0.7931250000000001 0.46499999999999997 0.028749999999999942 0.09000000000000002
73 0.816875 0.44583300000000003 0.023749999999999938 0.065
