73 0.0896875 0.9733335000000001 0.179375 0.05166700000000002
73 0.0934375 0.3191665 0.186875 0.13166700000000003
73 0.095625 0.48375 0.19125 0.180834
73 0.098125 0.67125 0.19625 0.17083399999999993
73 0.10187500000000001 0.8529165000000001 0.20125 0.17583300000000002
73 0.2803125 0.34375 0.06187500000000001 0.07750000000000001
73 0.2803125 0.4425 0.05687500000000001 0.10166600000000003
73 0.2846875 0.67125 0.05812499999999998 0.11583399999999999
73 0.2859375 0.5533334999999999 0.05812499999999998 0.09666699999999995
73 0.2934375 0.785 0.05812499999999998 0.11166600000000004
73 0.3515625 0.4304165 0.024375000000000036 0.07416700000000004
73 0.3525 0.3504165 0.026249999999999996 0.06916700000000003
73 0.35562499999999997 0.672917 0.02999999999999997 0.08750000000000002
73 0.3528125 0.5945835 0.021875000000000033 0.07916699999999999
73 0.354375 0.510417 0.025000000000000022 0.08250000000000002
73 0.40218750000000003 0.4870835 0.050624999999999976 0.31583300000000003
73 0.43781250000000005 0.4629165 0.023125000000000007 0.030833
73 0.4390625 0.40625 0.023125000000000007 0.02083400000000002
73 0.4365625 0.49208300000000005 0.015625 0.02250000000000002
73 0.4390625 0.4329165 0.020625000000000004 0.025832999999999995
73 0.4396875 0.3770835 0.021874999999999978 0.030833
73 0.5571875 0.4895835 0.045624999999999916 0.32083300000000003
73 0.5990625 0.59125 0.018125000000000058 0.07583400000000007
73 0.6015625 0.6745835 0.020624999999999893 0.08083299999999993
73 0.6021875000000001 0.5062500000000001 0.021874999999999978 0.08750000000000002
73 0.6021875 0.3545835 0.01937499999999992 0.060833000000000026
73 0.6028125 0.42874999999999996 0.020625000000000004 0.07416600000000001
73 0.6521875 0.5645830000000001 0.046875 0.13249999999999995
73 0.6521875 0.6875 0.046875 0.10666599999999993
73 0.653125 0.79125 0.04125000000000001 0.08916600000000008
73 0.6553125 0.445 0.04562500000000003 0.10666600000000004
73 0.6559375 0.34125 0.046875 0.08250000000000002
73 0.7934375 0.977917 0.16937500000000005 0.04249999999999998
73 0.79875 0.84875 0.16625 0.17416600000000004
73 0.8034375 0.6654165000000001 0.17312499999999997 0.17916699999999997
73 0.8071875 0.47875 0.17562500000000003 0.1775
73 0.8103125 0.30624999999999997 0.16937500000000005 0.13916599999999998
