73 0.0507355 0.4463085 0.101471 0.255033
73 0.0514705 0.7701344999999999 0.102941 0.2583890000000001
73 0.055147 0.1291945 0.110294 0.258389
73 0.2610295 0.129195 0.17205900000000002 0.25167799999999996
73 0.2566175 0.7802015 0.14852900000000002 0.24496699999999993
73 0.222059 0.479866 0.07058800000000001 0.20805400000000002
73 0.298529 0.4580535 0.08529399999999998 0.26510100000000003
73 0.505147 0.4513425 0.22205799999999992 0.278523
73 0.4897055 0.7986575 0.16764699999999993 0.261745
73 0.514706 0.147651 0.211764 0.248322
73 0.8470584999999999 0.498322 0.302941 0.996644
