73 0.0325 0.5820835 0.0525 0.450833
73 0.068125 0.61875 0.0625 0.490834
73 0.101875 0.6129165000000001 0.041249999999999995 0.489167
73 0.1403125 0.535417 0.06187500000000001 0.6575
73 0.18375000000000002 0.5433335 0.0325 0.631667
73 0.2496875 0.4979165 0.05062500000000003 0.754167
73 0.298125 0.4954165 0.03624999999999995 0.749167
73 0.3365625 0.4779165 0.06187500000000001 0.784167
73 0.3859375 0.4725 0.06687500000000002 0.786666
73 0.43999999999999995 0.4616665 0.065 0.7783329999999999
73 0.443125 0.50625 0.03749999999999998 0.785834
73 0.5271875 0.4570835 0.12312499999999998 0.8558330000000001
73 0.5659375 0.5183335 0.06812499999999999 0.713333
73 0.6446875 0.4820835 0.06562500000000004 0.7791669999999999
73 0.6978125 0.5741665 0.08437499999999998 0.608333
73 0.764375 0.5758335 0.07250000000000001 0.6566670000000001
73 0.8496874999999999 0.605 0.10187500000000005 0.533334
73 0.9303125000000001 0.6129165 0.05312499999999998 0.585833
