73 0.1048235 0.118421 0.209647 0.236842
73 0.1057515 0.26052600000000004 0.211503 0.22631600000000002
73 0.1057515 0.464474 0.211503 0.376316
73 0.1076065 0.748684 0.215213 0.49736800000000003
73 0.1113175 0.6671054999999999 0.222635 0.634211
73 0.2903525 0.222368 0.050093 0.11315800000000001
73 0.45825650000000007 0.0526315 0.14842300000000003 0.105263
73 0.4638215 0.260526 0.09647500000000003 0.136842
73 0.4703155 0.130263 0.09461900000000001 0.160526
73 0.478664 0.755263 0.07421199999999994 0.152632
73 0.47959150000000006 0.5039475 0.06493500000000002 0.14473700000000006
73 0.4851575 0.6592105 0.06493500000000002 0.16578899999999996
73 0.572356 0.9026315 0.15769999999999995 0.189473
73 0.5324675 0.5657895000000001 0.07050099999999992 0.17894700000000002
73 0.562152 0.4263155 0.11502800000000002 0.19473700000000005
73 0.54731 0.2657895 0.08163200000000004 0.168421
73 0.5751394999999999 0.0894735 0.111317 0.178947
73 0.5630795 0.7486845 0.07977699999999999 0.21842099999999998
73 0.593692 0.6355265 0.06308000000000002 0.228947
73 0.6493504999999999 0.268421 0.14471299999999998 0.20526400000000003
73 0.6178105 0.839474 0.07050100000000004 0.22631600000000007
73 0.67718 0.4789475 0.1558440000000001 0.22105300000000006
73 0.6558444999999999 0.6907895 0.09090900000000002 0.2289469999999999
73 0.690167 0.081579 0.12987000000000004 0.163158
73 0.734694 0.7539475 0.07421200000000006 0.281579
73 0.7634505 0.9460525 0.09090900000000002 0.10263100000000003
73 0.8608534999999999 0.2960525 0.2745829999999999 0.328947
73 0.8710575 0.6355265 0.25417499999999993 0.43421099999999996
73 0.8738405 0.051316 0.24860899999999997 0.102632
73 0.844156 0.853947 0.18181800000000004 0.28684200000000004
73 0.9285715 0.9039470000000001 0.1391469999999999 0.18684200000000006
