73 0.06718750000000001 0.544395 0.068125 0.10987800000000003
73 0.1334375 0.009434 0.06937499999999999 0.018868
73 0.185 0.12153150000000001 0.15749999999999997 0.140955
73 0.186875 0.3146505 0.15625 0.14095500000000002
73 0.146875 0.49445100000000003 0.05500000000000001 0.10987800000000003
73 0.2896875 0.667592 0.228125 0.345172
73 0.228125 0.019423 0.06624999999999998 0.038846
73 0.2746875 0.016093 0.014374999999999971 0.032186
73 0.286875 0.324639 0.03875000000000001 0.10765800000000003
73 0.28718750000000004 0.1337405 0.033125000000000016 0.11653700000000002
73 0.3496875 0.307436 0.03562500000000002 0.10876799999999998
