73 0.4859375 0.5758845 0.09312499999999996 0.274675
73 0.4859375 0.8161080000000001 0.08312499999999995 0.1685279999999999
73 0.725625 0.676443 0.5475 0.6452519999999999
73 0.52125 0.3035385 0.08499999999999996 0.23836100000000002
73 0.5975 0.518622 0.10624999999999996 0.29795200000000005
73 0.59625 0.767225 0.09625000000000006 0.24580999999999997
73 0.675625 0.761639 0.0625 0.16946000000000006
73 0.7078125 0.47067000000000003 0.11937500000000001 0.12197400000000003
73 0.7121875 0.6243015000000001 0.08437499999999998 0.19273700000000005
73 0.6975 0.766294 0.03750000000000009 0.091248
73 0.7424999999999999 0.3510245 0.10875000000000001 0.143389
73 0.745 0.2318435 0.1087499999999999 0.130353
73 0.7584375 0.07169450000000001 0.12812500000000004 0.11918100000000001
