73 0.085625 0.3874295 0.17125 0.294559
73 0.140625 0.7227955 0.28125 0.331145
73 0.44125 0.9474670000000001 0.8825 0.10319
73 0.09406250000000001 0.110694 0.178125 0.221388
73 0.241875 0.4394935 0.11749999999999997 0.17917500000000003
73 0.24 0.7331145 0.04125000000000001 0.2936209999999999
73 0.34187500000000004 0.7471855000000001 0.09749999999999998 0.2673549999999999
73 0.961875 0.0257975 0.07500000000000007 0.051595
73 0.9734375 0.8832085000000001 0.051875000000000004 0.231707
73 0.9762500000000001 0.262664 0.04625000000000001 0.298312
73 0.97875 0.5914635 0.04125000000000001 0.274859
