73 0.0565345 0.39916850000000004 0.113069 0.40332700000000005
73 0.12995600000000002 0.39812899999999996 0.022026000000000018 0.33056199999999997
73 0.152717 0.1320165 0.06167399999999999 0.106029
73 0.157856 0.2671515 0.04552200000000001 0.10602900000000001
73 0.164464 0.390852 0.05873800000000001 0.10810800000000004
73 0.1732745 0.5010395 0.05580099999999999 0.11642499999999995
73 0.1842875 0.6237010000000001 0.051394999999999996 0.09979199999999999
73 0.223935 0.162162 0.05433200000000002 0.10395
73 0.232012 0.3898125 0.06167400000000001 0.093555
73 0.22834100000000002 0.2817045 0.04845800000000003 0.089397
73 0.2342145 0.49896050000000003 0.060205000000000036 0.10810900000000001
73 0.24596200000000001 0.600832 0.03964800000000002 0.091476
73 0.2723935 0.1798335 0.05433100000000002 0.097713
73 0.2819385 0.29106 0.04405300000000001 0.09147599999999997
73 0.28854599999999997 0.388773 0.04258400000000001 0.08316000000000001
73 0.2973565 0.48544699999999996 0.05726899999999996 0.08939800000000003
73 0.297357 0.5893975 0.033774000000000026 0.07692299999999996
73 0.328928 0.20997899999999997 0.049926000000000026 0.08315999999999998
73 0.33333349999999995 0.3066525 0.049927 0.08523900000000001
73 0.332599 0.39501 0.033774000000000026 0.09563400000000005
73 0.335536 0.48128899999999997 0.03377399999999997 0.08108200000000004
73 0.3406755 0.569647 0.03524299999999997 0.07484400000000002
73 0.363436 0.313929 0.036709999999999965 0.07484400000000002
73 0.36710750000000003 0.3981285 0.03817900000000002 0.08108099999999996
73 0.373715 0.4792095 0.04258400000000001 0.060290999999999983
73 0.37004400000000004 0.2255715 0.029368000000000005 0.07692300000000002
73 0.376652 0.5561335000000001 0.033774000000000026 0.06860699999999997
73 0.396476 0.239085 0.035241999999999996 0.07900199999999999
73 0.4001465 0.31704750000000004 0.030837000000000003 0.06860700000000003
73 0.4045525 0.3918915 0.030837000000000003 0.06444899999999998
73 0.4052865 0.470894 0.02936899999999998 0.072766
73 0.409692 0.546778 0.02643200000000001 0.062370000000000037
73 0.4229075 0.328482 0.023494999999999988 0.062370000000000037
73 0.4258445 0.24740099999999998 0.026430999999999982 0.070686
73 0.4324525 0.465696 0.02202700000000002 0.062370000000000037
73 0.434655 0.39501 0.02643200000000001 0.049895999999999996
73 0.43612300000000004 0.5353435 0.02055800000000002 0.060290999999999983
73 0.5102789999999999 0.3991685 0.10719599999999996 0.26611299999999993
73 0.5976505 0.4054055 0.049927000000000055 0.17879499999999998
73 0.7048460000000001 0.5997925 0.05579999999999996 0.09355499999999994
73 0.7085165 0.4885655 0.05139500000000008 0.07900299999999993
73 0.7151244999999999 0.3856545 0.038179000000000074 0.097713
73 0.7723935 0.6039505000000001 0.05580099999999999 0.11018699999999992
73 0.7731275 0.49792100000000006 0.045521000000000034 0.08524000000000004
73 0.778267 0.382536 0.035241999999999996 0.091476
73 0.8355360000000001 0.611227 0.05873800000000007 0.095634
73 0.839941 0.5010395000000001 0.046989999999999976 0.08731900000000004
73 0.8443465 0.3814965 0.052863000000000104 0.089397
73 0.9067545 0.617464 0.066079 0.10394999999999999
73 0.9192365 0.49896050000000003 0.05286299999999999 0.09979300000000002
73 0.9662265 0.6205825 0.06461099999999997 0.11850300000000002
73 0.982379 0.376299 0.032305999999999946 0.095634
73 0.9831135 0.5010395 0.030837000000000003 0.09979299999999997
