73 0.0316405 0.3526045 0.063281 0.07187500000000002
73 0.032422 0.034375 0.064844 0.06875
73 0.0328125 0.1953125 0.065625 0.08020899999999997
73 0.1171875 0.188542 0.10312500000000001 0.09375
73 0.11601550000000001 0.3510415 0.094531 0.091667
73 0.123828 0.038021 0.086718 0.076042
73 0.21914050000000002 0.196875 0.09765700000000002 0.0625
73 0.2214845 0.35 0.09453099999999998 0.08333399999999996
73 0.2296875 0.040625 0.093751 0.08125
73 0.332422 0.19895849999999998 0.08984400000000003 0.066667
73 0.332422 0.353125 0.08984400000000003 0.08333399999999996
73 0.3347655 0.038021 0.09453100000000003 0.076042
73 0.435547 0.3572915 0.09140599999999999 0.07291700000000001
73 0.4375 0.1953125 0.09531199999999995 0.08020899999999997
73 0.4429685 0.036979 0.09218700000000002 0.073958
73 0.6195315 0.722917 0.109375 0.03125
