73 0.069 0.2848575 0.138 0.10194900000000001
73 0.1125 0.4227885 0.05100000000000002 0.11094500000000002
73 0.2205 0.26012 0.16499999999999998 0.10344800000000001
73 0.23099999999999998 0.3613195 0.166 0.077961
73 0.22949999999999998 0.452024 0.157 0.08245799999999998
73 0.23049999999999998 0.5412295 0.159 0.086957
73 0.277 0.5967015 0.07600000000000001 0.03898099999999993
73 0.367 0.30359800000000003 0.11399999999999999 0.06446800000000003
73 0.367 0.44977500000000004 0.11399999999999999 0.05997000000000002
73 0.367 0.517991 0.11399999999999999 0.07946000000000003
73 0.369 0.3665665 0.11599999999999999 0.070465
73 0.3685 0.5907045 0.10299999999999998 0.065967
73 0.4205 0.791604 0.139 0.131934
73 0.4385 0.5269865 0.031000000000000028 0.08545699999999995
73 0.716 0.7451274999999999 0.08199999999999996 0.14992499999999997
