73 0.07656249999999999 0.232896 0.141875 0.10403000000000004
73 0.063125 0.358013 0.1 0.09184600000000004
73 0.0575 0.4779755 0.045 0.09372099999999994
73 0.1009375 0.576851 0.08562499999999998 0.08528599999999997
73 0.12031249999999999 0.6757265 0.119375 0.09372099999999994
73 0.12843749999999998 0.3856605 0.03562499999999999 0.017807000000000017
73 0.16 0.2675725 0.04749999999999999 0.03467700000000001
73 0.21375 0.45876300000000003 0.1425 0.04404800000000003
73 0.2046875 0.23711300000000002 0.046875 0.07310200000000003
73 0.245 0.664011 0.012499999999999983 0.0403
73 0.31875 0.243674 0.11874999999999997 0.08997200000000002
73 0.2975 0.32708550000000003 0.03375 0.043110999999999955
73 0.3153125 0.6316775 0.02562500000000001 0.07122699999999993
73 0.3596875 0.531865 0.109375 0.09091000000000005
73 0.36875 0.3383315 0.09375 0.069353
73 0.3859375 0.43486400000000003 0.07437499999999997 0.08434800000000003
73 0.39875 0.2558575 0.04874999999999996 0.05810700000000002
73 0.4575 0.4301785 0.05375000000000002 0.086223
73 0.448125 0.34536100000000003 0.03249999999999997 0.07966199999999996
73 0.468125 0.252109 0.058750000000000024 0.07310200000000003
73 0.4846875 0.50328 0.09187500000000004 0.07122799999999996
73 0.541875 0.4920335 0.04499999999999993 0.06560499999999997
73 0.5475000000000001 0.41612000000000005 0.04625000000000001 0.07872600000000002
73 0.5843750000000001 0.3355205 0.10750000000000004 0.08622300000000005
73 0.5953125 0.2558575 0.08562500000000006 0.07685100000000003
73 0.6012500000000001 0.5117155 0.06375000000000008 0.076851
73 0.5890625 0.4264295 0.03437499999999993 0.07872499999999999
73 0.6659375 0.6602625 0.09812500000000002 0.12089899999999998
73 0.6340625 0.556701 0.026874999999999982 0.05623200000000006
73 0.6984375 0.3542645 0.135625 0.08809699999999998
73 0.669375 0.5384255 0.05625000000000002 0.08528500000000006
73 0.700625 0.46907200000000004 0.1137499999999999 0.11527599999999999
73 0.6990624999999999 0.243205 0.08562499999999995 0.10215600000000002
73 0.69875 0.5759135 0.03875000000000006 0.09090900000000002
73 0.781875 0.403936 0.08499999999999996 0.04686000000000001
73 0.775625 0.5224930000000001 0.053749999999999964 0.044047999999999976
73 0.830625 0.770853 0.09249999999999992 0.08903400000000006
73 0.8275 0.525305 0.0625 0.10403000000000007
73 0.8415625 0.6443300000000001 0.083125 0.11152799999999996
73 0.8428125 0.238519 0.08062500000000006 0.11152800000000002
73 0.8640625 0.37910049999999995 0.08687499999999992 0.11902499999999999
73 0.9284375 0.5557635 0.14187499999999997 0.14995299999999995
73 0.9393750000000001 0.2249295 0.11249999999999993 0.13870700000000002
73 0.906875 0.39831300000000003 0.03125 0.06747799999999998
