73 0.1003125 0.26666650000000003 0.130625 0.10166700000000001
73 0.4653125 0.43125 0.839375 0.23083400000000004
73 0.10718749999999999 0.12291650000000001 0.090625 0.08916700000000001
73 0.24874999999999997 0.116667 0.12999999999999998 0.095
73 0.2675 0.25375000000000003 0.15000000000000002 0.09583400000000003
73 0.42374999999999996 0.11750000000000001 0.12625000000000003 0.10666600000000001
73 0.43406249999999996 0.24583300000000002 0.14687499999999998 0.11500000000000002
73 0.6040625 0.257083 0.140625 0.11749999999999997
73 0.6131249999999999 0.113333 0.15125 0.095
73 0.5903125 0.322083 0.08187500000000003 0.017500000000000016
73 0.7990625 0.11916650000000001 0.166875 0.10333300000000001
73 0.7975 0.26416649999999997 0.15874999999999995 0.096667
73 0.9784375000000001 0.2708335 0.041874999999999996 0.358333
