73 0.22875 0.0374885 0.15000000000000002 0.074977
73 0.249375 0.141518 0.15000000000000002 0.14433
73 0.356875 0.016401 0.08875 0.032802
73 0.3628125 0.0702905 0.08687499999999998 0.067479
73 0.3684375 0.14433 0.085625 0.061855999999999994
73 0.38125 0.21930650000000002 0.08124999999999999 0.07685100000000003
73 0.45625000000000004 0.0337395 0.09500000000000003 0.067479
73 0.4678125 0.12699149999999998 0.09437499999999999 0.10777899999999999
73 0.47281249999999997 0.22399249999999998 0.08937499999999998 0.08622300000000002
73 0.5740625 0.0243675 0.06687500000000002 0.048735
73 0.5753125 0.1059045 0.06687500000000002 0.08809700000000001
73 0.5759375 0.20993450000000002 0.06312499999999999 0.09559500000000001
73 0.6515625 0.1237115 0.06562499999999993 0.078725
73 0.6481250000000001 0.220244 0.05625000000000002 0.0806
73 0.6534375 0.026242 0.0618749999999999 0.052484
73 0.6846875 0.22774149999999999 0.01187500000000008 0.08809699999999998
73 0.7246875 0.1255855 0.078125 0.09372099999999998
73 0.7296875 0.028116 0.08062500000000006 0.056232
73 0.724375 0.2310215 0.0625 0.105905
