73 0.0274165 0.1525 0.054833 0.13374999999999998
73 0.0641265 0.4190625 0.128253 0.11312500000000003
73 0.0655205 0.30625 0.131041 0.10625000000000001
73 0.0669145 0.7606250000000001 0.133829 0.09875
73 0.070632 0.5309375000000001 0.141264 0.10062500000000002
73 0.070632 0.6503125000000001 0.141264 0.104375
73 0.119424 0.138125 0.155204 0.04249999999999998
73 0.2239775 0.5378125 0.165427 0.11437499999999995
73 0.22258350000000002 0.42781250000000004 0.157063 0.09562500000000002
73 0.22769499999999998 0.653125 0.16171 0.11625000000000008
73 0.24070599999999998 0.7659374999999999 0.13197 0.09187500000000004
73 0.2286245 0.3228125 0.029738999999999988 0.073125
73 0.39544599999999996 0.6684375 0.18308600000000003 0.078125
73 0.41589200000000004 0.423125 0.22397800000000007 0.10749999999999998
73 0.39405199999999996 0.30562500000000004 0.171004 0.09749999999999998
73 0.3977695 0.765625 0.15799300000000005 0.10250000000000004
73 0.39405199999999996 0.5196875000000001 0.13940599999999997 0.08187500000000003
73 0.531134 0.6709375 0.10873599999999994 0.06687500000000002
73 0.5492565 0.769375 0.14498100000000003 0.10250000000000004
