73 0.042969 0.18854150000000003 0.085938 0.23958300000000002
73 0.044531 0.8708335 0.089062 0.25416700000000003
73 0.0453125 0.034375 0.090625 0.064584
73 0.065625 0.5208335 0.13125 0.25833300000000003
73 0.1359375 0.2 0.140625 0.225
73 0.165625 0.040625 0.17187599999999997 0.08125
73 0.140625 0.8645835 0.115624 0.2666670000000001
73 0.1820315 0.5166665 0.11093699999999998 0.258333
73 0.25390650000000003 0.85 0.10781299999999999 0.25
73 0.339844 0.22291650000000002 0.270312 0.20416700000000002
73 0.2945315 0.5343749999999999 0.11093699999999998 0.24791599999999997
73 0.372656 0.0520835 0.25781199999999993 0.104167
73 0.352344 0.8354165 0.09843800000000003 0.208333
73 0.6273434999999999 0.246875 0.31093699999999996 0.21875
73 0.6328125 0.0625 0.265625 0.125
73 0.697656 0.81875 0.1390619999999999 0.14583400000000002
73 0.7414065000000001 0.540625 0.14843700000000004 0.264584
73 0.880469 0.0770835 0.2328119999999999 0.154167
73 0.8398435 0.8291664999999999 0.14843700000000004 0.15833299999999995
73 0.885938 0.2604165 0.2250000000000001 0.204167
73 0.9070315 0.553125 0.182813 0.23958399999999996
73 0.95625 0.846875 0.084376 0.18541599999999991
