73 0.093262 0.260246 0.073242 0.19535600000000003
73 0.0932615 0.0519125 0.061522999999999994 0.103825
73 0.09912099999999999 0.9549179999999999 0.069336 0.08743200000000007
73 0.097168 0.7322405000000001 0.06347599999999999 0.17759500000000006
73 0.098633 0.4931695 0.066406 0.22131099999999992
73 0.19775399999999999 0.090847 0.034180000000000016 0.13797800000000002
73 0.19726549999999998 0.1789615 0.02929699999999999 0.128415
73 0.7167969999999999 0.7848360000000001 0.013672000000000017 0.14344199999999996
73 0.7221679999999999 0.1386615 0.024414000000000047 0.12704900000000002
73 0.7226565 0.6325135 0.02343700000000004 0.12021899999999996
73 0.71875 0.284836 0.013671999999999906 0.121584
73 0.7207030000000001 0.45150250000000003 0.017577999999999983 0.14890699999999996
73 0.774414 0.1400275 0.02929599999999999 0.146175
73 0.78125 0.49590199999999995 0.03906199999999993 0.06557399999999997
73 0.779785 0.805328 0.03417999999999999 0.18442599999999998
73 0.78418 0.262978 0.035155999999999965 0.09153
73 0.7856445 0.6065575000000001 0.032227000000000006 0.16393500000000005
73 0.7910155 0.375683 0.042969000000000035 0.144808
73 0.7963865 0.137295 0.0126949999999999 0.15164
73 0.8862300000000001 0.8551915 0.06933599999999995 0.03551900000000008
73 0.890137 0.508197 0.07324199999999992 0.17759600000000003
73 0.8881835 0.930328 0.06542899999999996 0.13661200000000007
73 0.8886715000000001 0.731557 0.06445299999999998 0.18169400000000002
73 0.8691405 0.262295 0.02343699999999993 0.18579199999999998
73 0.8940429999999999 0.056011 0.06738199999999994 0.112022
73 0.9038085 0.2663935 0.04589900000000002 0.18579299999999999
