73 0.059375 0.8083335 0.11875 0.208333
73 0.075 0.371875 0.15 0.214584
73 0.0773435 0.621875 0.154687 0.17708400000000002
73 0.091406 0.189583 0.16718799999999998 0.13749999999999998
73 0.171094 0.1145835 0.30781200000000003 0.229167
73 0.1273435 0.873958 0.173437 0.15625
73 0.180469 0.76875 0.145312 0.11666600000000005
73 0.22265649999999998 0.3979165 0.154687 0.19166700000000003
73 0.24218800000000001 0.6895834999999999 0.1625 0.08333299999999999
73 0.24375049999999998 0.582292 0.10937499999999997 0.15625
73 0.41484350000000003 0.8239585 0.429687 0.21041699999999997
73 0.47812499999999997 0.373958 0.31875 0.19374999999999998
73 0.482031 0.607292 0.32343800000000006 0.21875000000000006
73 0.39765649999999997 0.4552085 0.14843699999999999 0.05208299999999999
73 0.48125 0.140625 0.309376 0.210416
73 0.542188 0.8927085 0.15625 0.12291699999999994
