73 0.11375 0.8579165 0.2275 0.12416700000000003
73 0.0665625 0.27125 0.106875 0.119166
73 0.053125 0.0225 0.0775 0.045
73 0.0590625 0.12125 0.089375 0.1325
73 0.0684375 0.6683334999999999 0.103125 0.10333300000000001
73 0.074375 0.545833 0.11249999999999999 0.14500000000000002
73 0.076875 0.40208350000000004 0.10749999999999998 0.12916699999999998
73 0.149375 0.742083 0.14125 0.0824999999999999
73 0.20687499999999998 0.155 0.10374999999999998 0.09000000000000001
73 0.211875 0.0466665 0.11125000000000002 0.093333
73 0.24375000000000002 0.2420835 0.047500000000000014 0.015833000000000014
73 0.34062499999999996 0.6966665000000001 0.10749999999999998 0.043332999999999955
73 0.39593750000000005 0.0466665 0.174375 0.093333
73 0.38375000000000004 0.6375 0.1375 0.10999999999999999
73 0.38125 0.5183335 0.12874999999999998 0.11333299999999996
73 0.36 0.285 0.08374999999999999 0.091666
73 0.37875000000000003 0.15166649999999998 0.12125000000000002 0.10666699999999998
73 0.38968749999999996 0.3995835 0.143125 0.11083300000000001
73 0.5634375 0.14708349999999998 0.09812500000000002 0.119167
73 0.5828125 0.0395835 0.13687499999999997 0.079167
73 0.5790625 0.242917 0.05687500000000001 0.03749999999999998
73 0.7906249999999999 0.5479165 0.11124999999999996 0.12416699999999997
73 0.79125 0.287083 0.10999999999999999 0.1225
73 0.7996875 0.42375 0.11312499999999992 0.124166
73 0.805625 0.150833 0.12 0.11499999999999999
73 0.8196874999999999 0.6854169999999999 0.145625 0.12750000000000006
73 0.8165625000000001 0.0379165 0.13687499999999997 0.075833
73 0.8665625 0.4295835 0.018124999999999947 0.100833
73 0.9778125 0.7045835 0.04312499999999997 0.12083299999999997
73 0.9803125 0.8404164999999999 0.038124999999999964 0.11416700000000002
73 0.9853125 0.56375 0.028125000000000067 0.125834
73 0.98875 0.3058335 0.02124999999999999 0.091667
73 0.98875 0.42541700000000005 0.02124999999999999 0.1175
73 0.9918750000000001 0.0370835 0.015000000000000013 0.074167
73 0.9918750000000001 0.15666650000000001 0.015000000000000013 0.09333300000000001
