73 0.023125 0.18011300000000002 0.04625 0.08818000000000001
73 0.0278125 0.0727015 0.055625 0.096623
73 0.0134375 0.4005625 0.025625 0.099437
73 0.0221875 0.7021575 0.043125 0.11163299999999998
73 0.0325 0.012195 0.06375 0.02439
73 0.017812500000000002 0.5051595 0.031875 0.09474700000000003
73 0.0190625 0.610225 0.034374999999999996 0.10787999999999998
73 0.035625000000000004 0.294559 0.0625 0.08817999999999998
73 0.146875 0.197467 0.10375000000000001 0.085366
73 0.165 0.096623 0.1325 0.08630400000000002
73 0.1690625 0.022045 0.131875 0.04409
73 0.13874999999999998 0.300188 0.046249999999999986 0.08630399999999999
73 0.169375 0.39962450000000005 0.09250000000000001 0.080675
73 0.161875 0.5009385 0.05124999999999999 0.07692299999999996
73 0.29125 0.4924955 0.06625000000000003 0.09380899999999998
73 0.2828125 0.5881799999999999 0.046875 0.08818000000000004
73 0.290625 0.2012195 0.05499999999999999 0.10037499999999999
73 0.291875 0.40431550000000005 0.057499999999999996 0.07879900000000001
73 0.3040625 0.10694200000000001 0.08187499999999998 0.08818
73 0.318125 0.030488 0.10749999999999998 0.060976
73 0.4178125 0.5698875 0.020625000000000004 0.055347000000000035
73 0.44156249999999997 0.492495 0.06812500000000005 0.08630399999999999
73 0.45749999999999996 0.12054400000000001 0.09999999999999998 0.08536600000000001
73 0.45406250000000004 0.403377 0.08437500000000003 0.08817999999999998
73 0.44937499999999997 0.217636 0.07 0.08255199999999999
73 0.45343750000000005 0.033302 0.070625 0.066604
73 0.4540625 0.30909949999999997 0.020625000000000004 0.089119
73 0.5653125 0.878987 0.11562500000000009 0.065666
73 0.5665625000000001 0.79409 0.09187500000000004 0.042213999999999974
73 0.5640624999999999 0.6702625 0.08187500000000003 0.03658499999999998
73 0.6018749999999999 0.32270200000000004 0.09875 0.084428
73 0.603125 0.227017 0.10125000000000006 0.08630399999999999
73 0.6056250000000001 0.1388365 0.09625000000000006 0.07879900000000001
73 0.6018749999999999 0.0403375 0.08625000000000005 0.080675
73 0.6781250000000001 0.118668 0.04625000000000001 0.081614
73 0.7306250000000001 0.0379925 0.14875000000000005 0.075985
73 0.7268749999999999 0.101313 0.053750000000000075 0.08818000000000001
73 0.7909375 0.6669795000000001 0.11062499999999997 0.135085
73 0.788125 0.5642585 0.09499999999999997 0.12101300000000004
73 0.7921875 0.20590999999999998 0.08687499999999992 0.10225199999999998
73 0.7928125 0.4394935 0.08812500000000001 0.11913699999999999
73 0.8625 0.9530955 0.22749999999999992 0.09193300000000004
73 0.7921875 0.32833 0.08437499999999998 0.11069400000000001
73 0.7984375 0.0914635 0.08937499999999998 0.11538500000000002
73 0.906875 0.32364 0.14500000000000002 0.133208
73 0.8928125 0.6899625 0.114375 0.11163299999999998
73 0.889375 0.587242 0.10499999999999998 0.14071200000000006
73 0.9059375000000001 0.457317 0.13312500000000005 0.13789800000000002
73 0.9021874999999999 0.181051 0.12312500000000004 0.133208
73 0.911875 0.0595685 0.11624999999999996 0.119137
73 0.989375 0.4906195 0.020000000000000018 0.09756100000000001
73 0.9906250000000001 0.3227015 0.01749999999999996 0.13883700000000004
73 0.994375 0.1688555 0.010000000000000009 0.14258900000000002
