73 0.18625 0.459583 0.14875 0.22250000000000003
73 0.189375 0.631667 0.14250000000000002 0.30499999999999994
73 0.3225 0.3079165 0.20124999999999998 0.22916699999999998
73 0.3546875 0.7625 0.24562499999999998 0.38333399999999995
73 0.3328125 0.5091665000000001 0.173125 0.208333
73 0.46062499999999995 0.3329165 0.23999999999999994 0.22083299999999997
73 0.44937499999999997 0.459583 0.18749999999999994 0.2975
73 0.49906249999999996 0.72125 0.13687500000000002 0.2875
73 0.51625 0.4404165 0.12375000000000003 0.22916700000000007
73 0.5684374999999999 0.2079165 0.208125 0.21583299999999997
73 0.59875 0.7245835 0.24499999999999994 0.3158329999999999
73 0.561875 0.1225 0.10250000000000004 0.041665999999999995
73 0.6453125 0.41541700000000004 0.14187500000000008 0.2725
73 0.6875 0.73125 0.11499999999999999 0.3358340000000001
73 0.775625 0.6754169999999999 0.22249999999999992 0.3275
73 0.75125 0.32166649999999997 0.15000000000000002 0.143333
73 0.7659374999999999 0.43375 0.125625 0.18083400000000005
73 0.850625 0.4783335 0.26125 0.17666700000000002
73 0.8928125 0.5479164999999999 0.176875 0.334167
