73 0.263125 0.29813100000000003 0.49874999999999997 0.15701000000000004
73 0.2565625 0.7070095000000001 0.226875 0.18598100000000006
73 0.21437499999999998 0.5135514999999999 0.08125000000000002 0.13925299999999996
73 0.2721875 0.525234 0.070625 0.12897200000000003
73 0.32125000000000004 0.507944 0.09000000000000002 0.12803799999999999
73 0.6359375 0.3523365 0.10062500000000008 0.07476700000000003
73 0.6371875 0.43084100000000003 0.09812500000000002 0.07850399999999996
73 0.7653125000000001 0.2570095 0.24187499999999995 0.08224299999999998
73 0.7828125 0.4411215 0.181875 0.08598099999999997
73 0.7084375 0.34392500000000004 0.028125000000000067 0.07663599999999998
73 0.7462500000000001 0.35046750000000004 0.03749999999999998 0.07850499999999999
73 0.8225 0.528037 0.05624999999999991 0.08411199999999996
73 0.8203125 0.34392500000000004 0.03937499999999994 0.07663599999999998
73 0.8609374999999999 0.3457945 0.030625000000000013 0.06915899999999997
73 0.9415625000000001 0.2406545 0.11562499999999998 0.088785
73 0.90875 0.345794 0.04500000000000004 0.08411199999999996
73 0.9615625 0.4457945 0.07562500000000005 0.09158899999999998
73 0.955625 0.342056 0.04625000000000001 0.08411200000000002
73 0.97875 0.540187 0.04125000000000001 0.08971999999999997
73 0.9909375 0.3467285 0.016874999999999973 0.08224299999999996
