73 0.0190625 0.406667 0.038125 0.05500000000000005
73 0.0190625 0.513333 0.038125 0.05499999999999999
73 0.0196875 0.459583 0.039375 0.0625
73 0.0196875 0.5741665 0.039375 0.043332999999999955
73 0.02125 0.6741665 0.0425 0.05666700000000002
73 0.024375 0.63 0.04875 0.04499999999999993
73 0.031875 0.74125 0.051250000000000004 0.07750000000000001
73 0.343125 0.4916665 0.05125000000000002 0.06333300000000003
73 0.34375 0.43291650000000004 0.04749999999999999 0.06416700000000003
73 0.33999999999999997 0.56125 0.02999999999999997 0.06916599999999995
73 0.41874999999999996 0.4304165 0.09125 0.07916699999999999
73 0.3890625 0.5291669999999999 0.021875000000000033 0.04999999999999993
73 0.41500000000000004 0.6054165 0.07375000000000004 0.06416699999999997
73 0.3934375 0.7112499999999999 0.018125000000000002 0.05916599999999994
73 0.416875 0.5316665 0.026249999999999996 0.05166700000000002
73 0.4140625 0.709583 0.015625 0.0625
73 0.436875 0.7095835 0.030000000000000027 0.06583300000000003
73 0.4440625 0.541667 0.023125000000000007 0.06000000000000005
73 0.589375 0.42625 0.23875000000000002 0.08749999999999997
73 0.5984375 0.8345830000000001 0.251875 0.12249999999999994
73 0.5956250000000001 0.565 0.24375000000000002 0.10333399999999993
73 0.596875 0.698333 0.24125000000000002 0.09499999999999997
73 0.8178125 0.3729165 0.36312500000000003 0.11583300000000002
73 0.839375 0.5670835000000001 0.20124999999999993 0.07083300000000003
73 0.8459375 0.430417 0.21437499999999998 0.08250000000000002
73 0.84 0.698333 0.19999999999999996 0.09499999999999997
73 0.8340624999999999 0.825833 0.17812499999999998 0.10499999999999998
