73 0.273125 0.0566665 0.23625 0.113333
73 0.275 0.17125 0.2375 0.115834
73 0.1746875 0.295 0.026874999999999982 0.098334
73 0.315 0.2870835 0.15000000000000002 0.12083299999999997
73 0.2878125 0.39208350000000003 0.05187499999999995 0.07583299999999998
73 0.38249999999999995 0.29625 0.01874999999999999 0.10249999999999998
73 0.5403125 0.0379165 0.27562499999999995 0.075833
73 0.4525 0.2829165 0.08875 0.12916699999999998
73 0.4409375 0.4045835 0.060624999999999984 0.08583299999999999
73 0.5396875 0.14625 0.255625 0.12083399999999998
73 0.5953125 0.279583 0.16312499999999996 0.1225
73 0.60375 0.4133335 0.07125000000000004 0.096667
