73 0.438082 0.5165625 0.447858 0.03437499999999993
73 0.4594975 0.5687500000000001 0.45530699999999996 0.05625000000000002
73 0.44692699999999996 0.4959375 0.41527 0.05437499999999995
73 0.451583 0.55 0.40968400000000005 0.032500000000000084
73 0.473464 0.43281250000000004 0.427374 0.03437499999999999
73 0.50419 0.4028125 0.42178800000000005 0.03937499999999999
73 0.531192 0.38656250000000003 0.475792 0.030624999999999958
73 0.49394799999999994 0.46687500000000004 0.38640599999999997 0.044999999999999984
73 0.4953445 0.48812500000000003 0.34823100000000007 0.03250000000000003
73 0.771415 0.48750000000000004 0.15735599999999994 0.20124999999999998
