73 0.2565625 0.797083 0.388125 0.35749999999999993
73 0.09 0.37583350000000004 0.18 0.11666700000000002
73 0.1128125 0.25375 0.225625 0.13416599999999998
73 0.07625 0.5145835 0.15125000000000002 0.13916699999999999
73 0.308125 0.28375 0.16749999999999998 0.08750000000000002
73 0.4103125 0.517917 0.24812500000000004 0.14250000000000002
73 0.39875 0.3854165 0.19874999999999998 0.12916700000000003
73 0.4771875 0.27249999999999996 0.18062499999999998 0.10333399999999998
73 0.6803125 0.6995835 0.37437500000000007 0.28916699999999995
73 0.6646875000000001 0.38375 0.250625 0.135834
73 0.655 0.5095835 0.22624999999999995 0.12583300000000003
73 0.65125 0.2716665 0.18999999999999995 0.09833299999999998
73 0.8325 0.2716665 0.18874999999999997 0.08833299999999997
73 0.8790625000000001 0.3716665 0.24062499999999998 0.12166699999999997
73 0.9237500000000001 0.6583330000000001 0.15125 0.1349999999999999
