73 0.11656249999999999 0.4125 0.05187499999999999 0.10833399999999999
73 0.113125 0.29833350000000003 0.03499999999999999 0.10666700000000001
73 0.15875 0.3070835 0.04125000000000001 0.089167
73 0.2025 0.318333 0.037500000000000006 0.07
73 0.25593750000000004 0.5945830000000001 0.06437500000000002 0.03749999999999998
73 0.2521875 0.319167 0.05437499999999998 0.07500000000000001
73 0.26625 0.53625 0.04375000000000001 0.06583399999999995
73 0.3159375 0.48875 0.060624999999999984 0.03583399999999998
73 0.3403125 0.5275 0.01687500000000003 0.06166599999999994
73 0.6075 0.3416665 0.08374999999999999 0.098333
73 0.606875 0.26 0.07750000000000001 0.07166600000000001
73 0.6112500000000001 0.43875 0.07625000000000004 0.07916600000000001
73 0.63 0.5175 0.04125000000000001 0.06
73 0.6428125 0.19875 0.06187500000000001 0.057499999999999996
73 0.6809375 0.5716665000000001 0.05062500000000003 0.043332999999999955
73 0.69 0.50375 0.06874999999999998 0.08583400000000002
73 0.69375 0.4141665 0.07374999999999998 0.086667
73 0.7184375000000001 0.260417 0.12312500000000004 0.07750000000000001
73 0.7009375 0.3358335 0.06437500000000007 0.06666700000000003
73 0.824375 0.3091665 0.08374999999999999 0.06833299999999998
73 0.8359375 0.5191665 0.06812499999999999 0.10666700000000001
73 0.8396874999999999 0.7258335 0.06312499999999999 0.09666700000000006
73 0.848125 0.42041649999999997 0.04875000000000007 0.07416700000000004
73 0.9115625 0.21625 0.09312500000000001 0.085834
73 0.9143749999999999 0.7404165 0.07750000000000001 0.11916700000000002
73 0.9375 0.6158334999999999 0.12375000000000003 0.10666699999999996
73 0.9375 0.4008335 0.11874999999999991 0.10333300000000001
73 0.9140625 0.5058335 0.06937499999999996 0.10333300000000001
73 0.8909374999999999 0.3145835 0.013124999999999942 0.06916699999999998
73 0.944375 0.300417 0.10999999999999999 0.09250000000000003
