73 0.18625 0.4174485 0.10375000000000001 0.24390299999999998
73 0.3175 0.5192305 0.09625 0.09287099999999998
73 0.31156249999999996 0.7195125 0.06937500000000002 0.07692300000000007
73 0.32437499999999997 0.41651000000000005 0.09249999999999997 0.08630399999999999
73 0.31625 0.6172605 0.0675 0.08067500000000005
73 0.39749999999999996 0.511257 0.06624999999999998 0.07692399999999994
73 0.41625 0.41557200000000005 0.09625 0.084428
73 0.3815625 0.728893 0.01687500000000003 0.050656000000000034
73 0.4325 0.7204505 0.04749999999999999 0.07504700000000009
73 0.43281250000000004 0.6228895000000001 0.03437499999999999 0.07317099999999999
73 0.524375 0.4080675 0.12249999999999994 0.08442699999999997
73 0.5603125 0.3198875 0.038124999999999964 0.06754300000000002
73 0.6859375 0.7096625000000001 0.12062499999999998 0.08161300000000005
73 0.6965625 0.5154785 0.13937500000000003 0.09662300000000001
73 0.678125 0.6200749999999999 0.09250000000000003 0.060037999999999925
73 0.6950000000000001 0.3241085 0.09750000000000003 0.051595
73 0.8075 0.7232645 0.10250000000000004 0.05816100000000002
73 0.7934375 0.51454 0.05437500000000006 0.09099400000000002
73 0.7934375 0.3297375 0.03562500000000002 0.051595
73 0.8690625000000001 0.4258915 0.17937499999999995 0.07879900000000001
73 0.8321875 0.325047 0.03687499999999999 0.057224
73 0.910625 0.7251405 0.09875 0.05816100000000002
73 0.9040625 0.5182925 0.08062499999999995 0.08348899999999998
