73 0.21375000000000002 0.9133335 0.195 0.15333299999999994
73 0.09624999999999999 0.9008335000000001 0.19125 0.19666700000000004
73 0.335625 0.7991665 0.5087499999999999 0.2516670000000001
73 0.32 0.6404164999999999 0.225 0.1308330000000001
73 0.45999999999999996 0.587917 0.38375 0.23249999999999998
73 0.426875 0.9604170000000001 0.19375000000000003 0.07750000000000001
73 0.45625 0.662917 0.09999999999999998 0.13749999999999996
73 0.5453125 0.407917 0.200625 0.1375
73 0.575625 0.32125000000000004 0.11124999999999996 0.07083400000000001
73 0.6865625 0.6325000000000001 0.09312500000000001 0.21166600000000002
73 0.735 0.40041649999999995 0.07374999999999998 0.17416700000000002
