73 0.1225 0.18177549999999998 0.04125000000000001 0.06137899999999999
73 0.124375 0.233711 0.037500000000000006 0.046270000000000006
73 0.13 0.345609 0.048750000000000016 0.06421200000000005
73 0.1296875 0.282814 0.031875 0.03871599999999997
73 0.19437500000000002 0.24362649999999997 0.05875 0.06232299999999999
73 0.198125 0.1789425 0.06125 0.05571300000000001
73 0.3140625 0.2681775 0.09812499999999996 0.07554300000000003
73 0.32 0.349386 0.09999999999999998 0.071766
73 0.32062500000000005 0.1789425 0.09625 0.05571300000000001
73 0.32125000000000004 0.4353165 0.09500000000000003 0.08120899999999998
73 0.48468749999999994 0.1529745 0.12937499999999996 0.077431
73 0.4825 0.538716 0.08750000000000002 0.09915000000000002
73 0.4953125 0.2483475 0.11312500000000003 0.08687500000000001
73 0.4984375 0.43720499999999995 0.116875 0.081208
73 0.539375 0.345609 0.19875000000000004 0.086874
73 0.503125 0.24645899999999998 0.01749999999999996 0.06421200000000002
73 0.608125 0.2540135 0.07125000000000004 0.083097
73 0.6112500000000001 0.15958450000000002 0.0675 0.071765
73 0.88 0.13786600000000002 0.23875000000000002 0.14542
73 0.8175 0.723796 0.040000000000000036 0.11992399999999992
73 0.90375 0.5646835 0.19125000000000003 0.16241700000000003
73 0.90625 0.43909349999999997 0.18625000000000003 0.16619499999999998
73 0.91 0.295562 0.17874999999999996 0.15108600000000003
73 0.9440625 0.661473 0.11062499999999997 0.12370199999999998
