73 0.137528 0.5659375 0.275056 0.20687500000000003
73 0.193764 0.8809374999999999 0.258352 0.218125
73 0.222717 0.61375 0.31625800000000004 0.19625000000000004
73 0.4448775 0.9434374999999999 0.286191 0.11187500000000006
73 0.4315145 0.82125 0.19265099999999996 0.15000000000000002
73 0.5061245 0.6803125 0.26169299999999995 0.09062499999999996
73 0.513363 0.5650000000000001 0.25835199999999997 0.17750000000000005
73 0.7271715000000001 0.6171875 0.24053500000000005 0.17937500000000006
73 0.7800665 0.8784375 0.297327 0.17937500000000006
73 0.8179289999999999 0.5596875 0.210468 0.21187500000000004
