73 0.836875 0.7066669999999999 0.12875000000000003 0.22499999999999998
73 0.0871875 0.7291665 0.164375 0.26333299999999993
73 0.2640625 0.65 0.316875 0.26
73 0.2403125 0.7804165 0.13687500000000002 0.13083299999999998
73 0.35 0.79125 0.11125000000000002 0.119166
73 0.5715625 0.7962499999999999 0.32687499999999997 0.139166
73 0.4809375 0.621667 0.09437499999999993 0.16500000000000004
73 0.561875 0.48749999999999993 0.08499999999999996 0.15499999999999997
73 0.5803125 0.6966665000000001 0.104375 0.06333299999999997
73 0.6546875 0.6125 0.08812500000000001 0.15666600000000008
73 0.6671875 0.4908335 0.08937499999999998 0.15833299999999995
73 0.76 0.6458335 0.12 0.19666700000000004
