73 0.025 0.925752 0.05 0.13721800000000006
73 0.095 0.7410715 0.10375000000000001 0.17951099999999998
73 0.095 0.9027255 0.09875 0.17951099999999998
73 0.16125 0.949718 0.09749999999999999 0.098684
73 0.17031249999999998 0.8482145 0.06937499999999999 0.11936100000000005
73 0.18937500000000002 0.755639 0.0925 0.08834599999999992
73 0.4878125 0.463816 0.12562500000000004 0.10996199999999995
73 0.531875 0.344455 0.20625 0.11372199999999999
73 0.5309375000000001 0.6156014999999999 0.05812500000000009 0.013156999999999974
73 0.5315624999999999 0.6320485 0.05937500000000007 0.019737000000000005
73 0.5346875 0.6033835 0.055625000000000036 0.015036999999999967
73 0.5371874999999999 0.6099625 0.06062500000000004 0.005639000000000061
73 0.6003125 0.6090225 0.073125 0.03383500000000006
73 0.6675 0.594455 0.053749999999999964 0.109962
73 0.6709375 0.350564 0.030625000000000013 0.08834599999999998
73 0.7165625 0.3594925 0.03937499999999994 0.091165
73 0.7890625 0.351034 0.04812499999999997 0.08740599999999998
73 0.8140625 0.5850565 0.03937499999999994 0.10244300000000006
73 0.8709374999999999 0.3468045 0.030625000000000013 0.09210499999999999
73 0.8953125 0.3477445 0.018125000000000058 0.090225
73 0.9171875 0.35761299999999996 0.020625000000000004 0.09116600000000002
