73 0.29625 0.22658450000000002 0.0625 0.063387
73 0.2996875 0.449858 0.06437499999999996 0.05203399999999997
73 0.298125 0.2800375 0.058750000000000024 0.06622499999999998
73 0.2996875 0.394513 0.06187500000000001 0.04730400000000001
73 0.2996875 0.34295200000000003 0.059374999999999956 0.05581799999999998
73 0.30625 0.5203405 0.05624999999999997 0.07947100000000001
73 0.31062500000000004 0.6603595 0.04999999999999999 0.060548999999999964
73 0.2959375 0.589877 0.015625 0.031220000000000026
73 0.3346875 0.5818355 0.01687500000000003 0.03405899999999995
73 0.3646875 0.350047 0.07437499999999997 0.05487200000000003
73 0.3675 0.24503350000000002 0.07999999999999996 0.066225
73 0.3678125 0.2913905 0.07687500000000003 0.07000899999999999
73 0.3696875 0.392621 0.078125 0.05108800000000002
73 0.3409375 0.5406815 0.016874999999999973 0.03878900000000007
73 0.36875 0.447966 0.06875000000000003 0.046357999999999955
73 0.369375 0.4924315 0.0675 0.04257300000000003
73 0.3765625 0.577105 0.05937500000000001 0.060548000000000046
73 0.3775 0.5312205 0.053749999999999964 0.04257299999999997
73 0.3796875 0.6310315 0.05812499999999998 0.06433299999999997
73 0.43125 0.48864699999999994 0.05249999999999999 0.03500399999999998
73 0.431875 0.354305 0.053749999999999964 0.050141999999999964
73 0.4325 0.307947 0.05499999999999999 0.042574
73 0.43062500000000004 0.5719019999999999 0.048750000000000016 0.05014200000000002
73 0.43125 0.525544 0.04999999999999999 0.03878999999999999
73 0.43125 0.6244085 0.04999999999999999 0.06244099999999997
73 0.431875 0.26158950000000003 0.05125000000000002 0.03878900000000002
73 0.43374999999999997 0.443709 0.05250000000000005 0.05108799999999997
73 0.43374999999999997 0.399243 0.04750000000000004 0.04730400000000001
73 0.48375 0.5293285 0.05499999999999999 0.03878899999999996
73 0.484375 0.5737939999999999 0.053749999999999964 0.05392600000000003
73 0.484375 0.630085 0.053749999999999964 0.0700099999999999
73 0.486875 0.2578055 0.05874999999999997 0.03878899999999999
73 0.48812500000000003 0.305109 0.05624999999999997 0.048250000000000015
73 0.53375 0.6471145 0.04500000000000004 0.07000899999999999
73 0.534375 0.538789 0.04625000000000001 0.05014200000000002
73 0.534375 0.5856195 0.04625000000000001 0.06622499999999998
73 0.5393749999999999 0.245033 0.04874999999999996 0.05298000000000003
73 0.541875 0.29943200000000003 0.04875000000000007 0.05203399999999997
73 0.58875 0.5979185 0.06000000000000005 0.06622499999999998
73 0.58875 0.6660360000000001 0.06000000000000005 0.07568600000000003
73 0.59 0.5520339999999999 0.0625 0.044466000000000006
73 0.5928125 0.453642 0.06312499999999999 0.05014200000000002
73 0.5965625 0.347682 0.0631250000000001 0.052034000000000025
73 0.5971875 0.293756 0.06187500000000001 0.05203399999999997
73 0.5925 0.2407755 0.050000000000000044 0.03689700000000001
