73 0.081681 0.8196875 0.163362 0.244375
73 0.056185 0.494375 0.110482 0.16375000000000006
73 0.161001 0.14406249999999998 0.150142 0.081875
73 0.164778 0.215 0.146364 0.08000000000000002
73 0.171388 0.29593749999999996 0.150142 0.07187499999999997
73 0.1761095 0.4265625 0.14447500000000002 0.07687500000000003
73 0.181775 0.3628125 0.144476 0.06812499999999999
73 0.278565 0.2234375 0.084986 0.09062499999999998
73 0.270538 0.448125 0.05382399999999998 0.06125000000000003
73 0.2771485 0.294375 0.06137899999999999 0.07499999999999996
73 0.2785645 0.37625 0.06421099999999999 0.06875000000000003
73 0.2875355 0.13374999999999998 0.082153 0.08499999999999999
73 0.483475 0.3259375 0.273844 0.114375
73 0.55949 0.12281249999999999 0.420208 0.104375
73 0.5141644999999999 0.22 0.320113 0.10749999999999998
73 0.5708215 0.4403125 0.32011300000000004 0.12437499999999996
73 0.86119 0.5915625 0.2757320000000001 0.12937500000000002
73 0.864967 0.4934375 0.268178 0.14187499999999997
73 0.8729935 0.36875 0.25212500000000004 0.125
73 0.875354 0.2240625 0.24740400000000007 0.13312500000000002
