73 0.0184375 0.642083 0.036875 0.07250000000000001
73 0.02125 0.71375 0.0425 0.0774999999999999
73 0.0334375 0.5700000000000001 0.066875 0.068334
73 0.10062499999999999 0.5258335000000001 0.03874999999999999 0.053332999999999964
73 0.1384375 0.6095835000000001 0.09937499999999999 0.0791670000000001
73 0.1428125 0.694583 0.103125 0.08750000000000002
73 0.1421875 0.7741665 0.09687499999999999 0.09166699999999994
73 0.153125 0.4829165 0.07749999999999999 0.060833000000000026
73 0.15437499999999998 0.4358335 0.07749999999999999 0.048333000000000015
73 0.144375 0.5270835 0.036250000000000004 0.06916700000000003
73 0.1825 0.5175000000000001 0.027499999999999997 0.046665999999999985
73 0.2178125 0.4329165 0.051875000000000004 0.035833000000000004
73 0.22062500000000002 0.475 0.04124999999999998 0.048334000000000044
73 0.2559375 0.50625 0.026874999999999982 0.05583399999999994
73 0.2921875 0.505 0.016874999999999973 0.05333399999999999
73 0.36124999999999996 0.7679165 0.15499999999999997 0.12416699999999992
73 0.36 0.669583 0.14500000000000002 0.12750000000000006
73 0.358125 0.8808335 0.1275 0.12166700000000008
73 0.3465625 0.4916665 0.026874999999999982 0.046667000000000014
73 0.38125 0.500417 0.024999999999999967 0.03249999999999997
73 0.396875 0.43125 0.044999999999999984 0.03250000000000003
73 0.396875 0.46833349999999996 0.04250000000000004 0.048333000000000015
73 0.4084375 0.495 0.014375000000000027 0.04666600000000004
73 0.438125 0.50125 0.04749999999999999 0.020833999999999964
73 0.439375 0.4666665 0.03749999999999998 0.038333000000000006
73 0.44437499999999996 0.4270835 0.04250000000000004 0.02083299999999999
73 0.47624999999999995 0.71375 0.03875000000000001 0.07083400000000006
73 0.48250000000000004 0.8145835 0.041250000000000064 0.06916699999999998
73 0.5046875 0.625 0.085625 0.09000000000000008
73 0.4878125 0.4304165 0.04937499999999995 0.034167
73 0.48375 0.46125 0.03624999999999995 0.03416600000000003
73 0.5865625 0.46083300000000005 0.026874999999999982 0.10500000000000004
73 0.6168750000000001 0.5725 0.06999999999999995 0.030000000000000027
73 0.7984375 0.5025 0.401875 0.15499999999999997
73 0.650625 0.4270835 0.09499999999999997 0.04083300000000001
73 0.69 0.5579164999999999 0.04749999999999999 0.044166999999999956
73 0.7571875 0.7833335 0.07937499999999997 0.161667
73 0.7734375 0.90375 0.10312499999999991 0.1825
73 0.7893749999999999 0.9604170000000001 0.08625000000000005 0.07750000000000001
73 0.8340624999999999 0.5570835000000001 0.05437499999999995 0.09083300000000005
73 0.8665625 0.9041669999999999 0.059374999999999956 0.15499999999999992
73 0.8721875 0.7862499999999999 0.06062499999999993 0.129166
73 0.8778125 0.671667 0.0618749999999999 0.10999999999999999
73 0.8890625000000001 0.53625 0.05312499999999998 0.09083400000000003
73 0.9265625 0.714583 0.05062500000000003 0.12750000000000006
73 0.92625 0.7991665 0.04249999999999998 0.141667
73 0.9284375 0.625 0.046875 0.10666599999999993
73 0.9678125 0.6683335 0.03187499999999999 0.09666700000000006
73 0.97375 0.5716669999999999 0.03374999999999995 0.08999999999999997
