73 0.0600585 0.0397135 0.092773 0.076823
73 0.043456999999999996 0.24283900000000003 0.047852 0.061198
73 0.0483395 0.1315105 0.053710999999999995 0.020833000000000004
73 0.0800785 0.1764325 0.109375 0.07161500000000001
73 0.050293000000000004 0.30403650000000004 0.034179999999999995 0.061197
73 0.09228549999999999 0.244792 0.049805 0.05989599999999998
73 0.10058550000000001 0.309896 0.06445300000000001 0.0625
73 0.10839850000000001 0.389323 0.05273499999999999 0.033853999999999995
73 0.1293945 0.107422 0.09472699999999999 0.061198
73 0.140625 0.4440105 0.076172 0.07291699999999995
73 0.154297 0.0377605 0.097656 0.075521
73 0.1274415 0.236979 0.030273000000000008 0.06510400000000002
73 0.1523435 0.307292 0.06835899999999999 0.06770799999999999
73 0.1542965 0.18945299999999998 0.06054700000000002 0.03515599999999999
73 0.1542965 0.2447915 0.06054700000000002 0.05208299999999999
73 0.1660155 0.37109400000000003 0.058593000000000006 0.07031199999999999
73 0.173828 0.500651 0.052734 0.032552000000000025
73 0.2548825 0.10221350000000001 0.15429700000000002 0.061197000000000015
73 0.2636715 0.1744795 0.15429700000000002 0.080729
73 0.2421875 0.239583 0.10742099999999999 0.0625
73 0.217285 0.44791650000000005 0.05566399999999999 0.075521
73 0.225586 0.302083 0.07226599999999997 0.065104
73 0.2182615 0.36849 0.045898999999999995 0.065104
73 0.258789 0.0358075 0.06640599999999997 0.071615
73 0.2836915 0.359375 0.061522999999999994 0.04427000000000003
73 0.3125 0.233724 0.04882799999999998 0.050781999999999994
73 0.3432615 0.0384115 0.09863299999999997 0.07421900000000001
73 0.319824 0.339844 0.016602000000000006 0.02604200000000001
73 0.4052735 0.0989585 0.14648499999999998 0.07031300000000001
73 0.406738 0.162109 0.139648 0.063802
73 0.4155275 0.231771 0.15136700000000003 0.05729200000000001
73 0.4160155 0.3014325 0.14453100000000002 0.045572999999999975
73 0.6254885 0.577474 0.5185550000000001 0.334636
73 0.4316405 0.032552 0.099609 0.065104
73 0.43359349999999997 0.35481799999999997 0.09570300000000004 0.06640600000000002
73 0.46240250000000005 0.410156 0.05371100000000001 0.03645799999999999
73 0.5556639999999999 0.162109 0.136718 0.19140599999999997
73 0.6708985000000001 0.2421875 0.05273500000000009 0.484375
73 0.751953 0.253906 0.0625 0.440104
73 0.758301 0.4954425 0.0595699999999999 0.04817699999999997
73 0.807617 0.045573 0.058594000000000035 0.091146
73 0.799805 0.361328 0.03125 0.024739999999999984
73 0.8037110000000001 0.21679700000000002 0.03906200000000004 0.07161399999999998
73 0.8037110000000001 0.3333335 0.03906200000000004 0.02343700000000004
73 0.8081050000000001 0.1269535 0.03808599999999995 0.082031
73 0.888672 0.2421875 0.15039000000000002 0.484375
73 0.9755855 0.3027345 0.046875 0.605469
