73 0.10009799999999999 0.4534885 0.03418 0.01993299999999998
73 0.196777 0.7242525 0.05957000000000001 0.06976700000000002
73 0.290039 0.6137874999999999 0.058594000000000035 0.08471700000000004
73 0.2910155 0.3272425 0.06054700000000002 0.08637899999999998
73 0.289551 0.5224255 0.05566400000000005 0.078073
73 0.29003900000000005 0.435216 0.052734 0.066446
73 0.291504 0.7051495000000001 0.05566399999999999 0.09136299999999997
73 0.351074 0.33887049999999996 0.05566400000000005 0.07308900000000002
73 0.3515625 0.4318935 0.05468700000000004 0.06644499999999998
73 0.3530275 0.5257475 0.05761700000000003 0.07142900000000002
73 0.34375 0.714286 0.037109999999999976 0.07641200000000004
73 0.37793 0.7491695 0.03125 0.079735
73 0.412109 0.6129565 0.058594000000000035 0.08637899999999998
73 0.4003905 0.799003 0.03320299999999998 0.05315599999999998
73 0.412598 0.33887049999999996 0.051758000000000026 0.06312299999999998
73 0.41308599999999995 0.435216 0.052734 0.066446
73 0.4140625 0.523256 0.05468700000000004 0.07973400000000003
73 0.414551 0.7142854999999999 0.05566400000000005 0.06976700000000002
73 0.4282225 0.8480065 0.014649000000000023 0.02159500000000003
73 0.47216800000000003 0.5274085000000001 0.059569999999999956 0.07142900000000002
73 0.4736325 0.6229235 0.06054699999999996 0.079735
73 0.47314449999999997 0.332226 0.05566500000000002 0.08637800000000001
73 0.47216800000000003 0.42691049999999997 0.051758000000000026 0.08637900000000004
73 0.5166015 0.7475085 0.046875000000000056 0.08970100000000003
73 0.532715 0.523256 0.05566400000000005 0.07973400000000003
73 0.5336915 0.421927 0.05761700000000003 0.093024
73 0.535156 0.33970100000000003 0.058594000000000035 0.06146199999999996
73 0.59375 0.530731 0.058594000000000035 0.08139599999999997
73 0.59375 0.7109635000000001 0.056640000000000024 0.06976700000000002
73 0.59668 0.332226 0.058594000000000035 0.08637800000000001
73 0.59668 0.6245845000000001 0.058594000000000035 0.06976700000000002
73 0.5961909999999999 0.435216 0.05566400000000005 0.066446
73 0.6152345 0.8031565 0.02343699999999993 0.024916999999999967
73 0.7041014999999999 0.5215945 0.06054700000000002 0.08637899999999993
73 0.7065429999999999 0.3363785 0.05566400000000005 0.078073
73 0.7075195000000001 0.4360465 0.05371099999999995 0.06478499999999998
73 0.7089845 0.6212625 0.05664099999999994 0.07308900000000007
73 0.7177735000000001 0.7134555 0.029297000000000017 0.07475100000000001
73 0.7680665 0.431063 0.063477 0.08139599999999997
73 0.762207 0.7200995 0.04980399999999996 0.07142899999999996
73 0.7661135 0.3421925 0.05761700000000003 0.06644499999999998
73 0.7666014999999999 0.623754 0.05273500000000009 0.068106
73 0.7690429999999999 0.5215945 0.05566400000000005 0.08637899999999993
