73 0.016875 0.073171 0.03375 0.10694200000000001
73 0.018125 0.3316135 0.03625 0.098499
73 0.17656249999999998 0.27626649999999997 0.268125 0.12476499999999999
73 0.1725 0.1144465 0.255 0.129455
73 0.1521875 0.2002815 0.200625 0.03846100000000002
73 0.0853125 0.3963415 0.024375000000000008 0.107879
73 0.0865625 0.486398 0.024375000000000008 0.02345200000000003
73 0.1584375 0.48545950000000004 0.029375000000000012 0.05909900000000007
73 0.19624999999999998 0.3925895 0.06375 0.10037499999999999
73 0.278125 0.6144465 0.15125 0.163227
73 0.3040625 0.5079735 0.08687499999999998 0.11538500000000002
73 0.2884375 0.3855535 0.020625000000000004 0.08255100000000004
73 0.4 0.6665099999999999 0.16875 0.10975600000000008
73 0.4115625 0.7087245 0.166875 0.09474700000000003
73 0.3990625 0.5520635 0.130625 0.057223000000000024
73 0.4578125 0.248124 0.135625 0.07223199999999999
73 0.4603125 0.1439965 0.140625 0.10037499999999999
73 0.4615625 0.3424015 0.13312499999999994 0.07317100000000004
73 0.4346875 0.4634145 0.059374999999999956 0.07692299999999996
73 0.48343749999999996 0.522983 0.07437500000000002 0.04971800000000004
73 0.5171875 0.648218 0.12187500000000001 0.08818000000000004
73 0.551875 0.271107 0.09375 0.07317000000000001
73 0.5584375 0.5450284999999999 0.08812500000000001 0.05628500000000003
73 0.5690625 0.1712005 0.07687500000000003 0.07223299999999999
73 0.5671875 0.3433395 0.06812499999999999 0.07879900000000001
73 0.575 0.43245750000000005 0.05249999999999999 0.080675
73 0.6590625 0.509381 0.07437500000000008 0.15009399999999995
73 0.7350000000000001 0.579268 0.10875000000000001 0.19605999999999996
