73 0.0157985 0.1973095 0.031597 0.024343000000000004
73 0.0179335 0.049327499999999996 0.035867 0.025625000000000002
73 0.0204955 0.080397 0.040991 0.028828000000000006
73 0.0213495 0.2213325 0.042699 0.027547000000000016
73 0.02263 0.11595150000000001 0.04526 0.035875000000000004
73 0.027327 0.1399745 0.054654 0.02882699999999999
73 0.3701965 0.8026905 0.740393 0.39333700000000005
73 0.023484500000000002 0.170724 0.038429 0.03267200000000001
73 0.410333 0.8914154999999999 0.637916 0.21588700000000005
73 0.9517504999999999 0.161435 0.09479099999999996 0.07559199999999999
