73 0.058125 0.45125000000000004 0.115 0.1375
73 0.0396875 0.27125 0.06687499999999999 0.125834
73 0.613125 0.06875 0.5325 0.1375
73 0.4734375 0.335833 0.24812500000000004 0.245
73 0.6053125 0.931667 0.330625 0.135
73 0.74625 0.325 0.26125 0.25833399999999995
73 0.7821875 0.6804165 0.20937499999999998 0.24083299999999996
73 0.9521875 0.0404165 0.09437499999999999 0.080833
73 0.9534374999999999 0.30374999999999996 0.09187500000000004 0.294166
73 0.9490625 0.9445835 0.06687500000000002 0.10916700000000001
73 0.96 0.714583 0.07874999999999999 0.2025
