73 0.0496875 0.0583335 0.099375 0.116667
73 0.0559375 0.3033335 0.111875 0.10333300000000001
73 0.0746875 0.18083349999999998 0.149375 0.11666699999999999
73 0.086875 0.79375 0.17375 0.14416600000000002
73 0.174375 0.4183335 0.34750000000000003 0.11333299999999996
73 0.0765625 0.53375 0.145625 0.120834
73 0.17906249999999999 0.6533335 0.24312499999999998 0.10166699999999995
73 0.21999999999999997 0.30125 0.22374999999999998 0.09249999999999997
73 0.2396875 0.52875 0.16812499999999997 0.06916599999999995
73 0.263125 0.07125000000000001 0.21499999999999997 0.12250000000000001
73 0.2678125 0.19 0.208125 0.09833399999999998
73 0.4203125 0.7058329999999999 0.17687500000000006 0.15499999999999992
73 0.44218749999999996 0.30625 0.18187499999999995 0.07250000000000001
73 0.44781249999999995 0.1970835 0.16062499999999996 0.10583300000000001
73 0.4534375 0.1025 0.16937499999999994 0.088334
73 0.4915625 0.4770835 0.09562500000000007 0.07916699999999999
73 0.4909375 0.385417 0.08937500000000004 0.08250000000000002
73 0.49375 0.5554165 0.09125000000000005 0.12916699999999998
