73 0.1750935 0.3053125 0.350187 0.16937500000000003
73 0.2518725 0.0953125 0.503745 0.18937500000000002
73 0.6001875000000001 0.15687500000000001 0.15543099999999999 0.11750000000000001
73 0.6062734999999999 0.304375 0.12265899999999996 0.11624999999999999
73 0.7397 0.49 0.20411999999999997 0.18250000000000005
73 0.701311 0.3003125 0.06179800000000002 0.073125
73 0.743446 0.1821875 0.0692879999999999 0.076875
73 0.8089885 0.3071875 0.07677899999999993 0.059374999999999956
73 0.815075 0.1928125 0.06835199999999997 0.080625
73 0.90309 0.30374999999999996 0.143258 0.08749999999999997
73 0.9218165 0.2021875 0.15449499999999994 0.085625
