73 0.1809375 0.39375 0.361875 0.7875
73 0.2809375 0.4533335 0.09937499999999999 0.15833299999999995
73 0.3971875 0.4495835 0.10437500000000005 0.18083300000000002
73 0.5718749999999999 0.6670834999999999 0.27749999999999997 0.12416700000000003
73 0.5221875 0.46124999999999994 0.09562499999999996 0.14583399999999996
73 0.576875 0.4683335 0.04500000000000004 0.14333300000000004
73 0.6475 0.4570835 0.07999999999999996 0.12083299999999997
73 0.7121875 0.46125 0.05812499999999998 0.08750000000000002
73 0.7821875 0.7808335 0.181875 0.11333300000000002
73 0.8275 0.6241665 0.27 0.141667
73 0.8087500000000001 0.4683335 0.04874999999999996 0.10166700000000006
73 0.8784375 0.455417 0.06187500000000001 0.08250000000000002
73 0.9509375 0.449167 0.05437500000000006 0.07
73 0.9750000000000001 0.6025 0.04874999999999996 0.09833400000000003
73 0.9750000000000001 0.7508335 0.04874999999999996 0.10833300000000001
