73 0.154785 0.5865885 0.30957 0.824219
73 0.291016 0.517578 0.263672 0.96224
73 0.439453 0.511719 0.18163999999999997 0.973958
73 0.5493165 0.516276 0.14160100000000003 0.9648439999999999
73 0.6430659999999999 0.5195315 0.11816400000000005 0.958333
73 0.7128905 0.5195315 0.11523499999999998 0.958333
73 0.803223 0.5097655 0.10449200000000003 0.977865
73 0.8867185 0.516927 0.078125 0.960938
73 0.9418949999999999 0.529297 0.08691400000000005 0.936198
73 0.9770505 0.5214845 0.04394500000000001 0.946615
