73 0.1 0.1322915 0.05 0.127083
73 0.17500000000000002 0.2583335 0.2 0.10416700000000001
73 0.17265599999999998 0.3510415 0.170312 0.07708300000000001
73 0.1929685 0.5791664999999999 0.185937 0.09583299999999995
73 0.1398435 0.494792 0.076563 0.06875000000000003
73 0.19453099999999998 0.671875 0.185938 0.08958400000000011
73 0.2132815 0.1395835 0.14218699999999998 0.10416700000000001
73 0.2617185 0.5031249999999999 0.07031299999999999 0.06041599999999997
73 0.34453100000000003 0.257292 0.09843799999999997 0.09375000000000003
73 0.3359375 0.6583335 0.068751 0.10833300000000001
73 0.6398440000000001 0.359375 0.12343800000000005 0.08125000000000004
73 0.6828125 0.1458335 0.05937500000000007 0.12916699999999998
73 0.684375 0.26875 0.03749999999999998 0.0875
