73 0.13625 0.5652355 0.2225 0.22047900000000004
73 0.26968749999999997 0.767547 0.231875 0.13294800000000007
73 0.27531249999999996 0.5912470000000001 0.070625 0.23782000000000003
73 0.32999999999999996 0.621387 0.065 0.18084199999999995
73 0.42875 0.654005 0.14875000000000005 0.046242000000000005
73 0.4496875 0.682081 0.19062500000000004 0.04128799999999999
73 0.4628125 0.7617670000000001 0.188125 0.14450799999999997
73 0.7403124999999999 0.7072665 0.260625 0.142857
73 0.83875 0.69199 0.13624999999999998 0.08422799999999997
73 0.9046875000000001 0.758877 0.135625 0.10899999999999999
73 0.934375 0.688687 0.13 0.080924
73 0.9590624999999999 0.7630055 0.08062500000000006 0.07927299999999993
73 0.9871875 0.6515280000000001 0.024375000000000036 0.04789399999999999
