73 0.2984375 0.3358335 0.01687500000000003 0.10333300000000001
73 0.31937499999999996 0.3625 0.011250000000000038 0.15000000000000002
73 0.3353125 0.3625 0.015625 0.14
73 0.380625 0.087917 0.015000000000000013 0.03749999999999999
73 0.3921875 0.08583350000000001 0.008124999999999993 0.041666999999999996
73 0.40531249999999996 0.0841665 0.018125000000000002 0.03833299999999999
73 0.41312499999999996 0.0845835 0.007500000000000007 0.020833000000000004
73 0.4815625 0.09625 0.020625000000000004 0.027499999999999997
73 0.5021875 0.10166649999999999 0.013125000000000053 0.03833299999999999
73 0.5171875 0.1195835 0.016874999999999973 0.064167
73 0.5259375 0.3433335 0.011874999999999969 0.046667000000000014
73 0.5359375 0.1670835 0.020625000000000004 0.17583300000000002
73 0.5409375000000001 0.36375 0.018125000000000058 0.129166
73 0.555625 0.365 0.02749999999999997 0.14500000000000002
73 0.5503125 0.1704165 0.014375000000000027 0.17916700000000002
73 0.5671875 0.1620835 0.026874999999999982 0.17916699999999997
73 0.5678125 0.3675 0.02312499999999995 0.15000000000000002
73 0.5828125 0.16791699999999998 0.02937500000000004 0.16749999999999998
73 0.59375 0.16541699999999998 0.03125 0.1725
73 0.5918749999999999 0.36583350000000003 0.025000000000000022 0.163333
73 0.59625 0.374167 0.028749999999999942 0.14999999999999997
73 0.610625 0.1345835 0.04125000000000001 0.23416699999999996
73 0.6215625 0.3666665 0.021874999999999978 0.17166700000000001
73 0.6659375000000001 0.12833299999999997 0.018125000000000058 0.24999999999999997
73 0.6778125 0.595 0.015625 0.08499999999999996
73 0.6912499999999999 0.407917 0.02749999999999997 0.2375
73 0.6903125 0.1258335 0.01937499999999992 0.248333
73 0.6984375 0.5983335000000001 0.018125000000000058 0.09166700000000005
73 0.7140625 0.12666699999999997 0.020625000000000004 0.24999999999999997
73 0.7196875 0.415833 0.03187499999999999 0.26
73 0.7153125 0.6066665 0.018124999999999947 0.10166699999999995
73 0.7353125 0.1429165 0.01937500000000003 0.23083299999999998
73 0.7353125 0.615417 0.016874999999999973 0.12250000000000005
73 0.7428125 0.4091665 0.016874999999999973 0.25333300000000003
73 0.7509375 0.6304164999999999 0.016874999999999973 0.13416700000000004
73 0.7578125 0.14458349999999998 0.023125000000000062 0.21416699999999997
73 0.7640625 0.4166665 0.018124999999999947 0.261667
73 0.7675000000000001 0.6391665 0.01375000000000004 0.15833299999999995
73 0.7840625 0.41083349999999996 0.02187500000000009 0.263333
73 0.78625 0.1420835 0.02124999999999999 0.215833
73 0.7884374999999999 0.6554165000000001 0.021874999999999978 0.18416700000000008
73 0.80125 0.432917 0.03500000000000003 0.24249999999999994
73 0.81125 0.142083 0.03249999999999997 0.19749999999999998
73 0.8128124999999999 0.6775 0.01937500000000003 0.22166599999999992
73 0.8365625 0.43374999999999997 0.023125000000000062 0.23083399999999998
73 0.8365625 0.6958329999999999 0.023125000000000062 0.265
73 0.8403125 0.150833 0.02562500000000001 0.20499999999999996
73 0.8521875 0.4304165 0.013125000000000053 0.23416700000000001
73 0.861875 0.1391665 0.025000000000000022 0.20333299999999999
73 0.863125 0.7050000000000001 0.022499999999999964 0.26333400000000007
73 0.8690625000000001 0.42874999999999996 0.020625000000000004 0.24083399999999994
73 0.8790625000000001 0.14708349999999998 0.02312499999999995 0.21916699999999997
73 0.8853125 0.7120835000000001 0.01937500000000003 0.270833
73 0.9025000000000001 0.42041649999999997 0.028749999999999942 0.255833
73 0.90125 0.14458349999999998 0.023749999999999938 0.21416699999999997
73 0.9090625 0.7112499999999999 0.018124999999999947 0.265834
73 0.9259375000000001 0.14625 0.02312499999999995 0.2025
73 0.9271875 0.7108335 0.015625 0.2583329999999999
73 0.9478125 0.1445835 0.028125000000000067 0.19916699999999998
73 0.941875 0.4175 0.011249999999999982 0.27333399999999997
73 0.9440625 0.7183335 0.015625 0.25833300000000003
73 0.96 0.7216665 0.016249999999999987 0.24833299999999991
73 0.9621875 0.4141665 0.020625000000000004 0.273333
73 0.9703125 0.1404165 0.014375000000000027 0.19083299999999997
73 0.9821875 0.7275 0.02187500000000009 0.25
73 0.9865625 0.407083 0.02562500000000001 0.2775
73 0.9896875 0.1341665 0.01937500000000003 0.206667
