73 0.11125 0.53587 0.2225 0.10217399999999993
73 0.031875 0.4086955 0.051250000000000004 0.126087
73 0.11125 0.40760850000000004 0.04250000000000001 0.08913100000000002
73 0.530625 0.5315219999999999 0.17124999999999996 0.11086999999999997
73 0.4925 0.3945655 0.07999999999999996 0.12826100000000001
73 0.6643749999999999 0.5347825 0.05124999999999991 0.09130500000000003
73 0.7050000000000001 0.40108699999999997 0.12249999999999994 0.12825999999999999
73 0.760625 0.544565 0.06875000000000009 0.09782599999999997
73 0.830625 0.416304 0.06874999999999998 0.09782599999999997
73 0.88375 0.543478 0.15500000000000003 0.10434799999999994
73 0.915625 0.4086955 0.043749999999999956 0.10869499999999999
73 0.9225 0.6847829999999999 0.040000000000000036 0.104348
73 0.9725 0.551087 0.05249999999999999 0.106522
73 0.9825 0.701087 0.03249999999999997 0.11087000000000002
