73 0.32714299999999996 0.5811425 0.09000000000000002 0.03314299999999992
73 0.40214300000000003 0.5582855 0.06428600000000001 0.028571000000000013
73 0.402857 0.5462855 0.065714 0.020571000000000006
73 0.403929 0.524 0.065 0.028572000000000042
73 0.6257145 0.36228550000000004 0.012857000000000007 0.057143
73 0.6328575000000001 0.361143 0.01714300000000002 0.064
73 0.6367860000000001 0.367429 0.009286000000000016 0.055999999999999994
73 0.6475 0.36 0.0021419999999999773 0.06171399999999999
73 0.661786 0.36228550000000004 0.02071400000000001 0.057143
73 0.6757145 0.546286 0.03857099999999991 0.04799999999999993
73 0.67 0.442857 0.02428600000000003 0.06971400000000005
73 0.6710715 0.36171450000000005 0.019284999999999997 0.051429
73 0.679643 0.36742850000000005 0.0207139999999999 0.03542899999999999
73 0.712143 0.4445715 0.03857200000000005 0.070857
73 0.7142855 0.351429 0.04142899999999994 0.07200000000000001
73 0.7410715 0.5491429999999999 0.03214300000000003 0.06971399999999994
73 0.8021425 0.5451429999999999 0.07714299999999996 0.07771399999999995
73 0.809643 0.4485715 0.04071399999999992 0.06971499999999997
73 0.893214 0.56 0.08500000000000008 0.08228599999999997
73 0.9814285 0.594857 0.03571500000000005 0.05371400000000004
