73 0.078906 0.3046875 0.09218799999999999 0.5093749999999999
73 0.139844 0.29609349999999995 0.145312 0.504687
73 0.1359375 0.8585940000000001 0.071875 0.24218799999999996
73 0.1734375 0.853906 0.07500099999999998 0.239062
73 0.2195315 0.285938 0.12343699999999999 0.48125
73 0.216406 0.8484375 0.07656199999999999 0.25312499999999993
73 0.253125 0.840625 0.06562399999999999 0.259374
73 0.319531 0.2765625 0.12031199999999997 0.465625
73 0.296875 0.8374995 0.05937400000000004 0.265625
73 0.336719 0.829688 0.06406200000000001 0.26249999999999996
73 0.3734375 0.821875 0.05000100000000002 0.26875000000000004
73 0.4054685 0.2734375 0.10468699999999997 0.45937500000000003
73 0.410156 0.815625 0.042188 0.26250000000000007
73 0.4476565 0.8085935 0.04531299999999999 0.26718699999999995
73 0.48984400000000006 0.2703125 0.07968800000000004 0.443751
73 0.48124999999999996 0.8015625 0.04999999999999999 0.259375
73 0.5203125 0.7875000000000001 0.043750999999999984 0.25625
73 0.566406 0.267969 0.09531199999999995 0.448438
73 0.552344 0.7875 0.04531199999999991 0.25937600000000005
73 0.646875 0.7671875 0.14375000000000004 0.27500100000000005
73 0.653906 0.2601565 0.10781200000000002 0.420313
73 0.7359374999999999 0.258594 0.10312500000000002 0.426562
73 0.7523439999999999 0.7398435 0.082812 0.24843700000000002
73 0.796875 0.252344 0.09375 0.414062
