73 0.19 0.4529165 0.11875000000000002 0.05916699999999997
73 0.19125 0.569167 0.12125000000000002 0.06000000000000005
73 0.1925 0.513333 0.11375000000000002 0.05499999999999999
73 0.195 0.6291665 0.11875000000000002 0.053332999999999964
73 0.321875 0.45499999999999996 0.12374999999999997 0.05499999999999999
73 0.321875 0.5733334999999999 0.11874999999999997 0.05166700000000002
73 0.3225 0.5133335 0.11499999999999999 0.04833299999999996
73 0.323125 0.6287499999999999 0.11624999999999996 0.05916599999999994
73 0.34375 0.75875 0.10875000000000001 0.04249999999999998
73 0.349375 0.72125 0.09375 0.06583400000000006
73 0.48375 0.6120835 0.18500000000000005 0.08083299999999993
73 0.48687500000000006 0.3691665 0.18875000000000003 0.05666700000000002
73 0.4871875 0.2825 0.18562499999999998 0.08000000000000002
73 0.4878125 0.4408335 0.18687500000000007 0.06833299999999998
73 0.48906249999999996 0.2025 0.18937500000000002 0.06333399999999997
73 0.4865625 0.5220835 0.17937500000000006 0.07916700000000004
73 0.6721874999999999 0.5254165 0.176875 0.06583299999999997
73 0.6696875 0.618333 0.166875 0.06499999999999995
73 0.675 0.452083 0.1775 0.057499999999999996
73 0.6790624999999999 0.3720835 0.176875 0.05583300000000002
73 0.6840625 0.29000000000000004 0.176875 0.06
73 0.6853125 0.2058335 0.176875 0.056666999999999995
73 0.784375 0.6054165 0.03874999999999995 0.08083300000000004
73 0.8240624999999999 0.5287499999999999 0.10562499999999997 0.08249999999999996
73 0.8596874999999999 0.44625000000000004 0.166875 0.07583400000000001
73 0.8525 0.3670835 0.15000000000000002 0.07916699999999999
73 0.860625 0.2945835 0.15749999999999997 0.05583300000000002
73 0.870625 0.22083350000000002 0.16249999999999998 0.04833299999999999
