73 0.3671875 0.478333 0.734375 0.10000000000000003
73 0.4871875 0.35624999999999996 0.964375 0.1375
73 0.48312499999999997 0.7508334999999999 0.93375 0.26833300000000004
73 0.4665625 0.1266665 0.8868750000000001 0.253333
73 0.48875 0.63 0.92625 0.25166599999999995
73 0.49625 0.249583 0.92375 0.1475
73 0.5059374999999999 0.8320835 0.8368749999999999 0.334167
73 0.7371875 0.4975 0.018124999999999947 0.14166599999999996
73 0.7521875 0.5079165 0.016874999999999973 0.13083299999999998
73 0.7740625 0.50375 0.024375000000000036 0.13916599999999996
73 0.7953125 0.50625 0.023125000000000062 0.12749999999999995
73 0.8028124999999999 0.6599999999999999 0.018125000000000058 0.13166599999999995
73 0.8165625000000001 0.5079165 0.021874999999999978 0.13083299999999998
73 0.8334375 0.509583 0.014374999999999916 0.1375
73 0.8521875 0.515 0.015625 0.14500000000000002
73 0.8771875 0.5120834999999999 0.026874999999999982 0.13583299999999998
73 0.8965625 0.5129165 0.016874999999999973 0.12416699999999997
73 0.9159375000000001 0.51375 0.021874999999999978 0.13583400000000007
73 0.936875 0.5225 0.03249999999999997 0.14
