73 0.028017 0.6009375 0.056034 0.06687500000000002
73 0.036207 0.523125 0.072414 0.10249999999999998
73 0.038793 0.4325 0.077586 0.07874999999999999
73 0.0422415 0.345625 0.084483 0.08875
73 0.0456895 0.2703125 0.091379 0.06187500000000001
73 0.051724 0.19093749999999998 0.103448 0.06312500000000001
73 0.0586205 0.1028125 0.117241 0.058124999999999996
73 0.063362 0.0415625 0.126724 0.044375
73 0.2375 0.6256250000000001 0.311206 0.07874999999999999
73 0.26120699999999997 0.445625 0.348276 0.07999999999999996
73 0.2599135 0.541875 0.337069 0.0787500000000001
73 0.2814655 0.359375 0.318103 0.05500000000000005
73 0.284914 0.26375 0.32499999999999996 0.06125
73 0.28577600000000003 0.178125 0.318104 0.05499999999999999
73 0.2918105 0.1003125 0.311207 0.03937499999999999
73 0.3 0.0240625 0.289656 0.048125
73 0.6418105000000001 0.53 0.356035 0.07874999999999999
73 0.6310344999999999 0.17312499999999997 0.329311 0.06125
73 0.640517 0.3353125 0.34827600000000003 0.06812499999999999
73 0.6431035 0.435 0.353449 0.06999999999999995
73 0.6452585 0.254375 0.338793 0.04625000000000001
73 0.635776 0.0175 0.31637999999999994 0.03375
73 0.640517 0.0859375 0.32069 0.061875000000000006
73 0.6875 0.6153125 0.2922419999999999 0.06812499999999999
73 0.9081895 0.010625 0.18189699999999998 0.02125
73 0.910345 0.075 0.17758600000000002 0.07
73 0.9163794999999999 0.16375 0.16551700000000003 0.07
73 0.9224140000000001 0.25156249999999997 0.15344799999999992 0.061874999999999986
73 0.923276 0.5284375 0.15172399999999997 0.08562500000000006
73 0.924569 0.6196875 0.149138 0.073125
73 0.925862 0.340625 0.14655200000000002 0.05125000000000002
73 0.925862 0.4290625 0.14655200000000002 0.08187499999999998
73 0.9681035 0.71875 0.06206899999999993 0.12125000000000008
73 0.9810345 0.839375 0.03620699999999999 0.10250000000000004
