73 0.6803125 0.8674999999999999 0.161875 0.10166599999999992
73 0.0103125 0.48875 0.020625 0.14583400000000002
73 0.0121875 0.27 0.024375 0.09333399999999997
73 0.0296875 0.1841665 0.015625 0.04833299999999999
73 0.045625 0.2783335 0.027499999999999997 0.05166700000000002
73 0.0628125 0.2270835 0.059375 0.04083300000000001
73 0.08812500000000001 0.18333349999999998 0.07875 0.04333299999999998
73 0.669375 0.7033335000000001 0.66 0.591667
73 0.41375 0.3108335 0.011249999999999982 0.05333300000000002
73 0.4475 0.14625 0.07374999999999998 0.02083399999999999
73 0.45062500000000005 0.2520835 0.03375 0.03916699999999998
73 0.453125 0.3233335 0.015000000000000013 0.05166700000000002
73 0.4546875 0.391667 0.018125000000000002 0.04999999999999999
73 0.474375 0.39 0.03500000000000003 0.056665999999999994
73 0.474375 0.25375 0.02749999999999997 0.039166000000000006
73 0.4778125 0.32166700000000004 0.02812500000000001 0.05499999999999999
73 0.49406249999999996 0.2495835 0.02437499999999998 0.04083300000000001
73 0.5075 0.38916649999999997 0.028749999999999998 0.06166699999999997
73 0.509375 0.3183335 0.024999999999999967 0.05166700000000002
73 0.5253125 0.1383335 0.05437500000000001 0.05666700000000001
73 0.5159374999999999 0.252083 0.024374999999999925 0.0325
73 0.5371874999999999 0.19666650000000002 0.030625000000000013 0.05333299999999999
73 0.5409375 0.31666649999999996 0.02562500000000001 0.058333000000000024
73 0.5415625 0.2570835 0.026875000000000093 0.03916700000000001
73 0.5415625 0.37916649999999996 0.016875000000000084 0.05333300000000002
73 0.5596875 0.22125 0.02187500000000009 0.0325
73 0.5590625 0.26375 0.008124999999999938 0.025834000000000024
73 0.5646875 0.185417 0.01937499999999992 0.027500000000000024
73 0.566875 0.1429165 0.023749999999999938 0.030833
73 0.5759375 0.3175 0.03312500000000007 0.030000000000000027
73 0.5984375 0.14 0.026874999999999982 0.033334
73 0.6021875 0.1866665 0.01937499999999992 0.03666699999999998
73 0.608125 0.22875 0.012499999999999956 0.030834
73 0.61 0.268333 0.008750000000000036 0.020000000000000018
73 0.64375 0.1375 0.03749999999999998 0.03833400000000001
73 0.645 0.279583 0.040000000000000036 0.03250000000000003
73 0.645625 0.1816665 0.04125000000000001 0.04333300000000001
73 0.6443749999999999 0.22874999999999998 0.036250000000000004 0.04416599999999998
73 0.645625 0.330417 0.03374999999999995 0.03749999999999998
73 0.6565624999999999 0.380833 0.0068750000000000755 0.04999999999999999
73 0.706875 0.37916649999999996 0.040000000000000036 0.05333300000000002
73 0.7075 0.27 0.03875000000000006 0.05166600000000002
73 0.7121875 0.4408335 0.021874999999999978 0.04166700000000001
73 0.7153125 0.5433330000000001 0.013125000000000053 0.05999999999999994
73 0.743125 0.537083 0.03749999999999998 0.09249999999999997
73 0.7540625000000001 0.4266665 0.05437499999999995 0.10666699999999996
73 0.7565625 0.30874999999999997 0.05687500000000001 0.09416600000000003
73 0.7571875 0.0720835 0.05812499999999998 0.085833
73 0.7584375 0.1908335 0.055625000000000036 0.086667
73 0.934375 0.4933335 0.12750000000000006 0.09166699999999994
73 0.93625 0.387917 0.12624999999999997 0.08750000000000002
73 0.9309375 0.274583 0.10312500000000002 0.08749999999999997
73 0.9356249999999999 0.1616665 0.11249999999999993 0.086667
73 0.94125 0.051250000000000004 0.11624999999999996 0.085834
