73 0.0178235 0.5873235 0.035647 0.11361500000000002
73 0.0222015 0.7769955 0.044403 0.12300499999999992
73 0.0362725 0.943662 0.072545 0.11079799999999995
73 0.0406505 0.40939000000000003 0.07129500000000001 0.11079800000000001
73 0.0784865 0.5929575 0.07567299999999999 0.11361500000000002
73 0.091307 0.7704225 0.070044 0.117371
73 0.114759 0.942723 0.07442199999999999 0.112676
73 0.1450905 0.408451 0.05253300000000001 0.112676
73 0.160413 0.5769955 0.046904 0.10422500000000001
73 0.182614 0.7450705 0.051281999999999994 0.12863900000000006
73 0.1926205 0.401878 0.04752899999999999 0.09577400000000003
73 0.19699850000000002 0.5671360000000001 0.04627899999999999 0.10704199999999997
73 0.2026265 0.897183 0.04252700000000001 0.13615
73 0.2232645 0.716432 0.05003099999999999 0.10140800000000005
73 0.227017 0.399061 0.05503399999999997 0.09765199999999996
73 0.22951850000000001 0.546948 0.035021 0.08356800000000009
73 0.2354595 0.8661975 0.04065099999999999 0.117371
73 0.2532835 0.6915495 0.04377700000000004 0.10985900000000004
73 0.260788 0.5370895 0.046277999999999986 0.08638499999999999
73 0.2673545 0.8286385000000001 0.04065099999999999 0.11173700000000009
73 0.274234 0.6605635 0.024389999999999967 0.055398999999999976
73 0.7808005 0.8516429999999999 0.08067500000000005 0.15774600000000005
73 0.7933085 0.6356805 0.08317699999999995 0.13708900000000002
73 0.797061 0.4112675 0.07817399999999997 0.131455
73 0.8792995 0.403756 0.08880500000000002 0.16150200000000003
73 0.8899315 0.6394365 0.095059 0.18215900000000007
73 0.8933705 0.885446 0.09568500000000002 0.16337999999999997
73 0.9549719999999999 0.4084505 0.08880600000000005 0.140845
73 0.978737 0.926291 0.04127599999999998 0.14554
73 0.9824895 0.6741785 0.033770999999999995 0.15962500000000002
