73 0.221875 0.119583 0.2275 0.11249999999999999
73 0.2409375 0.40625 0.17562499999999998 0.13749999999999996
73 0.260625 0.27625 0.12624999999999997 0.125834
73 0.268125 0.5079165 0.12125 0.034167
73 0.318125 0.265 0.023749999999999993 0.13166599999999998
73 0.453125 0.1258335 0.22249999999999998 0.106667
73 0.45218749999999996 0.260833 0.21312499999999995 0.13999999999999999
73 0.4575 0.550833 0.20750000000000002 0.14500000000000002
73 0.45875 0.40875 0.20250000000000007 0.135834
73 0.5265625 0.7075 0.09562499999999996 0.10999999999999999
73 0.7887500000000001 0.419167 0.42125 0.14
73 0.6946875 0.55625 0.22187500000000004 0.124166
73 0.7921875 0.26666650000000003 0.41437500000000005 0.14166700000000002
73 0.7050000000000001 0.122083 0.235 0.1275
73 0.9153125 0.125833 0.16812499999999997 0.09999999999999999
73 0.961875 0.5225 0.07500000000000007 0.04999999999999999
