73 0.1090625 0.33499999999999996 0.218125 0.09833399999999998
73 0.1090625 0.4525 0.218125 0.10666599999999998
73 0.1103125 0.1366665 0.220625 0.101667
73 0.1134375 0.24083300000000002 0.226875 0.1
73 0.120625 0.5787500000000001 0.22874999999999998 0.130834
73 0.1759375 0.7066665 0.128125 0.098333
73 0.2715625 0.33416650000000003 0.09937499999999999 0.096667
73 0.3346875 0.158333 0.22062500000000002 0.08000000000000002
73 0.3196875 0.24875 0.17562499999999998 0.08416600000000002
73 0.305 0.5733334999999999 0.14375000000000002 0.093333
73 0.3315625 0.6799999999999999 0.180625 0.10999999999999999
73 0.768125 0.2595835 0.22250000000000003 0.07916700000000002
73 0.7165625 0.19874999999999998 0.11062499999999997 0.045834000000000014
73 0.7971874999999999 0.49 0.11187500000000006 0.09166600000000003
73 0.8115625 0.41041700000000003 0.130625 0.07749999999999996
73 0.806875 0.3254165 0.11375000000000002 0.07583300000000004
73 0.7965625 0.2066665 0.02562500000000001 0.048333000000000015
