73 0.0159375 0.11791650000000001 0.031875 0.074167
73 0.0171875 0.0233335 0.034375 0.046667
73 0.02375 0.22208299999999997 0.0475 0.07249999999999998
73 0.07906250000000001 0.0195835 0.02187499999999999 0.039167
73 0.0978125 0.21166649999999998 0.028124999999999997 0.07166700000000001
73 0.1225 0.0179165 0.036250000000000004 0.035833
73 0.1571875 0.0225 0.044375 0.045
73 0.2078125 0.01875 0.020625000000000004 0.0375
73 0.266875 0.11458299999999999 0.0875 0.0775
73 0.249375 0.0204165 0.0325 0.040833
73 0.283125 0.206667 0.07875000000000001 0.08999999999999997
73 0.28375 0.0216665 0.04125000000000001 0.043333
73 0.46218750000000003 0.01875 0.21687500000000004 0.0375
73 0.3884375 0.216667 0.030625000000000013 0.05499999999999999
73 0.413125 0.1083335 0.07750000000000001 0.06833299999999999
73 0.435 0.20666649999999998 0.03125 0.068333
73 0.5259375 0.21 0.08687499999999998 0.08333399999999996
73 0.5221875 0.11499999999999999 0.03187499999999999 0.05833399999999998
73 0.5553125 0.11875 0.018124999999999947 0.06583399999999999
