73 0.3525 0.1580675 0.26375000000000004 0.109757
73 0.354375 0.29080700000000004 0.26249999999999996 0.10881800000000003
73 0.29062499999999997 0.42448450000000004 0.10874999999999999 0.11913699999999999
73 0.2921875 0.833959 0.02562500000000001 0.08817999999999993
73 0.4353125 0.422608 0.109375 0.11538399999999999
73 0.42593749999999997 0.5300185 0.026875000000000038 0.033770999999999995
73 0.6268750000000001 0.15431499999999998 0.25375000000000003 0.10975599999999999
73 0.6128125 0.2865855 0.22312500000000002 0.11350899999999997
73 0.5434375 0.4160415 0.08187500000000003 0.12476500000000001
73 0.543125 0.522045 0.04125000000000001 0.04596599999999995
73 0.6575 0.422608 0.09499999999999997 0.104128
73 0.6665625 0.5253285000000001 0.03187499999999999 0.05628500000000003
73 0.8134375 0.9807695000000001 0.11062499999999997 0.03658499999999998
