73 0.0175 0.20500000000000002 0.035 0.07999999999999999
73 0.01875 0.30375 0.0375 0.07750000000000001
73 0.0240625 0.4029165 0.048125 0.07916699999999999
73 0.0271875 0.49958349999999996 0.054375 0.08583299999999999
73 0.0309375 0.612917 0.061875 0.08250000000000002
73 0.1290625 0.1920835 0.13937500000000003 0.094167
73 0.1325 0.29874999999999996 0.1275 0.08083400000000002
73 0.1434375 0.5045835 0.13437500000000002 0.08583299999999999
73 0.1415625 0.40875 0.128125 0.07416599999999995
73 0.109375 0.68125 0.042499999999999996 0.07083400000000006
73 0.125 0.59875 0.07375 0.08416599999999996
73 0.11499999999999999 0.795833 0.041249999999999995 0.03499999999999992
73 0.176875 0.781667 0.08250000000000002 0.10000000000000009
73 0.188125 0.6012500000000001 0.05000000000000002 0.09249999999999992
73 0.18937500000000002 0.68875 0.05250000000000002 0.06583399999999995
