73 0.0404165 0.6640625 0.080833 0.06812499999999999
73 0.045 0.5640625 0.09 0.08687500000000004
73 0.0916665 0.72375 0.183333 0.12624999999999997
73 0.1775 0.7834375 0.35333400000000004 0.20187500000000003
73 0.120833 0.611875 0.235 0.1037499999999999
73 0.0608335 0.3503125 0.10666700000000001 0.02062499999999995
73 0.23625 0.33187500000000003 0.294166 0.065
73 0.12 0.255 0.056665999999999994 0.027499999999999997
73 0.2095835 0.6496875 0.220833 0.114375
73 0.32833349999999994 0.8646875 0.34833299999999995 0.20687500000000003
73 0.2570835 0.549375 0.189167 0.11249999999999999
73 0.350833 0.660625 0.235 0.13375000000000004
73 0.2966665 0.24125000000000002 0.09166700000000005 0.017499999999999988
73 0.33125 0.5828125 0.07250000000000001 0.05687500000000001
73 0.4883335 0.7409375 0.32333300000000004 0.188125
73 0.509167 0.9034375 0.35500000000000004 0.19187500000000002
73 0.45666650000000003 0.593125 0.228333 0.135
73 0.6741665 0.9275 0.35333299999999995 0.14375000000000004
73 0.7583335 0.236875 0.48166700000000007 0.06999999999999998
73 0.609167 0.6384375 0.15000000000000002 0.188125
73 0.617083 0.8134375 0.15750000000000008 0.08062500000000006
73 0.6741665 0.5675 0.2616670000000001 0.09000000000000008
73 0.673333 0.5275 0.255 0.10249999999999998
73 0.6733335 0.474375 0.23666699999999996 0.12624999999999997
73 0.664167 0.7731250000000001 0.21000000000000008 0.08875
73 0.6820835000000001 0.6834374999999999 0.04083300000000001 0.04937500000000006
73 0.7358335 0.611875 0.13833300000000004 0.1037499999999999
73 0.83375 0.8084375 0.3308340000000001 0.18312499999999998
73 0.8004165 0.6443749999999999 0.24583299999999997 0.15875000000000006
73 0.8908335000000001 0.9384375 0.21666700000000005 0.12187500000000007
73 0.91125 0.6871875000000001 0.17583400000000005 0.13812499999999994
73 0.9545835 0.85875 0.089167 0.13624999999999998
