73 0.0703565 0.6785490000000001 0.140713 0.11256999999999995
73 0.083177 0.870857 0.166354 0.161976
73 0.5641025 0.670106 0.191369 0.12320200000000003
73 0.575985 0.834897 0.21513400000000005 0.1688559999999999
73 0.570982 0.34490299999999996 0.19136999999999998 0.11444599999999999
73 0.48655400000000004 0.476235 0.018762 0.14946800000000005
73 0.5847405 0.504378 0.16385300000000003 0.11945
73 0.777674 0.368668 0.17448399999999997 0.13195800000000002
73 0.709506 0.8442775 0.03439599999999998 0.11632299999999995
73 0.786429 0.6804250000000001 0.18448999999999993 0.11256999999999995
73 0.7761100000000001 0.506254 0.15759800000000002 0.13695999999999997
73 0.804253 0.8280175000000001 0.11507200000000006 0.11757300000000004
