73 0.024375 0.924399 0.04875 0.08075600000000005
73 0.049375 0.4974225 0.09875 0.08934700000000001
73 0.0534375 0.712629 0.106875 0.10395199999999993
73 0.0540625 0.8200175000000001 0.108125 0.11082500000000006
73 0.0609375 0.38659750000000004 0.121875 0.08934700000000001
73 0.0490625 0.603952 0.091875 0.10996600000000001
73 0.1303125 0.7495704999999999 0.06562499999999999 0.45618499999999995
73 0.19187500000000002 0.9102235000000001 0.11374999999999999 0.10910699999999995
73 0.1803125 0.9785225 0.07312500000000002 0.04123699999999997
73 0.2546875 0.5025775 0.031875000000000014 0.07216500000000003
73 0.2578125 0.6030925 0.03312499999999999 0.07560100000000003
73 0.2584375 0.399485 0.03187499999999999 0.080756
73 0.32437499999999997 0.9033505 0.10000000000000003 0.10223299999999991
73 0.3225 0.49742300000000006 0.09375 0.09622000000000003
73 0.33125 0.802835 0.10375000000000001 0.08505200000000002
73 0.33 0.6997424999999999 0.09875 0.09364300000000003
73 0.32281249999999995 0.5987975 0.080625 0.09106499999999995
73 0.338125 0.39862549999999997 0.10875000000000001 0.092783
73 0.33875 0.3079895 0.10750000000000004 0.08505100000000004
73 0.33875 0.21219949999999999 0.09999999999999998 0.06872900000000001
73 0.39937500000000004 0.7985395 0.013749999999999984 0.10051500000000002
73 0.4 0.895189 0.012500000000000011 0.058419999999999916
73 0.42000000000000004 0.33548100000000003 0.034999999999999976 0.04037799999999997
73 0.48 0.23109949999999999 0.14500000000000002 0.06872899999999998
73 0.4565625 0.1305845 0.08687499999999998 0.07044700000000001
73 0.524375 0.31701 0.05125000000000002 0.080756
73 0.5215624999999999 0.3977665 0.020625000000000004 0.024054999999999993
73 0.6287499999999999 0.0378005 0.15000000000000002 0.075601
73 0.630625 0.21348799999999998 0.15125 0.10738799999999998
73 0.63125 0.1065295 0.14500000000000002 0.11855700000000001
73 0.629375 0.3071305 0.13624999999999998 0.06443300000000002
73 0.6428125 0.8045530000000001 0.1343749999999999 0.12285200000000007
73 0.6146875 0.5987975000000001 0.07562499999999994 0.056701
73 0.6453125 0.668385 0.12437500000000001 0.08247399999999994
73 0.679375 0.6091065 0.04125000000000001 0.0498289999999999
73 0.8075 0.0678695 0.18500000000000005 0.135739
73 0.775 0.8608245 0.11375000000000002 0.13745699999999994
73 0.7834375 0.15463949999999999 0.130625 0.154639
73 0.7749999999999999 0.944158 0.11124999999999996 0.1099659999999999
73 0.778125 0.284364 0.11499999999999999 0.11512
73 0.8678125 0.725086 0.09187499999999993 0.5481099999999999
73 0.88375 0.1198455 0.05999999999999994 0.11254299999999999
73 0.8884375 0.7779210000000001 0.05437500000000006 0.10567000000000004
73 0.9221875 0.385309 0.078125 0.10223399999999999
73 0.9228125 0.7504299999999999 0.06687500000000002 0.10567000000000004
73 0.915625 0.503007 0.050000000000000044 0.100516
73 0.931875 0.869845 0.04875000000000007 0.11941599999999997
73 0.93625 0.9669245 0.04500000000000004 0.06443299999999996
73 0.9381250000000001 0.6258589999999999 0.04625000000000001 0.11769799999999997
