73 0.0284375 0.4995835 0.056875 0.999167
73 0.1253125 0.6625 0.015625 0.10166600000000003
73 0.138125 0.815 0.04125000000000001 0.15499999999999992
73 0.1253125 0.5341670000000001 0.010624999999999996 0.10999999999999999
73 0.148125 0.3770835 0.04500000000000001 0.12916699999999998
73 0.15 0.1020835 0.04125000000000001 0.08583299999999999
73 0.1525 0.23833300000000002 0.04625000000000001 0.11000000000000001
73 0.1409375 0.5358335 0.020625000000000004 0.10666700000000001
73 0.1446875 0.6625 0.023125000000000007 0.10499999999999998
73 0.1578125 0.5341670000000001 0.023125000000000007 0.10999999999999999
73 0.8015625 0.6854165000000001 0.140625 0.13583299999999998
73 0.7853125000000001 0.8245830000000001 0.10312500000000002 0.13249999999999995
73 0.7859375 0.5445835 0.104375 0.13083299999999998
73 0.7496875000000001 0.400417 0.016875000000000084 0.09249999999999997
73 0.81125 0.27 0.14 0.121666
73 0.7934375 0.14 0.09562500000000007 0.113334
73 0.7984375 0.03125 0.09812500000000002 0.0625
73 0.7975 0.4183335 0.07624999999999993 0.11833299999999997
73 0.848125 0.282917 0.06625000000000003 0.1175
73 0.8771875 0.393333 0.015625 0.15500000000000003
73 0.8771875 0.1575 0.013125000000000053 0.09999999999999999
73 0.884375 0.0441665 0.008750000000000036 0.088333
73 0.9512499999999999 0.575 0.09625000000000006 0.195
73 0.955625 0.15125 0.08750000000000002 0.235834
73 0.971875 0.9458335 0.05500000000000005 0.10666700000000007
73 0.974375 0.7637499999999999 0.050000000000000044 0.17583399999999993
73 0.96625 0.329583 0.012500000000000067 0.08250000000000002
73 0.9875 0.33125000000000004 0.02375000000000005 0.069166
