73 0.0290625 0.349338 0.058125 0.40066199999999996
73 0.0440625 0.759106 0.088125 0.480132
73 0.054375 0.071606 0.10875 0.143212
73 0.17250000000000001 0.94495 0.315 0.10844399999999998
73 0.5078125 0.45447 0.954375 0.872516
73 0.1234375 0.070778 0.07687499999999999 0.141556
73 0.6984375 0.9482615 0.34687499999999993 0.10182099999999994
73 0.8075 0.0732615 0.38375000000000004 0.144867
73 0.90375 0.834023 0.19125000000000003 0.330298
73 0.9459375 0.3870035 0.10687500000000005 0.36341100000000004
