73 0.0334375 0.6227355 0.066875 0.04076100000000005
73 0.0359375 0.6707425 0.071875 0.04800700000000002
73 0.0378125 0.526721 0.075625 0.051630000000000065
73 0.0378125 0.576087 0.075625 0.04529000000000005
73 0.0396875 0.4741845 0.079375 0.049819
73 0.0428125 0.7173915 0.085625 0.048912999999999984
73 0.103125 0.624547 0.0725 0.055254000000000025
73 0.106875 0.6725544999999999 0.0675 0.04800700000000002
73 0.10906249999999999 0.526721 0.06687499999999999 0.04800800000000005
73 0.1115625 0.5751809999999999 0.06937499999999999 0.04347800000000002
73 0.1121875 0.473279 0.06562499999999999 0.05163000000000001
73 0.138125 0.7210145 0.09750000000000002 0.048912999999999984
73 0.181875 0.6236415 0.08499999999999999 0.04257299999999997
73 0.1825 0.6707430000000001 0.08625 0.055254000000000025
73 0.1775 0.522192 0.0675 0.04619600000000007
73 0.18593749999999998 0.571558 0.074375 0.05434800000000006
73 0.18937500000000002 0.4741845 0.046249999999999986 0.049819
73 0.204375 0.7164855 0.034999999999999976 0.05072499999999991
73 0.2575 0.524004 0.09250000000000003 0.04438399999999998
73 0.25875 0.4741845 0.0875 0.04076099999999999
73 0.271875 0.7255435 0.10000000000000003 0.05072499999999991
73 0.2659375 0.624547 0.083125 0.04438399999999998
73 0.2678125 0.5724635 0.08687500000000004 0.048912999999999984
73 0.2684375 0.6725544999999999 0.083125 0.04800700000000002
73 0.356875 0.469656 0.10375000000000001 0.046196000000000015
73 0.3509375 0.5185685 0.08687499999999998 0.04800700000000008
73 0.355 0.623641 0.09500000000000003 0.046195999999999904
73 0.358125 0.6725544999999999 0.09375 0.04800700000000002
73 0.356875 0.571558 0.08875 0.05434800000000006
73 0.445 0.5194745000000001 0.09875 0.04257300000000003
73 0.4453125 0.5697460000000001 0.08812500000000001 0.05434799999999995
73 0.4459375 0.6254525 0.08437499999999998 0.04981899999999995
73 0.44718749999999996 0.6752715 0.08187499999999998 0.04981900000000006
73 0.4484375 0.46875 0.08437499999999998 0.04438399999999998
73 0.53375 0.624547 0.09125 0.051629999999999954
73 0.535 0.462862 0.09375000000000006 0.05253600000000003
73 0.5375 0.5724640000000001 0.08624999999999994 0.05253600000000003
73 0.5375 0.679348 0.08624999999999994 0.05072399999999999
73 0.538125 0.516757 0.08750000000000002 0.051630000000000065
73 0.644375 0.5774455000000001 0.10499999999999998 0.261775
73 0.9615625 0.7382245000000001 0.07562500000000005 0.14673900000000006
