73 0.6928125 0.6801125 0.20187499999999992 0.31332099999999996
73 0.07375000000000001 0.050188 0.052500000000000005 0.087242
73 0.2684375 0.47420249999999997 0.285625 0.319887
73 0.3278125 0.30863050000000003 0.250625 0.288931
73 0.315 0.1360225 0.16874999999999998 0.08067499999999998
73 0.4003125 0.649156 0.219375 0.39211999999999997
73 0.5071875 0.225141 0.164375 0.217636
73 0.555625 0.5089115 0.25375 0.272983
73 0.545 0.2790805 0.14750000000000002 0.209193
73 0.68125 0.25891200000000003 0.19500000000000006 0.21951199999999998
73 0.7640625 0.4202625 0.22687499999999994 0.33395900000000006
