73 0.011719 0.1927085 0.023438 0.139583
73 0.0296875 0.3822915 0.059375 0.139583
73 0.1726565 0.0197915 0.345313 0.039583
73 0.036719 0.5354165 0.06406200000000001 0.054166999999999965
73 0.0765625 0.190625 0.075001 0.13124999999999998
73 0.0796875 0.3833335 0.04687499999999999 0.141667
73 0.130469 0.384375 0.06093799999999999 0.13541600000000004
73 0.1492185 0.18125 0.076563 0.1375
73 0.1992185 0.384375 0.089063 0.13541600000000004
73 0.2335935 0.18125 0.07031299999999999 0.1375
73 0.3171875 0.169792 0.07187500000000002 0.11875000000000001
73 0.403125 0.0354165 0.09062599999999998 0.070833
73 0.4109375 0.175 0.08124900000000002 0.12499999999999999
73 0.496875 0.0322915 0.10625000000000007 0.064583
73 0.49375 0.1416665 0.07187600000000005 0.070833
73 0.58125 0.16875 0.08124999999999993 0.125
73 0.599219 0.03125 0.09843799999999991 0.0625
73 0.666406 0.1604165 0.07656199999999991 0.108333
73 0.682812 0.028125 0.07499999999999996 0.05625
73 0.753125 0.178125 0.09375 0.14375
73 0.763281 0.0270835 0.08593800000000007 0.054167
73 0.9015625 0.40937500000000004 0.09062500000000007 0.13958399999999999
73 0.9125005 0.16041650000000002 0.078125 0.14583300000000002
73 0.9367190000000001 0.021875 0.10156200000000004 0.04375
73 0.972656 0.160417 0.03281199999999995 0.14999999999999997
