73 0.013125 0.2303 0.02625 0.25797400000000004
73 0.0221875 0.8400565 0.044375 0.29174500000000003
73 0.8703125 0.880394 0.19687500000000002 0.237336
73 0.7959375 0.5769230000000001 0.038124999999999964 0.300188
73 0.7971874999999999 0.175422 0.038125000000000075 0.311444
73 0.8453124999999999 0.5347095 0.083125 0.354597
73 0.8528125 0.17682900000000001 0.08062499999999995 0.327392
73 0.9071875 0.630863 0.18437500000000007 0.06097600000000003
73 0.9084375 0.697936 0.181875 0.0919319999999999
73 0.910625 0.58818 0.1775 0.06941799999999998
73 0.911875 0.531895 0.17500000000000004 0.09380799999999995
73 0.860625 0.184803 0.03249999999999997 0.29643600000000003
73 0.890625 0.1819885 0.043749999999999956 0.298311
73 0.935 0.1674485 0.05500000000000005 0.334897
73 0.9765625 0.0825515 0.04562500000000003 0.165103
73 0.9778125 0.196998 0.04312499999999997 0.06379000000000001
73 0.9784375000000001 0.310507 0.041874999999999996 0.06378999999999996
73 0.9803125 0.250938 0.038124999999999964 0.059100000000000014
