73 0.1165625 0.8495835 0.15062499999999998 0.13583299999999998
73 0.2409375 0.9083335 0.21187499999999998 0.12166699999999997
73 0.21781250000000002 0.792917 0.12437500000000001 0.26750000000000007
73 0.299375 0.71625 0.12125 0.21416599999999997
73 0.3334375 0.8308335 0.130625 0.098333
73 0.400625 0.7604165 0.125 0.07083300000000003
73 0.4296875 0.7137500000000001 0.14187499999999997 0.057499999999999996
73 0.4296875 0.7079165000000001 0.13812500000000005 0.05583299999999991
73 0.41874999999999996 0.63125 0.08000000000000002 0.16416600000000003
73 0.4965625 0.5716665000000001 0.101875 0.04166700000000001
73 0.5393749999999999 0.60875 0.05500000000000005 0.06416599999999995
73 0.5940624999999999 0.6295835 0.05937500000000007 0.035833000000000004
73 0.6209374999999999 0.55625 0.06062500000000004 0.06916600000000006
73 0.6065625 0.47458300000000003 0.02937499999999993 0.07750000000000001
73 0.6175 0.6012500000000001 0.04125000000000001 0.02416600000000002
73 0.6428125 0.5191665 0.055625000000000036 0.036667000000000005
73 0.6571875 0.504583 0.05812499999999998 0.027500000000000024
73 0.6846874999999999 0.40249999999999997 0.051875000000000004 0.04999999999999999
73 0.6868749999999999 0.45875 0.03749999999999998 0.029166000000000025
73 0.699375 0.4358335 0.04249999999999998 0.031667
