73 0.299375 0.94125 0.59875 0.11583399999999999
73 0.0440625 0.8600000000000001 0.086875 0.191666
73 0.14562499999999998 0.6370834999999999 0.24749999999999997 0.12416700000000003
73 0.0984375 0.52 0.12562500000000001 0.11666599999999999
73 0.1634375 0.853333 0.170625 0.21500000000000008
73 0.18624999999999997 0.48625 0.19749999999999998 0.119166
73 0.26 0.8008335 0.08374999999999999 0.24833300000000003
73 0.6565624999999999 0.47875 0.685625 0.14749999999999996
73 0.41031249999999997 0.801667 0.17812500000000003 0.19500000000000006
73 0.416875 0.6070835 0.16999999999999998 0.1358330000000001
73 0.57375 0.7791665000000001 0.27 0.18833299999999997
73 0.5706249999999999 0.9170834999999999 0.15249999999999997 0.16416700000000006
73 0.55125 0.6000000000000001 0.08750000000000002 0.14
73 0.7893749999999999 0.8945835 0.42000000000000004 0.209167
73 0.6968749999999999 0.5691665 0.19374999999999998 0.153333
73 0.8475 0.722917 0.30374999999999996 0.22750000000000004
73 0.749375 0.8049999999999999 0.10499999999999998 0.09166599999999991
73 0.8721875 0.5691664999999999 0.254375 0.13666699999999998
73 0.9796875 0.38125 0.03937500000000005 0.07416600000000001
