73 0.035625 0.902908 0.07125 0.19230800000000003
73 0.0396875 0.6252345 0.079375 0.29737299999999994
73 0.051875 0.2983115 0.10375 0.294559
73 0.0625 0.0802065 0.12 0.160413
73 0.0615625 0.303002 0.029375 0.26454
73 0.16375 0.36585350000000005 0.06875 0.221389
73 0.16781249999999998 0.871482 0.076875 0.21763599999999994
73 0.19406249999999997 0.6022514999999999 0.12437499999999999 0.22138899999999995
73 0.24 0.8128515000000001 0.05000000000000002 0.18105099999999996
73 0.2425 0.2040335 0.05000000000000002 0.20544100000000004
73 0.23531249999999998 0.944184 0.030624999999999986 0.10975599999999996
73 0.244375 0.4061915 0.04374999999999998 0.166979
73 0.2925 0.6022514999999999 0.03999999999999998 0.14446499999999995
73 0.29374999999999996 0.920263 0.03999999999999998 0.15384600000000004
73 0.29375 0.7443715 0.03500000000000003 0.14727900000000005
73 0.2953125 0.4404315 0.03437499999999999 0.13977499999999998
73 0.2946875 0.263602 0.030625000000000013 0.174484
73 0.32406250000000003 0.9676359999999999 0.02812500000000001 0.06285200000000002
73 0.32781249999999995 0.7312385 0.023125000000000007 0.12101300000000004
73 0.3246875 0.456848 0.014374999999999971 0.10694199999999998
73 0.3315625 0.8714820000000001 0.02812500000000001 0.159474
73 0.323125 0.6027205 0.006249999999999978 0.1116330000000001
73 0.33218749999999997 0.31097549999999996 0.021875000000000033 0.11913699999999999
73 0.3528125 0.849437 0.019374999999999976 0.10787999999999998
73 0.3590625 0.4629455 0.03187499999999999 0.126641
73 0.34750000000000003 0.7260785 0.006250000000000033 0.09568500000000002
73 0.3521875 0.95591 0.015625 0.08630400000000005
73 0.35531250000000003 0.337711 0.014374999999999971 0.10694199999999998
73 0.3559375 0.5886495 0.015625 0.11726099999999995
73 0.37593750000000004 0.9835834999999999 0.02437499999999998 0.030957000000000012
73 0.5046875 0.824109 0.281875 0.042213999999999974
73 0.4290625 0.7453095000000001 0.125625 0.08536500000000002
73 0.3784375 0.925891 0.021875000000000033 0.08442799999999995
73 0.4103125 0.442777 0.083125 0.06754200000000005
73 0.4078125 0.664634 0.06812499999999999 0.06472800000000001
73 0.3875 0.523921 0.011249999999999982 0.042213999999999974
73 0.41437500000000005 0.585835 0.06 0.0684800000000001
73 0.4078125 0.9835834999999999 0.03437499999999999 0.030957000000000012
73 0.42562500000000003 0.9146345 0.044999999999999984 0.07692300000000007
73 0.5378125 0.6674485 0.164375 0.09099499999999994
73 0.5309375000000001 0.5877110000000001 0.14687499999999998 0.06847999999999999
73 0.48031250000000003 0.9835834999999999 0.03562499999999996 0.030957000000000012
73 0.499375 0.9146345 0.04375000000000001 0.07692300000000007
73 0.5621875000000001 0.5065665 0.11062500000000008 0.06941899999999995
73 0.5665625 0.433865 0.11937500000000001 0.06472800000000001
73 0.5334375 0.9835834999999999 0.04937499999999995 0.030957000000000012
73 0.5578125 0.91182 0.03937500000000005 0.07129399999999997
73 0.5878125000000001 0.9835834999999999 0.03312499999999996 0.030957000000000012
73 0.596875 0.9080675 0.03375000000000006 0.07504699999999997
73 0.6225 0.977955 0.03125 0.042213999999999974
73 0.6353125 0.628049 0.030625000000000013 0.038461999999999996
73 0.6359375 0.910882 0.03187499999999999 0.09193200000000001
73 0.6425000000000001 0.6796435000000001 0.039999999999999925 0.030957000000000012
73 0.6384375 0.5595684999999999 0.026874999999999982 0.029081000000000023
73 0.6428125 0.5961535 0.03562500000000002 0.029080999999999912
73 0.6415625 0.520169 0.028125000000000067 0.02345200000000003
73 0.6396875 0.4807695 0.021874999999999978 0.03658499999999998
73 0.829375 0.520169 0.33999999999999997 0.957786
73 0.6809375 0.33348999999999995 0.014375000000000027 0.11163200000000001
73 0.701875 0.2912755 0.020000000000000018 0.12288899999999997
