73 0.191875 0.2316665 0.1225 0.46166700000000005
73 0.3146875 0.2370835 0.161875 0.474167
73 0.44718749999999996 0.1416665 0.10062500000000002 0.283333
73 0.5503125 0.1354165 0.13687500000000002 0.270833
73 0.5678125 0.80625 0.1306250000000001 0.385834
73 0.641875 0.2258335 0.07999999999999996 0.451667
73 0.6937500000000001 0.816667 0.07750000000000001 0.365
73 0.733125 0.1183335 0.09375 0.236667
73 0.7584375 0.8200000000000001 0.05687500000000001 0.35833400000000004
73 0.8171875 0.11375 0.09687499999999993 0.2275
73 0.808125 0.8520835 0.06374999999999997 0.29416700000000007
73 0.90625 0.2291665 0.14625 0.458333
73 0.88875 0.8254170000000001 0.08250000000000002 0.34750000000000003
73 0.9396875 0.8133334999999999 0.104375 0.3716670000000001
73 0.9621875 0.2266665 0.07437499999999997 0.453333
