73 0.4646875 0.378987 0.229375 0.133208
73 0.383125 0.7424955 0.053749999999999964 0.07973699999999995
73 0.4134375 0.5464355000000001 0.09687499999999999 0.14352700000000007
73 0.4465625 0.7040335 0.08812499999999995 0.14352699999999996
73 0.4753125 0.876173 0.07687500000000003 0.131332
73 0.5003124999999999 0.5675425 0.09562499999999996 0.09756100000000001
73 0.5215624999999999 0.2743905 0.08687499999999992 0.04971900000000001
73 0.51375 0.723265 0.06125000000000003 0.10881799999999997
73 0.5234375 0.8635085 0.070625 0.128517
73 0.684375 0.2546905 0.21000000000000008 0.11913700000000002
73 0.5946875 0.55394 0.028125000000000067 0.12476599999999993
73 0.685 0.3963415 0.1987500000000001 0.128517
73 0.640625 0.7232645 0.10000000000000009 0.09380900000000003
73 0.6434375 0.858818 0.07187499999999991 0.104128
73 0.644375 0.574109 0.06374999999999997 0.10319
73 0.7240625 0.8531895 0.09187500000000004 0.126641
73 0.7175 0.7242025 0.06374999999999997 0.09193300000000004
73 0.7625 0.7195119999999999 0.036250000000000004 0.09005600000000002
73 0.8053125 0.2575045 0.02937499999999993 0.117261
73 0.8090625 0.5642590000000001 0.03687499999999999 0.10788000000000009
73 0.8090625 0.395403 0.026874999999999982 0.130394
