73 0.1003125 0.9666945 0.200625 0.06494500000000003
73 0.110625 0.7830975 0.22125 0.23230700000000004
73 0.12375 0.5233140000000001 0.2475 0.187344
73 0.1334375 0.293505 0.266875 0.18234799999999998
73 0.14625 0.092423 0.2925 0.184846
73 0.369375 0.9837635 0.12 0.03080700000000003
73 0.37124999999999997 0.8805160000000001 0.11125000000000002 0.11407200000000006
73 0.365625 0.552456 0.044999999999999984 0.11240599999999995
73 0.39531249999999996 0.408826 0.101875 0.106578
73 0.3984375 0.7289755 0.083125 0.09242299999999992
73 0.4146875 0.562448 0.050624999999999976 0.122398
73 0.4903125 0.9483765 0.051875000000000004 0.09825099999999998
73 0.498125 0.8426315 0.0675 0.08992500000000003
73 0.49843750000000003 0.741049 0.06062500000000004 0.083264
