73 0.18156250000000002 0.32941699999999996 0.249375 0.352444
73 0.17218750000000002 0.057801 0.24187500000000003 0.115602
73 0.13125 0.713816 0.10625000000000001 0.047932000000000086
73 0.135625 0.6889099999999999 0.10749999999999998 0.028196
73 0.13999999999999999 0.6536655 0.10625 0.031015000000000015
73 0.25406249999999997 0.6348685 0.09062500000000001 0.021616999999999997
73 0.263125 0.6602444999999999 0.08625000000000002 0.029135000000000022
73 0.265 0.697838 0.08499999999999999 0.03853399999999996
73 0.46437500000000004 0.031955 0.31625000000000003 0.06391
73 0.48 0.398966 0.30499999999999994 0.138158
73 0.494375 0.843515 0.315 0.18703000000000003
73 0.5109374999999999 0.679981 0.26437499999999997 0.111842
