73 0.4834375 0.7855165 0.05937500000000007 0.06365300000000007
73 0.48124999999999996 0.719557 0.04999999999999999 0.057196000000000025
73 0.55125 0.7154055 0.036250000000000004 0.052583000000000046
73 0.7015625 0.5332105 0.07562500000000005 0.09963100000000003
73 0.7025 0.7619925 0.07125000000000004 0.09963100000000003
73 0.703125 0.6480630000000001 0.0674999999999999 0.11531400000000003
73 0.6937500000000001 0.7615315 0.015000000000000013 0.09317299999999995
73 0.7709375 0.412823 0.07062500000000005 0.10608799999999996
73 0.7721875 0.5281365 0.073125 0.10608899999999993
73 0.7746875 0.650369 0.073125 0.107012
73 0.7740625 0.7638375 0.06437500000000007 0.09963099999999991
73 0.8446875 0.412823 0.07437499999999997 0.11346800000000001
73 0.8453124999999999 0.5387455 0.073125 0.08856100000000006
73 0.8471875 0.756919 0.06937499999999996 0.10239799999999999
73 0.9153125 0.412823 0.06687500000000002 0.10977800000000004
73 0.9184375 0.759225 0.06812499999999999 0.09778600000000004
73 0.9203125000000001 0.646218 0.06187500000000001 0.11531400000000003
