73 0.25687499999999996 0.471857 0.18624999999999997 0.08818000000000004
73 0.2609375 0.3386495 0.180625 0.09756100000000001
73 0.203125 0.7528144999999999 0.06 0.098499
73 0.2684375 0.6045965 0.126875 0.09662300000000001
73 0.375 0.467167 0.050000000000000044 0.08442799999999995
73 0.389375 0.7213879999999999 0.04624999999999996 0.08818000000000004
73 0.4965625 0.3424015 0.16312500000000002 0.08818100000000001
73 0.49906249999999996 0.453096 0.15812500000000002 0.09005600000000002
73 0.49406249999999996 0.5797375 0.13937499999999997 0.07879900000000006
73 0.5065625 0.7021580000000001 0.13687499999999997 0.10788000000000009
73 0.5946875 0.564728 0.030625000000000013 0.08255199999999996
73 0.6846875 0.35647249999999997 0.13187499999999996 0.07504700000000003
73 0.6803125 0.4484055 0.11812500000000004 0.080675
73 0.6828125 0.5567545 0.12312500000000004 0.07973700000000006
73 0.6784375 0.6585365 0.09312500000000001 0.08255100000000004
