73 0.23249999999999998 0.2534375 0.456666 0.373125
73 0.313333 0.4653125 0.05499999999999999 0.04812500000000003
73 0.8225 0.205625 0.193334 0.08500000000000002
73 0.8220835 0.2946875 0.18916699999999997 0.07187500000000002
73 0.8325 0.39375 0.16833399999999998 0.08875
73 0.8658334999999999 0.116875 0.093333 0.07500000000000001
73 0.9604170000000001 0.386875 0.07750000000000001 0.09875
73 0.9625 0.2859375 0.07333400000000001 0.07187500000000002
73 0.96375 0.1996875 0.07083400000000006 0.083125
73 0.9695834999999999 0.11499999999999999 0.05916700000000008 0.075
73 0.9695834999999999 0.48750000000000004 0.05916700000000008 0.041250000000000064
