73 0.02406 0.47670250000000003 0.04812 0.620071
73 0.1646615 0.3198925 0.320301 0.557347
73 0.29323299999999997 0.844086 0.162406 0.22580599999999995
73 0.299248 0.702509 0.153384 0.18638
73 0.307519 0.5833335 0.13985 0.17741899999999994
73 0.3090225 0.448029 0.130827 0.15770599999999996
73 0.3360905 0.328853 0.178947 0.12724000000000002
73 0.6353385 0.7455195 0.058647000000000005 0.17204299999999995
73 0.6345864999999999 0.923835 0.036090999999999984 0.14874599999999993
73 0.682707 0.34050199999999997 0.12330800000000008 0.12903199999999998
73 0.6518795 0.560036 0.055639000000000105 0.15233000000000002
73 0.743609 0.387097 0.166918 0.21147
73 0.7142854999999999 0.7903225 0.105263 0.19354899999999997
73 0.7097745 0.948925 0.08421100000000004 0.09856599999999993
73 0.7285714999999999 0.576165 0.10375900000000005 0.20967800000000003
73 0.8210525 0.9793905 0.07819500000000001 0.037634999999999974
73 0.8781955 0.874552 0.18345900000000004 0.24731199999999998
73 0.8917295000000001 0.39336899999999997 0.1774429999999999 0.213262
73 0.8533835000000001 0.6164875000000001 0.07067699999999999 0.229391
73 0.938346 0.6738355 0.060149999999999926 0.20071700000000003
