73 0.2778125 0.7729165 0.06312500000000001 0.04083300000000001
73 0.2896875 0.8570835 0.04812499999999997 0.089167
73 0.3121875 0.381667 0.06687500000000002 0.04999999999999999
73 0.3275 0.9429164999999999 0.07250000000000001 0.04083300000000001
73 0.34125000000000005 0.46625 0.09125 0.11083399999999999
73 0.34125 0.57375 0.08625000000000005 0.08083400000000007
73 0.30656249999999996 0.69 0.014374999999999971 0.058334
73 0.35875 0.6083335 0.08750000000000002 0.06666700000000003
73 0.38656250000000003 0.3945835 0.09437500000000004 0.020833000000000046
73 0.3671875 0.9275 0.026874999999999982 0.01666600000000007
73 0.3825 0.69625 0.04249999999999998 0.022499999999999964
73 0.41218750000000004 0.567083 0.029374999999999984 0.0774999999999999
73 0.4509375 0.39208350000000003 0.060624999999999984 0.020833000000000046
73 0.484375 0.7925 0.11499999999999999 0.06000000000000005
73 0.49625 0.46333349999999995 0.12 0.09833299999999995
73 0.49624999999999997 0.5754165 0.11249999999999999 0.07083299999999992
73 0.46875 0.664583 0.04125000000000001 0.07250000000000001
73 0.538125 0.898333 0.08000000000000002 0.04500000000000004
73 0.5331250000000001 0.6495835000000001 0.04874999999999996 0.07416699999999998
73 0.568125 0.965417 0.09000000000000008 0.0625
73 0.5900000000000001 0.3633335 0.06500000000000006 0.096667
73 0.5953125 0.665 0.05437500000000006 0.11333399999999993
73 0.598125 0.2516665 0.040000000000000036 0.07166699999999998
73 0.60375 0.4729165 0.03750000000000009 0.08416699999999999
73 0.6040625 0.56 0.03312499999999996 0.0716659999999999
73 0.6481250000000001 0.6958335 0.06500000000000006 0.09666700000000006
73 0.656875 0.23875000000000002 0.07499999999999996 0.090834
73 0.6578125 0.355833 0.06812499999999999 0.14
73 0.688125 0.9858335 0.11125000000000007 0.026666999999999996
73 0.6628125 0.4920835 0.05312499999999998 0.11916700000000002
73 0.6628125 0.6325000000000001 0.05062500000000003 0.04833399999999999
73 0.663125 0.5875 0.03749999999999998 0.06499999999999995
73 0.6753125 0.7441665 0.018124999999999947 0.11666699999999997
73 0.7409375 0.6487499999999999 0.10312500000000002 0.119166
73 0.7428125000000001 0.359167 0.09437499999999999 0.14
73 0.74625 0.221667 0.053749999999999964 0.095
73 0.7553125 0.5333335 0.07187500000000002 0.11833300000000002
