73 0.101744 0.3659575 0.20058199999999998 0.16595700000000002
73 0.12209300000000001 0.3276595 0.078488 0.242553
73 0.142442 0.1840425 0.10174400000000001 0.23617100000000002
73 0.167151 0.5617019999999999 0.101744 0.187234
73 0.31468050000000003 0.719149 0.344477 0.323404
73 0.306686 0.4361705 0.28779 0.15744699999999995
73 0.3081395 0.392553 0.22965099999999997 0.465958
73 0.505814 0.567021 0.15988400000000008 0.23617
73 0.5581395 0.33617050000000004 0.12209300000000001 0.39148900000000003
73 0.7732559999999999 0.7585105 0.43023200000000006 0.478723
73 0.75 0.29148949999999996 0.26162799999999997 0.553191
