73 0.314583 0.2740625 0.1775 0.09562500000000002
73 0.33625 0.6984375 0.21583399999999997 0.104375
73 0.2858335 0.830625 0.11166699999999999 0.04749999999999999
73 0.3279165 0.475625 0.195833 0.08875
73 0.329167 0.5856250000000001 0.18000000000000002 0.10124999999999995
73 0.3408335 0.3609375 0.193333 0.08187499999999998
73 0.34875 0.18406250000000002 0.20083399999999998 0.09437500000000001
73 0.6654165 0.13874999999999998 0.150833 0.0925
73 0.7016665 0.224375 0.08666700000000005 0.09875
73 0.7316665 0.8034375 0.08166699999999993 0.04812499999999997
73 0.7395835 0.714375 0.089167 0.08875
73 0.7316670000000001 0.343125 0.05500000000000005 0.05625000000000002
73 0.7370829999999999 0.4575 0.04749999999999999 0.09375
73 0.7441665 0.5865625 0.05666699999999991 0.109375
73 0.8858334999999999 0.1040625 0.22666700000000006 0.114375
73 0.891667 0.7221875 0.21500000000000008 0.07687500000000003
73 0.89375 0.30874999999999997 0.21083400000000008 0.09749999999999998
73 0.894583 0.2071875 0.20750000000000002 0.09562500000000002
73 0.8966665 0.8674999999999999 0.20333299999999999 0.15875000000000006
73 0.8970835 0.45749999999999996 0.204167 0.08999999999999997
73 0.9041669999999999 0.5821875000000001 0.19000000000000006 0.114375
73 0.95625 0.9834375 0.08583400000000008 0.03187499999999999
