73 0.134375 0.5575 0.03874999999999999 0.043333999999999984
73 0.15625 0.26125 0.0825 0.07749999999999999
73 0.15625 0.33791649999999995 0.0825 0.07583299999999998
73 0.149375 0.49375 0.06624999999999999 0.07416600000000001
73 0.15812500000000002 0.41625 0.07875000000000001 0.07416600000000001
73 0.1775 0.1845835 0.04000000000000001 0.07916700000000002
73 0.210625 0.47791700000000004 0.0675 0.027500000000000024
73 0.20875 0.5449999999999999 0.04250000000000001 0.10999999999999999
73 0.213125 0.3320835 0.036250000000000004 0.035833000000000004
73 0.23500000000000001 0.18916650000000002 0.08000000000000002 0.07333300000000001
73 0.2378125 0.2633335 0.07437500000000002 0.066667
73 0.24656250000000002 0.5625 0.05687500000000001 0.10499999999999998
73 0.266875 0.3366665 0.016250000000000042 0.058333000000000024
73 0.29281250000000003 0.5708335 0.05562499999999998 0.1133329999999999
73 0.3003125 0.4604165 0.060624999999999984 0.024166999999999994
73 0.30093749999999997 0.4716665 0.05687499999999995 0.036667000000000005
73 0.30937499999999996 0.33625 0.07124999999999998 0.08583399999999997
73 0.3140625 0.40875 0.07187499999999997 0.06916599999999995
73 0.3371875 0.5020835 0.09562500000000002 0.02416700000000005
73 0.3359375 0.58125 0.06437499999999996 0.12750000000000006
73 0.32625000000000004 0.2745835 0.03999999999999998 0.065833
73 0.38249999999999995 0.34833349999999996 0.07 0.06833300000000003
73 0.38125 0.22041650000000002 0.065 0.025833000000000023
73 0.37468749999999995 0.39749999999999996 0.049375 0.02999999999999997
73 0.3803125 0.272917 0.06062500000000004 0.07250000000000004
73 0.43156249999999996 0.5258335000000001 0.10562500000000002 0.031667
73 0.4196875 0.6104165 0.06187500000000001 0.13083299999999998
73 0.4278125 0.4741665 0.051875000000000004 0.08666699999999994
73 0.46062499999999995 0.273333 0.09125 0.060000000000000026
73 0.460625 0.2295835 0.08875 0.024166999999999994
73 0.46125 0.40625 0.08750000000000002 0.060834000000000055
73 0.476875 0.3458335 0.0675 0.06333300000000003
73 0.48968749999999994 0.63 0.08812499999999995 0.1499999999999999
73 0.4928125 0.5395835 0.09437500000000004 0.030833
73 0.5278125 0.46916650000000004 0.05312499999999998 0.038333000000000006
73 0.5290625 0.4170835 0.05062499999999992 0.06916699999999998
73 0.5309375000000001 0.23041699999999998 0.04937500000000006 0.022499999999999992
73 0.5328124999999999 0.2779165 0.05312499999999998 0.06583300000000003
73 0.5331250000000001 0.3466665 0.04500000000000004 0.06833299999999998
73 0.573125 0.555833 0.11749999999999994 0.040000000000000036
73 0.5721875000000001 0.6654165000000001 0.09312500000000001 0.12416700000000003
73 0.5828125 0.34833349999999996 0.05437499999999995 0.06833300000000003
73 0.58125 0.2729165 0.04375000000000007 0.07583300000000004
73 0.5853125 0.2220835 0.046875 0.019167000000000017
73 0.5871875 0.4191665 0.04812499999999997 0.06166700000000003
73 0.634375 0.5008335 0.053749999999999964 0.10166700000000001
73 0.6421874999999999 0.1979165 0.06187500000000001 0.064167
73 0.6434375 0.350417 0.059374999999999956 0.07250000000000001
73 0.6440625 0.434583 0.05812499999999998 0.08250000000000002
73 0.6890625 0.5483335 0.130625 0.04166700000000001
73 0.6603125 0.27375 0.02562500000000001 0.07416600000000004
73 0.7040625 0.352083 0.06437499999999996 0.07250000000000001
73 0.7084375 0.43875 0.06562499999999993 0.08749999999999997
73 0.711875 0.2675 0.0625 0.07166600000000001
73 0.7196875 0.1141665 0.028125000000000067 0.048333000000000015
73 0.7953125 0.5229165 0.13312499999999994 0.07416700000000004
73 0.778125 0.3570835 0.07874999999999999 0.08583300000000005
73 0.77875 0.2658335 0.07500000000000007 0.08333299999999999
73 0.7793749999999999 0.44375 0.07625000000000004 0.07749999999999996
73 0.790625 0.095417 0.07000000000000006 0.07250000000000001
73 0.8668750000000001 0.2625 0.08750000000000002 0.09
73 0.871875 0.0841665 0.04874999999999996 0.056667
73 0.9028125 0.17791649999999998 0.020625000000000004 0.065833
73 0.953125 0.2608335 0.09250000000000003 0.09666700000000003
73 0.9621875 0.3616665 0.06187500000000001 0.10166699999999995
73 0.9659375 0.0616665 0.06687500000000002 0.066667
73 0.9853125 0.16625 0.028125000000000067 0.07583399999999998
