73 0.620312 0.7359375 0.19999999999999996 0.27500100000000005
73 0.08125 0.4734375 0.1625 0.27812500000000007
73 0.1039065 0.7476565 0.207813 0.2828130000000001
73 0.09765599999999999 0.233594 0.167188 0.23281199999999996
73 0.2546875 0.2695315 0.19374899999999998 0.242187
73 0.263281 0.7796875000000001 0.189062 0.19687500000000002
73 0.2820315 0.5265625 0.217187 0.28437499999999993
73 0.401563 0.2773435 0.15625 0.22343700000000002
73 0.45546849999999994 0.7398435 0.14531299999999997 0.21093699999999993
73 0.477344 0.49453100000000005 0.12968800000000003 0.21406200000000003
73 0.5570315 0.239062 0.18906299999999998 0.23750000000000002
73 0.6335934999999999 0.4851565 0.19531299999999996 0.24531300000000006
73 0.7375005 0.233594 0.171875 0.24218800000000001
73 0.775781 0.7460935 0.1421880000000001 0.23281300000000005
73 0.8140625 0.4843745 0.19999900000000004 0.28437499999999993
73 0.865625 0.2390625 0.11250000000000004 0.21562499999999998
73 0.93125 0.7507815 0.13437600000000005 0.23281299999999994
73 0.9507815 0.5007815 0.09531300000000009 0.24843700000000002
73 0.9539065 0.253125 0.089063 0.28125
