73 0.143125 0.7287049999999999 0.1725 0.11158400000000002
73 0.1315625 0.552385 0.14437499999999998 0.07751200000000003
73 0.144375 0.352641 0.16749999999999998 0.088586
73 0.1459375 0.4535775 0.17062500000000003 0.09965900000000005
73 0.145625 0.193782 0.16249999999999998 0.09966
73 0.14937499999999998 0.6158435 0.1525 0.07495699999999994
73 0.42562500000000003 0.8858604999999999 0.13625000000000004 0.045996999999999955
73 0.43343750000000003 0.8607324999999999 0.06187499999999996 0.033219
73 0.5265625 0.20826250000000002 0.12937500000000007 0.04514500000000002
73 0.5321875 0.24829649999999998 0.135625 0.038330999999999976
73 0.5346875 0.2955705 0.128125 0.06643900000000003
73 0.5353125 0.360307 0.12937499999999996 0.08006800000000003
73 0.5371875 0.451874 0.133125 0.08262400000000003
73 0.5146875 0.5306645000000001 0.085625 0.05451499999999998
73 0.550625 0.6878195 0.08374999999999999 0.08943699999999999
73 0.5471874999999999 0.5954005 0.07437499999999997 0.06132899999999997
73 0.6481250000000001 0.425043 0.04500000000000004 0.07325400000000004
73 0.8290625 0.9284494999999999 0.125625 0.07495700000000005
73 0.85625 0.8534919999999999 0.14875000000000005 0.06473600000000002
