73 0.07656249999999999 0.4005555 0.146875 0.3077770000000001
73 0.1746875 0.3055555 0.140625 0.286667
73 0.2890625 0.2633335 0.12437500000000001 0.266667
73 0.3528125 0.5911109999999999 0.184375 0.18444399999999994
73 0.39125 0.273889 0.09250000000000003 0.223334
73 0.43343750000000003 0.432222 0.12562500000000004 0.11555599999999999
73 0.48406249999999995 0.2283335 0.10937499999999994 0.254445
73 0.525625 0.5583335 0.11250000000000004 0.15888899999999995
73 0.57375 0.4244445 0.09624999999999995 0.10444500000000001
73 0.6203125 0.269444 0.08687499999999992 0.21
73 0.7115625000000001 0.375 0.11562499999999998 0.138888
73 0.8325 0.325 0.13749999999999996 0.25666599999999995
