73 0.105957 0.389706 0.06152400000000001 0.14117599999999997
73 0.1894535 0.6014710000000001 0.08203100000000002 0.15000000000000002
73 0.26123050000000003 0.6463235 0.05371100000000001 0.03970499999999999
73 0.333984 0.6933819999999999 0.07617200000000002 0.1544120000000001
73 0.49511700000000003 0.7749999999999999 0.04492199999999996 0.06764800000000004
73 0.692871 0.6507355 0.19238200000000005 0.14264699999999997
73 0.7065429999999999 0.4992645 0.21972599999999998 0.13676500000000003
73 0.689453 0.8316175 0.18164000000000002 0.1485289999999999
73 0.6513675000000001 0.363235 0.09570299999999998 0.12058799999999997
73 0.711426 0.2286765 0.2158199999999999 0.11911700000000003
73 0.779785 0.3654415 0.079102 0.10735299999999998
