73 0.100781 0.9572915 0.201562 0.08333299999999999
73 0.1039065 0.21770850000000003 0.207813 0.11458300000000002
73 0.10625 0.684896 0.2125 0.11770800000000003
73 0.10625 0.8171875 0.2125 0.12187500000000007
73 0.1101565 0.31875 0.220313 0.129166
73 0.111719 0.5453125 0.223438 0.11354100000000006
73 0.116406 0.4265625 0.232812 0.11145899999999997
73 0.121875 0.04375 0.24375 0.0875
73 0.1062505 0.118229 0.203125 0.11354199999999999
73 0.536719 0.063021 0.626562 0.126042
73 0.6031255 0.921875 0.759375 0.15416600000000003
73 0.6078125 0.3421875 0.765625 0.20729099999999998
73 0.609375 0.21718749999999998 0.76875 0.23437499999999997
73 0.611719 0.6348955000000001 0.7734380000000001 0.15937499999999993
73 0.6132815 0.7562500000000001 0.770313 0.21250000000000002
73 0.615625 0.116146 0.765626 0.232292
73 0.615625 0.469792 0.765626 0.21250000000000008
73 0.34687500000000004 0.0135415 0.14375 0.027083
