73 0.35875 0.872082 0.31125 0.20541600000000004
73 0.010625 0.598973 0.02125 0.114846
73 0.042499999999999996 0.46638650000000004 0.034999999999999996 0.08683500000000005
73 0.0478125 0.5527545 0.036875000000000005 0.06722700000000004
73 0.0540625 0.6302525 0.026875000000000003 0.07282900000000003
73 0.0590625 0.7021475 0.026874999999999996 0.07469700000000001
73 0.0640625 0.7763774999999999 0.026874999999999996 0.06629300000000005
73 0.0759375 0.856676 0.014374999999999999 0.062558
73 0.11812500000000001 0.6932775 0.08125 0.559291
73 0.08499999999999999 0.9323064999999999 0.006249999999999992 0.053221000000000074
73 0.5646875 0.827731 0.869375 0.34267000000000003
73 0.28875 0.289916 0.1525 0.10924400000000001
73 0.2884375 0.387488 0.14437499999999998 0.08216599999999996
73 0.296875 0.471989 0.15125 0.10177400000000003
73 0.3 0.538282 0.155 0.10737599999999997
73 0.32125000000000004 0.59197 0.16875 0.06909399999999999
73 0.5421874999999999 0.407563 0.32687499999999997 0.27170800000000006
73 0.73125 0.6358545 0.37124999999999997 0.160597
73 0.75875 0.494865 0.16000000000000003 0.08963600000000005
73 0.9525 0.468254 0.09375 0.33520000000000005
