73 0.5245835 0.733125 0.949167 0.5325
73 0.267083 0.3259375 0.3825 0.104375
73 0.269167 0.164375 0.25 0.32875
73 0.29083349999999997 0.483125 0.216667 0.14500000000000002
73 0.4195835 0.4225 0.090833 0.13374999999999998
73 0.5204165000000001 0.49343750000000003 0.23916700000000002 0.24812500000000004
73 0.8429165 0.3959375 0.214167 0.02562500000000001
73 0.825 0.33187500000000003 0.15000000000000002 0.065
73 0.8441665 0.26875 0.156667 0.06500000000000003
73 0.842917 0.19718750000000002 0.12250000000000005 0.071875
