73 0.029375 0.630863 0.05875 0.24859200000000004
73 0.029375 0.900094 0.05875 0.197936
73 0.111875 0.5942775 0.09375 0.17917499999999997
73 0.109375 0.845216 0.08625 0.21576000000000006
73 0.226875 0.3991555 0.10250000000000001 0.030957000000000012
73 0.2203125 0.7368669999999999 0.06687499999999996 0.17917400000000006
73 0.218125 0.8935275 0.05750000000000002 0.20731699999999997
73 0.28812499999999996 0.7753285 0.048750000000000016 0.18292700000000006
73 0.28875 0.5276735 0.04749999999999999 0.11913700000000005
73 0.286875 0.651032 0.04125000000000001 0.1350840000000001
73 0.3309375 0.510788 0.024375000000000036 0.08536600000000005
73 0.3309375 0.6125705 0.021874999999999978 0.09568500000000002
73 0.3290625 0.7016884999999999 0.015625 0.07504699999999997
73 0.36624999999999996 0.5712945 0.05624999999999997 0.10131299999999999
73 0.36687499999999995 0.664634 0.05499999999999999 0.130394
73 0.3534375 0.5098499999999999 0.015625 0.07035599999999997
73 0.36625 0.493433 0.015000000000000013 0.065666
73 0.3784375 0.491557 0.019374999999999976 0.061914000000000025
73 0.4159375 0.47514049999999997 0.02562500000000001 0.036585000000000034
73 0.419375 0.5290805000000001 0.030000000000000027 0.06003700000000001
73 0.42 0.5694185 0.03125 0.071295
73 0.474375 0.48968100000000003 0.04749999999999999 0.018762
73 0.5634375 0.5393995 0.04062500000000002 0.07317099999999999
73 0.599375 0.5136025 0.08250000000000002 0.05909899999999996
73 0.5859375 0.567542 0.0318750000000001 0.06754199999999999
73 0.6140625 0.6022515 0.03937500000000005 0.09756100000000001
73 0.6468750000000001 0.5492495 0.06874999999999998 0.06472700000000009
73 0.66 0.6411815000000001 0.05249999999999999 0.11913699999999994
73 0.6884375 0.57833 0.06562499999999993 0.04971799999999993
73 0.7084375 0.70591 0.06937500000000008 0.14727999999999997
73 0.7459374999999999 0.6181989999999999 0.12687499999999996 0.08442800000000006
73 0.7653125 0.760788 0.078125 0.17260799999999998
73 0.8159375 0.675891 0.07687500000000003 0.04596599999999995
73 0.8246875 0.8175425000000001 0.07187500000000002 0.164165
73 0.846875 0.6913695 0.09999999999999998 0.07692299999999996
73 0.8659375 0.7166980000000001 0.08187500000000003 0.06941800000000009
73 0.924375 0.890713 0.15000000000000002 0.21669800000000006
73 0.9299999999999999 0.737805 0.13875000000000004 0.10788000000000009
73 0.9525 0.7800185 0.09375 0.11538499999999996
73 0.978125 0.8414634999999999 0.04249999999999998 0.06941900000000001
