73 0.3434375 0.7708809999999999 0.686875 0.19923400000000002
73 0.26625 0.5758620000000001 0.52 0.23831400000000003
73 0.2646875 0.3823755 0.489375 0.29578499999999996
73 0.284375 0.22452100000000003 0.50625 0.295786
73 0.249375 0.0984675 0.41625 0.196935
73 0.51 0.08544099999999999 0.09625 0.075862
73 0.585625 0.943295 0.18624999999999997 0.11187799999999992
73 0.5862499999999999 0.388506 0.16249999999999998 0.098084
73 0.5953124999999999 0.4685825 0.155625 0.08965500000000004
73 0.598125 0.6444445 0.14749999999999996 0.07356300000000005
73 0.6025 0.1582375 0.13875000000000004 0.11111100000000002
73 0.6065625 0.5628355 0.1468750000000001 0.09578500000000001
73 0.60875 0.31187750000000003 0.13749999999999996 0.09961700000000001
73 0.606875 0.078544 0.12750000000000006 0.103448
73 0.6078125 0.23831400000000003 0.12187499999999996 0.096552
73 0.8190625 0.1149425 0.285625 0.229885
