73 0.0721875 0.165575 0.144375 0.16089799999999999
73 0.10625 0.0491115 0.2125 0.098223
73 0.11 0.3143125 0.22 0.16651099999999996
73 0.16375 0.5355475000000001 0.3275 0.341441
73 0.1728125 0.936857 0.345625 0.12441599999999997
73 0.1740625 0.786249 0.348125 0.270346
73 0.1821875 0.15435 0.075625 0.157156
73 0.3621875 0.1239475 0.276875 0.197381
73 0.3609375 0.027128 0.271875 0.054256
73 0.36875 0.2642655 0.27125 0.19363899999999998
73 0.4034375 0.42984100000000003 0.171875 0.34144
73 0.563125 0.703461 0.40874999999999995 0.271282
73 0.5565625000000001 0.88073 0.38312500000000005 0.23666999999999994
73 0.52 0.3536015 0.125 0.130963
73 0.5340625 0.4695975 0.08437500000000003 0.170253
73 0.745625 0.36997199999999997 0.36375 0.40131
73 0.7659374999999999 0.1375115 0.364375 0.275023
