73 0.0584375 0.6712009999999999 0.116875 0.134146
73 0.1821875 0.575047 0.16437500000000002 0.330206
73 0.2315625 0.5393995 0.141875 0.29831100000000005
73 0.30374999999999996 0.4751405 0.14875 0.21106900000000006
73 0.346875 0.70591 0.1725 0.10037600000000002
73 0.3725 0.6088180000000001 0.21875 0.17448399999999997
73 0.3515625 0.760788 0.16937500000000005 0.09005600000000002
73 0.43843750000000004 0.4704505 0.133125 0.20919299999999996
73 0.4475 0.380863 0.125 0.050656000000000034
73 0.5359375 0.7542215 0.22812500000000002 0.14634100000000005
73 0.53 0.6200749999999999 0.21125 0.16698000000000002
73 0.530625 0.683865 0.20750000000000002 0.15572200000000003
73 0.5690625 0.53424 0.13812500000000005 0.342402
73 0.6268750000000001 0.3846155 0.05625000000000002 0.02626700000000004
73 0.69625 0.55394 0.15625 0.34240200000000004
73 0.7625 0.588649 0.14625 0.327392
73 0.780625 0.6566605 0.13624999999999998 0.39399699999999993
73 0.9271875 0.630863 0.14437500000000003 0.141652
