73 0.01875 0.475 0.0375 0.125
73 0.0240625 0.287917 0.048125 0.1275
73 0.0253125 0.10541700000000001 0.050625 0.11750000000000001
73 0.22749999999999998 0.10125 0.3075 0.119166
73 0.23531249999999998 0.47416650000000005 0.286875 0.14166700000000004
73 0.5490625 0.10041649999999999 0.29437500000000005 0.110833
73 0.4928125 0.47250000000000003 0.179375 0.135
73 0.5515625 0.2804165 0.29687499999999994 0.11916700000000002
73 0.5096875000000001 0.6533335 0.17437500000000006 0.13833300000000004
73 0.5090625 0.8154165 0.085625 0.12083299999999997
73 0.8634375000000001 0.097083 0.271875 0.1175
73 0.8634375000000001 0.2729165 0.271875 0.13416700000000004
73 0.8634375000000001 0.44583300000000003 0.271875 0.15999999999999998
73 0.8228125 0.6412500000000001 0.18062499999999992 0.14083400000000001
73 0.8578125 0.804167 0.13187499999999996 0.11499999999999999
