73 0.52875 0.9344425000000001 0.10750000000000004 0.127201
73 0.535625 0.601761 0.11874999999999997 0.12328800000000006
73 0.543125 0.43835650000000004 0.11624999999999996 0.12133100000000002
73 0.540625 0.2798435 0.10874999999999996 0.10958899999999999
73 0.536875 0.782779 0.09624999999999995 0.09784799999999994
73 0.644375 0.27201549999999997 0.10375000000000001 0.10958899999999999
73 0.75 0.9598825 0.11250000000000004 0.07632099999999997
73 0.75375 0.451076 0.11499999999999999 0.11937399999999998
73 0.75 0.11350299999999999 0.10250000000000004 0.093934
73 0.75125 0.2690805 0.09999999999999998 0.14677099999999998
73 0.785625 0.5900195 0.04125000000000001 0.04892300000000005
73 0.85625 0.7994129999999999 0.12 0.12328799999999995
73 0.859375 0.28864999999999996 0.10624999999999996 0.107632
73 0.823125 0.9471625 0.028750000000000053 0.10176099999999999
73 0.859375 0.432485 0.0987499999999999 0.14872799999999997
73 0.864375 0.606654 0.1087499999999999 0.15655600000000003
73 0.885 0.9471625 0.07499999999999996 0.10176099999999999
73 0.96 0.4559685 0.07750000000000001 0.10567499999999996
73 0.9606250000000001 0.618395 0.07625000000000004 0.15655600000000003
73 0.961875 0.24951099999999998 0.07374999999999998 0.16634000000000002
73 0.961875 0.8003914999999999 0.07374999999999998 0.14090100000000005
73 0.963125 0.9471625 0.07125000000000004 0.10176099999999999
