73 0.1346875 0.329096 0.231875 0.108286
73 0.1565625 0.865819 0.224375 0.17796600000000007
73 0.211875 0.096987 0.19375000000000003 0.193974
73 0.3021875 0.2707155 0.18437499999999998 0.05555500000000002
73 0.310625 0.3013185 0.19874999999999998 0.05273099999999997
73 0.3028125 0.764595 0.17812499999999998 0.16384200000000004
73 0.39875 0.2405835 0.19625000000000004 0.07250500000000001
73 0.393125 0.6854990000000001 0.1825 0.13747600000000004
73 0.4815625 0.6200565 0.174375 0.12523499999999999
73 0.4784375 0.1939735 0.16312500000000008 0.092279
73 0.518125 0.9317325000000001 0.22375 0.13465099999999997
73 0.5659375 0.15678 0.179375 0.09887000000000001
73 0.5603125 0.559793 0.16062500000000002 0.11393600000000004
73 0.743125 0.7288135 0.31500000000000006 0.301319
73 0.6553125 0.4788135 0.12437500000000001 0.095103
73 0.6615625 0.1238225 0.13437500000000002 0.066855
73 0.7221875 0.09510350000000001 0.13312499999999994 0.067797
73 0.7250000000000001 0.4359695 0.12 0.07721299999999998
73 0.7821875 0.07438800000000001 0.11937500000000001 0.06968
73 0.7921875 0.398305 0.09062500000000007 0.079096
73 0.8221875000000001 0.36534849999999996 0.11812499999999992 0.07532900000000003
73 0.834375 0.059322 0.11375000000000002 0.06214600000000001
73 0.8674999999999999 0.3370995 0.10249999999999992 0.06214699999999995
73 0.880625 0.0409605 0.11125000000000007 0.040489000000000004
73 0.9146875 0.507062 0.16937500000000005 0.181732
73 0.9234374999999999 0.27919 0.135625 0.11958599999999997
