73 0.135547 0.9506835 0.271094 0.09667899999999996
73 0.213672 0.149414 0.427344 0.1875
73 0.379297 0.428223 0.758594 0.301758
73 0.3953125 0.619629 0.790625 0.5380860000000001
73 0.503125 0.6796875 0.6 0.519531
73 0.330469 0.9853514999999999 0.10781200000000002 0.027343000000000006
73 0.39140600000000003 0.953613 0.08906200000000003 0.09082000000000001
73 0.586719 0.19042949999999997 0.36874999999999997 0.12304699999999999
73 0.531641 0.811035 0.15234400000000003 0.15332
73 0.7621095 0.5371095 0.06796899999999995 0.08984299999999995
