73 0.2171875 0.1820835 0.41062499999999996 0.339167
73 0.1053125 0.54625 0.145625 0.3308340000000001
73 0.1209375 0.86 0.125625 0.2783340000000001
73 0.24343750000000003 0.844167 0.13062500000000002 0.31000000000000005
73 0.2475 0.5266664999999999 0.13875 0.27333299999999994
73 0.364375 0.05375 0.26125 0.1075
73 0.3296875 0.76625 0.10312499999999997 0.22249999999999992
73 0.380625 0.952917 0.15375 0.09250000000000003
73 0.37593750000000004 0.5095835 0.10812499999999997 0.24583299999999997
73 0.42625 0.7529165 0.08000000000000002 0.24083300000000007
73 0.59375 0.1 0.20500000000000002 0.2
73 0.5634375 0.2658335 0.13437499999999997 0.19333299999999998
73 0.5665625000000001 0.4975 0.135625 0.19499999999999995
73 0.5762499999999999 0.6879165 0.14249999999999996 0.23083299999999995
73 0.58 0.8908335000000001 0.14500000000000002 0.21666700000000005
73 0.6240625 0.977917 0.04937500000000006 0.04249999999999998
73 0.7165625 0.30875 0.055625000000000036 0.12083400000000002
73 0.730625 0.6145835 0.08125000000000004 0.16416700000000006
73 0.7259375 0.9225 0.06687500000000002 0.15333400000000008
73 0.7228125 0.46416650000000004 0.055625000000000036 0.15166700000000005
73 0.730625 0.7591665000000001 0.07125000000000004 0.146667
73 0.8146875 0.884583 0.06062499999999993 0.13250000000000006
73 0.843125 0.5783335000000001 0.11499999999999999 0.11166700000000007
73 0.8378125000000001 0.4425 0.10187500000000005 0.10833400000000004
73 0.82875 0.8016665000000001 0.08125000000000004 0.04833300000000007
73 0.826875 0.7112499999999999 0.0675 0.12249999999999994
73 0.8696875 0.3104165 0.13437500000000002 0.12083300000000002
73 0.8831249999999999 0.826667 0.07625000000000004 0.04999999999999993
73 0.8843749999999999 0.8883335 0.07874999999999999 0.12166699999999997
73 0.8940625 0.7120835 0.06687500000000002 0.13083299999999998
73 0.944375 0.44125 0.10875000000000001 0.120834
73 0.9475 0.5904165 0.10250000000000004 0.12583300000000008
73 0.9615625 0.9125000000000001 0.07562500000000005 0.15000000000000002
73 0.9646875 0.7229165 0.06937499999999996 0.145833
