73 0.1303125 0.28750000000000003 0.260625 0.11000000000000001
73 0.14687499999999998 0.4004165 0.24999999999999997 0.13583299999999998
73 0.16343749999999999 0.5120835 0.21187499999999998 0.13916700000000004
73 0.344375 0.83875 0.33875000000000005 0.32083400000000006
73 0.37406249999999996 0.655 0.296875 0.308334
73 0.423125 0.43125 0.31 0.21916600000000003
73 0.671875 0.3141665 0.3062499999999999 0.091667
73 0.684375 0.2445835 0.3175 0.08583299999999996
73 0.7215625 0.578333 0.26312500000000005 0.4099999999999999
73 0.7731250000000001 0.7820834999999999 0.23250000000000004 0.4341670000000001
73 0.8928125 0.885417 0.13312499999999994 0.22750000000000004
