73 0.0976075 0.5025 0.195215 0.755
73 0.2660285 0.5828125 0.07846900000000001 0.04437499999999994
73 0.271292 0.5246875 0.067942 0.05812499999999998
73 0.34210549999999995 0.57375 0.062201000000000006 0.07000000000000006
73 0.4100475 0.5778125000000001 0.062201000000000006 0.05812500000000009
73 0.480383 0.5778125000000001 0.09952199999999994 0.06187500000000001
73 0.479426 0.5225 0.055501999999999996 0.06
73 0.558852 0.5703125 0.06315800000000005 0.059374999999999956
73 0.5956935 0.44906250000000003 0.11961700000000008 0.309375
73 0.8521529999999999 0.504375 0.29378000000000004 0.6387499999999999
73 0.947847 0.905625 0.10239200000000004 0.1875
