73 0.0328125 0.526953 0.065625 0.8460939999999999
73 0.15312499999999998 0.5269535 0.20625 0.8695309999999999
73 0.31666649999999996 0.53125 0.185417 0.8718760000000001
73 0.43958300000000006 0.5476565 0.1375 0.842187
73 0.5369795 0.544922 0.153125 0.847656
73 0.6072915000000001 0.5527345 0.11458299999999999 0.838281
73 0.6609375 0.5484375 0.12187500000000007 0.864063
73 0.7385415 0.5484375 0.15833299999999995 0.854687
73 0.8192705 0.54375 0.171875 0.859374
73 0.9130205 0.550781 0.171875 0.8625
73 0.9609375 0.5464845 0.07604100000000003 0.716407
