73 0.010547 0.478312 0.021094 0.11957800000000007
73 0.0132815 0.295428 0.026563 0.14067999999999997
73 0.0234375 0.084408 0.046875 0.168816
73 0.0339845 0.1676435 0.038280999999999996 0.07971899999999998
73 0.035938 0.3493555 0.037500000000000006 0.121923
73 0.040624999999999994 0.5703400000000001 0.046874 0.10433799999999993
73 0.054297 0.39566250000000003 0.03515599999999999 0.10668300000000003
73 0.055078 0.232122 0.01796799999999999 0.10081999999999999
73 0.061327999999999994 0.08616650000000001 0.025781999999999992 0.064479
73 0.0707035 0.4665885 0.019531 0.06565100000000001
73 0.076953 0.176436 0.025782 0.057443999999999995
73 0.076953 0.630715 0.025782 0.10550999999999999
73 0.0902345 0.6723325 0.032031000000000004 0.101993
73 0.091406 0.5058615 0.024999999999999994 0.06682300000000002
73 0.0960935 0.348183 0.028124999999999997 0.08206399999999997
73 0.108203 0.3997655 0.027343999999999993 0.08675299999999997
73 0.1128905 0.546307 0.025781 0.09144200000000002
73 0.128125 0.450176 0.023438 0.086752
73 0.2152345 0.9402109999999999 0.138281 0.107854
73 0.221484 0.7274324999999999 0.135156 0.08558100000000002
73 0.2195315 0.8235635 0.12656299999999998 0.09495900000000002
73 0.23749950000000003 0.626612 0.146875 0.0855800000000001
73 0.4 0.923212 0.154688 0.10433800000000004
73 0.4066405 0.8241499999999999 0.149219 0.09378600000000004
73 0.4054685 0.7063305 0.142187 0.07385699999999995
73 0.411719 0.6207505 0.15000000000000002 0.07385700000000006
73 0.427344 0.616647 0.010938000000000003 0.07033999999999996
73 0.5839845 0.699883 0.14609300000000003 0.07737399999999994
73 0.588672 0.813599 0.15234400000000003 0.09847600000000001
73 0.5859375 0.587339 0.14218700000000006 0.07971800000000007
73 0.5874995 0.9349355 0.140625 0.09495900000000002
73 0.7367189999999999 0.573271 0.11875000000000002 0.07737400000000005
73 0.7585934999999999 0.6635405000000001 0.14218699999999995 0.072685
73 0.764453 0.749707 0.15078200000000008 0.078546
73 0.7519530000000001 0.8475969999999999 0.10859399999999997 0.07737399999999994
73 0.767578 0.9402109999999999 0.12890599999999997 0.08206400000000003
73 0.9175785 0.401524 0.163281 0.803048
