73 0.0703125 0.3516665 0.12187500000000001 0.598889
73 0.34375 0.1138885 0.19625 0.141111
73 0.35062499999999996 0.788333 0.19 0.15000000000000002
73 0.3571875 0.2883335 0.179375 0.13888899999999998
73 0.3571875 0.622778 0.176875 0.1344439999999999
73 0.3684375 0.4494445 0.164375 0.13222300000000003
73 0.5940624999999999 0.107222 0.29437499999999994 0.145556
73 0.5940624999999999 0.9405555 0.29437499999999994 0.11666700000000008
73 0.5953125 0.4416665 0.29187499999999994 0.13666699999999998
73 0.5953125 0.6172219999999999 0.29187499999999994 0.1455559999999999
73 0.5946875 0.7894445 0.288125 0.13888900000000004
73 0.5971875 0.2716665 0.28812499999999996 0.14555499999999996
73 0.8734375000000001 0.44666649999999997 0.25187499999999996 0.12666700000000003
73 0.875 0.08722250000000001 0.24875000000000003 0.141111
73 0.875625 0.2622225 0.24750000000000005 0.14666700000000002
73 0.875625 0.6105560000000001 0.24750000000000005 0.15000000000000002
73 0.875625 0.7916665 0.24750000000000005 0.156667
73 0.875625 0.937778 0.24750000000000005 0.12222200000000005
