73 0.0878125 0.793995 0.103125 0.21017599999999992
73 0.11281250000000001 0.5112595 0.10437500000000001 0.145121
73 0.1321875 0.3356965 0.043125 0.06588899999999998
73 0.24531250000000002 0.8219350000000001 0.10062500000000002 0.13261
73 0.333125 0.8340285000000001 0.036250000000000004 0.16013299999999997
73 0.383125 0.6096745 0.11624999999999996 0.15179300000000007
73 0.3903125 0.7756465 0.078125 0.10842299999999994
73 0.54125 0.910342 0.07624999999999993 0.08423599999999998
73 0.54625 0.586322 0.08125000000000004 0.03669800000000001
73 0.5231250000000001 0.6613845 0.032500000000000084 0.058381000000000016
73 0.52 0.7414510000000001 0.01750000000000007 0.06338600000000005
73 0.540625 0.820267 0.053749999999999964 0.07422799999999996
73 0.74125 0.25896600000000003 0.43000000000000005 0.397832
73 0.5734375 0.66055 0.06062500000000004 0.06005000000000005
73 0.565 0.739366 0.036250000000000004 0.06755600000000006
73 0.6053124999999999 0.8319435 0.051875000000000004 0.03753100000000009
73 0.6290625000000001 0.7406170000000001 0.09187500000000004 0.05504600000000004
73 0.6309375 0.9003334999999999 0.08812500000000001 0.08590500000000001
73 0.6325000000000001 0.5742285 0.0824999999999999 0.07089299999999998
73 0.6690625 0.820684 0.07062499999999994 0.06005000000000005
73 0.6503125000000001 0.668057 0.028125000000000067 0.04837399999999992
73 0.6871875000000001 0.6738949999999999 0.048125000000000084 0.04337000000000002
73 0.7112499999999999 0.8978315 0.07500000000000007 0.06755700000000009
73 0.71625 0.737698 0.06999999999999995 0.06422000000000005
73 0.7175 0.5825685 0.07250000000000001 0.080901
73 0.7350000000000001 0.668057 0.04749999999999999 0.04837399999999992
73 0.7525 0.8094245 0.07500000000000007 0.07256099999999999
73 0.7690625 0.880734 0.030625000000000013 0.06004999999999994
73 0.77125 0.7406170000000001 0.03499999999999992 0.05504600000000004
73 0.7646875 0.6071725 0.016874999999999973 0.04336899999999999
73 0.8553125 0.91618 0.14187499999999997 0.1209340000000001
73 0.8034375 0.666389 0.026874999999999982 0.058381999999999934
73 0.8078125 0.8102585 0.02562500000000001 0.0708930000000001
73 0.82125 0.748123 0.04249999999999998 0.06004999999999994
73 0.824375 0.587156 0.04125000000000001 0.06505399999999995
73 0.8478125000000001 0.825688 0.06187500000000001 0.06672199999999995
73 0.850625 0.6672225 0.04375000000000007 0.046704999999999997
73 0.8859375 0.73603 0.045624999999999916 0.07756399999999997
73 0.9025000000000001 0.8319435 0.03500000000000003 0.07589699999999999
73 0.9071875 0.646372 0.03312499999999996 0.06672200000000006
