73 0.0715625 0.84375 0.143125 0.1108340000000001
73 0.08750000000000001 0.39875 0.1575 0.125834
73 0.1040625 0.5629165 0.14187499999999997 0.12083300000000008
73 0.14250000000000002 0.2795835 0.11250000000000002 0.139167
73 0.2953125 0.50375 0.134375 0.03250000000000003
73 0.2953125 0.5433330000000001 0.134375 0.05999999999999994
73 0.29593749999999996 0.5879165 0.133125 0.035833000000000004
73 0.2875 0.247917 0.10874999999999999 0.0925
73 0.3115625 0.79375 0.13062500000000002 0.19583399999999995
73 0.44499999999999995 0.3633335 0.15499999999999997 0.168333
73 0.503125 0.7475 0.19374999999999998 0.245
73 0.6040625 0.3158335 0.188125 0.256667
73 0.7128125000000001 0.7475 0.18062499999999992 0.193334
73 0.763125 0.305833 0.2300000000000001 0.26
73 0.8200000000000001 0.5554165 0.15000000000000002 0.19416699999999998
73 0.8903125000000001 0.7024999999999999 0.20062499999999994 0.255
