73 0.1040625 0.45680750000000003 0.024375000000000008 0.06666699999999998
73 0.155 0.46150250000000004 0.03749999999999998 0.06854500000000002
73 0.3921875 0.540376 0.18812500000000004 0.203756
73 0.5021875 0.6624414999999999 0.019374999999999976 0.051642999999999994
73 0.5040625000000001 0.5934269999999999 0.020625000000000004 0.048825999999999925
73 0.5071875 0.5328634999999999 0.024375000000000036 0.05727699999999991
73 0.5075 0.470892 0.01874999999999999 0.04976600000000003
73 0.5296875 0.6136155 0.018124999999999947 0.05727700000000002
73 0.5371874999999999 0.46150250000000004 0.02937500000000004 0.06854500000000002
73 0.535 0.680751 0.020000000000000018 0.061971999999999916
73 0.5378125 0.5366195 0.02312499999999995 0.04976499999999995
73 0.5734375 0.46572800000000003 0.030625000000000013 0.06385000000000002
73 0.5746875 0.5436620000000001 0.03312500000000007 0.06197200000000003
73 0.5740625 0.624413 0.026874999999999982 0.058216000000000045
73 0.5778125000000001 0.707981 0.026875000000000093 0.05258200000000002
73 0.61 0.7225355 0.03249999999999997 0.061033000000000004
73 0.6128125 0.6319250000000001 0.03187499999999999 0.07699599999999995
73 0.6178125000000001 0.4723005 0.03187499999999999 0.06948300000000002
73 0.6259375 0.5558685000000001 0.028125000000000067 0.07511699999999999
73 0.665625 0.6488265 0.04125000000000001 0.07511699999999999
73 0.6665625 0.7502345 0.0368750000000001 0.07887299999999997
73 0.6715625000000001 0.5657274999999999 0.03187499999999999 0.06666699999999992
73 0.6759375 0.47042249999999997 0.03562500000000002 0.08075099999999996
73 0.7268749999999999 0.773709 0.04749999999999999 0.09389599999999998
73 0.7324999999999999 0.5774645 0.04874999999999996 0.08262899999999995
73 0.7375 0.4751175 0.04625000000000001 0.08638500000000005
73 0.735625 0.6779345000000001 0.040000000000000036 0.084507
73 0.8221875000000001 0.5971835 0.05937500000000007 0.08826299999999998
73 0.8259375 0.4798125 0.06687500000000002 0.08450700000000005
73 0.9115625 0.6192489999999999 0.05812500000000009 0.102348
73 0.9371875000000001 0.4840375 0.08187500000000003 0.10798099999999994
