73 0.0915625 0.63125 0.183125 0.19416600000000006
73 0.1140625 0.84375 0.228125 0.17916599999999994
73 0.1159375 0.43125 0.231875 0.16750000000000004
73 0.120625 0.2245835 0.24125 0.16416700000000004
73 0.125 0.9758335 0.25 0.046667000000000014
73 0.10281249999999999 0.04375 0.204375 0.0875
73 0.244375 0.377083 0.07375000000000001 0.02749999999999997
73 0.3909375 0.05 0.364375 0.1
73 0.260625 0.42125 0.028750000000000026 0.07416600000000001
73 0.401875 0.22708299999999998 0.31125 0.17249999999999996
73 0.2846875 0.402083 0.021875000000000033 0.057499999999999996
73 0.4390625 0.41041649999999996 0.09562500000000002 0.08083299999999999
73 0.506875 0.24125000000000002 0.03249999999999997 0.1475
73 0.5484374999999999 0.44625 0.020625000000000004 0.07250000000000001
73 0.7115625 0.2391665 0.286875 0.161667
73 0.7178125 0.0533335 0.29937500000000006 0.106667
73 0.6021875 0.4329165 0.05812499999999998 0.145833
73 0.78625 0.45208349999999997 0.13375000000000004 0.16416699999999995
73 0.92625 0.447917 0.14625 0.17249999999999993
73 0.9346875 0.06375 0.12937500000000002 0.124166
73 0.94 0.2416665 0.11875000000000002 0.166667
