73 0.12708350000000002 0.6221875 0.07083300000000001 0.09687500000000004
73 0.16125 0.6725 0.09749999999999999 0.12624999999999997
73 0.1533335 0.43500000000000005 0.068333 0.13625000000000004
73 0.2116665 0.48624999999999996 0.11166700000000002 0.12624999999999997
73 0.2908335 0.7084375 0.16166700000000003 0.166875
73 0.2475 0.4034375 0.043333999999999984 0.05312499999999998
73 0.3229165 0.5 0.170833 0.17375000000000002
73 0.295833 0.3984375 0.07500000000000001 0.07687500000000003
73 0.5529165 0.7271875 0.12916700000000003 0.13312499999999994
73 0.5641670000000001 0.51875 0.13 0.13374999999999992
73 0.59625 0.40531249999999996 0.060833999999999944 0.049375
73 0.65 0.1875 0.050000000000000044 0.04625000000000001
73 0.6554169999999999 0.3840625 0.04749999999999999 0.030624999999999958
73 0.7079165000000001 0.4659375 0.13416700000000004 0.164375
73 0.6954165 0.1959375 0.05916699999999997 0.019375000000000003
73 0.6941664999999999 0.1746875 0.05166700000000002 0.020625000000000004
73 0.7329165 0.4315625 0.11083299999999996 0.109375
73 0.7012499999999999 0.2240625 0.03416600000000003 0.020625000000000004
73 0.76125 0.65375 0.09083399999999997 0.12249999999999994
73 0.7875 0.2053125 0.11166600000000004 0.03812499999999999
73 0.785 0.6 0.061666 0.08374999999999999
73 0.8445830000000001 0.1984375 0.04749999999999999 0.024375000000000008
73 0.8479165 0.17375000000000002 0.05083300000000002 0.022499999999999992
73 0.8545834999999999 0.2215625 0.0458329999999999 0.021875000000000006
73 0.9645835 0.2915625 0.06916699999999998 0.254375
