73 0.2141665 0.438125 0.038333000000000006 0.028749999999999998
73 0.21666649999999998 0.469375 0.03833299999999998 0.036250000000000004
73 0.269167 0.8006249999999999 0.04000000000000001 0.11124999999999996
73 0.285833 0.706875 0.030000000000000027 0.07374999999999998
73 0.2879165 0.643125 0.025832999999999995 0.0737500000000001
73 0.295833 0.90625 0.03999999999999998 0.1399999999999999
73 0.305417 0.34562499999999996 0.04249999999999998 0.10625000000000001
73 0.31375 0.565625 0.025833999999999968 0.10625000000000007
73 0.3158335 0.46125000000000005 0.023332999999999993 0.09500000000000003
73 0.3645835 0.6125 0.08083300000000004 0.13750000000000007
73 0.3670835 0.47375 0.07416699999999998 0.13999999999999996
73 0.370417 0.946875 0.07750000000000001 0.10375000000000001
73 0.3870835 0.81125 0.090833 0.17500000000000004
73 0.3870835 0.27999999999999997 0.049167000000000016 0.13499999999999998
73 0.403333 0.47 0.030000000000000027 0.16749999999999998
73 0.40625 0.651875 0.03583400000000003 0.16625
73 0.7083335 0.8175 0.528333 0.36250000000000004
73 0.49124999999999996 0.9525 0.07083400000000001 0.09250000000000003
73 0.6699999999999999 0.12375 0.31500000000000006 0.2475
73 0.7454165 0.5425 0.464167 0.49
73 0.5820835 0.484375 0.07916699999999999 0.25625000000000003
