73 0.62125 0.447936 0.053749999999999964 0.06097600000000003
73 0.6078125000000001 0.360694 0.01937500000000003 0.066604
73 0.6278125 0.5309565 0.04312500000000008 0.07317099999999999
73 0.6278125 0.664634 0.04312500000000008 0.04784200000000005
73 0.6278125 0.6060034999999999 0.038124999999999964 0.07317099999999999
73 0.6215625 0.364916 0.009375000000000022 0.06379000000000001
73 0.641875 0.370075 0.028750000000000053 0.06285200000000002
73 0.6828125 0.525328 0.04062500000000002 0.065666
73 0.6875 0.665103 0.050000000000000044 0.065666
73 0.69 0.375235 0.05500000000000005 0.065666
73 0.688125 0.5891185 0.04875000000000007 0.07879900000000006
73 0.689375 0.447936 0.05125000000000002 0.06097600000000003
73 0.846875 0.6200749999999999 0.036250000000000004 0.093808
73 0.8474999999999999 0.532833 0.03500000000000003 0.08442799999999995
73 0.84625 0.435741 0.02749999999999997 0.09099400000000002
73 0.85375 0.709662 0.04249999999999998 0.104128
73 0.8565624999999999 0.35647249999999997 0.041874999999999996 0.07504700000000003
73 0.8909374999999999 0.6810505 0.024374999999999925 0.0731710000000001
73 0.8921875 0.5253285 0.024375000000000036 0.07692300000000002
73 0.896875 0.601313 0.03374999999999995 0.08255199999999996
73 0.8946875 0.4437145 0.026874999999999982 0.07504699999999997
73 0.8987499999999999 0.3738275 0.032500000000000084 0.05534699999999998
73 0.9303125 0.5863039999999999 0.028124999999999956 0.06941800000000009
73 0.9278124999999999 0.521107 0.020625000000000004 0.06472800000000006
73 0.9296875 0.4479365 0.02187500000000009 0.057223000000000024
73 0.9321875 0.37992499999999996 0.024374999999999925 0.06003799999999998
