73 0.02125 0.5579164999999999 0.0425 0.15916699999999995
73 0.15 0.0508335 0.10999999999999999 0.101667
73 0.155 0.5533330000000001 0.11499999999999999 0.15000000000000002
73 0.15968749999999998 0.89625 0.108125 0.1875
73 0.31375 0.3079165 0.07500000000000001 0.175833
73 0.415625 0.0654165 0.27624999999999994 0.130833
73 0.6996875 0.10291650000000001 0.219375 0.134167
73 0.6856249999999999 0.28250000000000003 0.16499999999999992 0.11000000000000001
73 0.925625 0.47416650000000005 0.14749999999999996 0.09833300000000006
73 0.92625 0.09833349999999999 0.14625 0.148333
73 0.9278124999999999 0.32375 0.14312500000000006 0.1175
