73 0.09593750000000001 0.184167 0.130625 0.14499999999999996
73 0.1028125 0.640417 0.13937499999999997 0.1925
73 0.09375 0.369167 0.11625000000000002 0.16999999999999998
73 0.09 0.49166699999999997 0.09250000000000001 0.06
73 0.108125 0.8058335000000001 0.10875000000000001 0.18666700000000003
73 0.0953125 0.926667 0.069375 0.05499999999999994
73 0.141875 0.890417 0.07 0.0625
73 0.2178125 0.21458349999999998 0.020625000000000004 0.07083300000000001
73 0.2203125 0.35375 0.02562500000000001 0.064166
73 0.2203125 0.43875 0.02562500000000001 0.07249999999999995
73 0.22125 0.2825 0.027499999999999997 0.061666
73 0.2209375 0.50625 0.024375000000000008 0.0625
73 0.28 0.34416650000000004 0.03875000000000001 0.058333000000000024
73 0.2825 0.216667 0.04375000000000001 0.05499999999999999
73 0.27937500000000004 0.55 0.034999999999999976 0.05999999999999994
73 0.2825 0.485417 0.04124999999999995 0.07250000000000001
73 0.2825 0.2825 0.03624999999999995 0.061666
73 0.2825 0.427083 0.03624999999999995 0.0625
73 0.348125 0.21666649999999998 0.03875000000000001 0.061667
73 0.3509375 0.416667 0.044375 0.05499999999999999
73 0.34875 0.3408335 0.03749999999999998 0.05166700000000002
73 0.35375 0.46416650000000004 0.04375000000000001 0.06666699999999998
73 0.3496875 0.28 0.030625000000000013 0.05666600000000005
73 0.3521875 0.5216665 0.030625000000000013 0.058333000000000024
73 0.398125 0.45916650000000003 0.008750000000000036 0.04666699999999996
73 0.4 0.39916700000000005 0.007500000000000007 0.05499999999999999
73 0.400625 0.27749999999999997 0.006249999999999978 0.048334000000000044
73 0.4046875 0.5141665 0.011875000000000024 0.04333300000000001
