73 0.025 0.44 0.05 0.061666
73 0.0321875 0.6370834999999999 0.064375 0.07416699999999998
73 0.0346875 0.5691665 0.069375 0.05833299999999997
73 0.0359375 0.502083 0.071875 0.062499999999999944
73 0.0365625 0.7012499999999999 0.073125 0.08416600000000007
73 0.066875 0.757083 0.13375 0.11750000000000005
73 0.0771875 0.8208335 0.149375 0.11666700000000008
73 0.0925 0.5616665 0.0675 0.05666700000000002
73 0.08249999999999999 0.4504165 0.04375 0.05583300000000002
73 0.09593750000000001 0.6241665000000001 0.068125 0.05833300000000008
73 0.1040625 0.67875 0.06437500000000002 0.07083399999999995
73 0.1028125 0.50375 0.05937500000000001 0.055833999999999995
73 0.1603125 0.4891665 0.026874999999999982 0.043332999999999955
73 0.1603125 0.541667 0.026874999999999982 0.03499999999999992
73 0.16312500000000002 0.599167 0.03 0.040000000000000036
73 0.16218749999999998 0.7050000000000001 0.02562499999999998 0.04833399999999999
73 0.165 0.7516665 0.03125 0.04166700000000001
73 0.164375 0.6508335000000001 0.027499999999999997 0.043332999999999955
73 0.275 0.52 0.11624999999999999 0.061666
73 0.27875 0.5941665 0.11124999999999999 0.06166700000000003
73 0.2521875 0.70625 0.04562500000000003 0.02749999999999997
73 0.3109375 0.67875 0.06687499999999996 0.07250000000000001
73 0.37625 0.7879165 0.044999999999999984 0.06916699999999998
73 0.38187499999999996 0.8783335000000001 0.05124999999999996 0.07333299999999998
73 0.4340625 0.694167 0.05562499999999998 0.07000000000000006
73 0.435 0.7879165 0.04874999999999996 0.06916699999999998
73 0.436875 0.874583 0.05249999999999999 0.0774999999999999
73 0.4909375 0.8720829999999999 0.055625000000000036 0.0824999999999999
73 0.49312500000000004 0.787917 0.04375000000000001 0.07250000000000001
73 0.615 0.744167 0.04249999999999998 0.06000000000000005
73 0.6346875000000001 0.6604165 0.06062500000000004 0.06916699999999998
73 0.6403125000000001 0.5479164999999999 0.0668749999999999 0.07083300000000003
73 0.86125 0.6825 0.08250000000000002 0.05499999999999994
