73 0.04 0.6887585 0.08 0.23657699999999993
73 0.061875 0.2776845 0.12375 0.343959
73 0.055624999999999994 0.021812 0.03875 0.043624
73 0.280625 0.7223155 0.39125 0.1795310000000001
73 0.30625 0.31040300000000004 0.32 0.567114
73 0.3125 0.4874165 0.31000000000000005 0.441275
73 0.375 0.3036915 0.13749999999999996 0.258389
73 0.419375 0.1401005 0.11124999999999996 0.280201
73 0.57375 0.7323824999999999 0.04499999999999993 0.1996650000000001
73 0.6656249999999999 0.6744965 0.036250000000000004 0.31208099999999994
73 0.740625 0.2768455 0.10624999999999996 0.553691
73 0.8456250000000001 0.6535235 0.30625 0.34731500000000004
73 0.828125 0.32047 0.24875000000000003 0.64094
73 0.8512500000000001 0.36409400000000003 0.29500000000000004 0.721476
