73 0.1391665 0.67625 0.278333 0.135
73 0.1816665 0.8053125 0.24833300000000003 0.11937500000000001
73 0.67 0.663125 0.386666 0.1775
73 0.6720835000000001 0.8734375000000001 0.0458329999999999 0.09187500000000004
73 0.7783335 0.6309374999999999 0.24833299999999991 0.11312500000000003
73 0.7041664999999999 0.8709375 0.018333000000000044 0.09062499999999996
73 0.78375 0.5609375000000001 0.16916600000000004 0.020625000000000004
73 0.7370829999999999 0.75875 0.04749999999999999 0.08875
73 0.7929165 0.8596874999999999 0.10083299999999995 0.11312500000000003
73 0.8262499999999999 0.79375 0.120834 0.018749999999999933
73 0.952917 0.6340625 0.09250000000000003 0.109375
73 0.9525 0.5215624999999999 0.08166600000000002 0.10562499999999997
73 0.9616665 0.8999999999999999 0.07333299999999998 0.09750000000000003
73 0.965417 0.8049999999999999 0.0675 0.01375000000000004
