73 0.0878125 0.0727015 0.175625 0.145403
73 0.0946875 0.3503755 0.189375 0.12476500000000001
73 0.0934375 0.204034 0.166875 0.13227
73 0.23093750000000002 0.0197 0.29312499999999997 0.0394
73 0.283125 0.2317075 0.2025 0.09568500000000002
73 0.28375 0.09803 0.19625 0.124766
73 0.3315625 0.3531895 0.291875 0.13414700000000002
73 0.4834375 0.02439 0.198125 0.04878
73 0.4809375 0.237805 0.18562499999999998 0.12289000000000003
73 0.4846875 0.11960599999999999 0.19062499999999993 0.109756
73 0.5675 0.9615385000000001 0.06624999999999992 0.06754300000000002
73 0.6609375 0.390713 0.171875 0.10975600000000002
73 0.6453125 0.250938 0.12312500000000004 0.10787999999999998
73 0.6284375 0.031426 0.078125 0.062852
73 0.6590625 0.11960599999999999 0.1343749999999999 0.109756
73 0.6334375 0.977955 0.07562500000000005 0.042213999999999974
73 0.7053125 0.977017 0.08562500000000006 0.04408999999999996
73 0.8421875000000001 0.24765500000000001 0.14437500000000003 0.15009399999999998
73 0.8453125 0.13461499999999998 0.14312499999999995 0.10975599999999999
73 0.8453125 0.38883650000000003 0.13812500000000005 0.12101299999999998
73 0.8434375000000001 0.031426 0.1293749999999999 0.062852
73 0.9621875 0.085835 0.07437499999999997 0.134146
