73 0.01 0.5132895 0.02 0.05149500000000001
73 0.0365625 0.43978399999999995 0.073125 0.06395400000000001
73 0.06375 0.339286 0.1275 0.08222599999999997
73 0.0628125 0.2591365 0.121875 0.081395
73 0.159375 0.259967 0.06125 0.07308999999999999
73 0.3109375 0.328904 0.101875 0.06478400000000001
73 0.2965625 0.408223 0.04562500000000003 0.05896999999999997
73 0.2953125 0.47715949999999996 0.026875000000000038 0.07225900000000002
73 0.33999999999999997 0.482143 0.10125 0.223422
73 0.3821875 0.5847175 0.14687499999999998 0.05980099999999999
73 0.383125 0.6096345000000001 0.14249999999999996 0.04152900000000004
73 0.34 0.257475 0.036250000000000004 0.04983399999999999
73 0.4221875 0.4966775 0.08687500000000004 0.078073
73 0.4278125 0.4019935 0.08937499999999998 0.081395
73 0.4296875 0.5552325 0.09312500000000001 0.06063099999999999
73 0.4275 0.23754150000000002 0.08374999999999999 0.07308899999999999
73 0.42625 0.3135385 0.07624999999999998 0.06893700000000003
73 0.5603125 0.186462 0.148125 0.115448
73 0.5378125 0.5697675 0.08187499999999998 0.034883
73 0.565 0.4036545 0.13124999999999998 0.08803900000000003
73 0.5640624999999999 0.2944355 0.12437500000000001 0.10714300000000002
73 0.5653125 0.513704 0.12187499999999996 0.112126
