73 0.5384374999999999 0.3640225 0.021874999999999978 0.05004700000000001
73 0.5725 0.24740299999999998 0.08250000000000002 0.13219999999999998
73 0.595 0.34844200000000003 0.04249999999999998 0.081208
73 0.701875 0.2049105 0.16374999999999995 0.15486299999999997
73 0.6903125000000001 0.32294599999999996 0.135625 0.10387200000000002
73 0.6915625000000001 0.45561850000000004 0.13812499999999994 0.121813
73 0.7140625 0.7898965 0.17812499999999998 0.19357899999999995
73 0.7190624999999999 0.6827195 0.18562500000000004 0.15864100000000003
73 0.700625 0.5741265 0.1362500000000001 0.15297500000000003
73 0.8834375 0.1430595 0.23187500000000005 0.21246500000000001
73 0.8865625 0.4627005 0.22562499999999996 0.14730900000000002
73 0.8146875 0.31916900000000004 0.07937499999999997 0.11142599999999997
73 0.8346875 0.0349385 0.11937500000000001 0.069877
73 0.8871875 0.6019829999999999 0.224375 0.18224800000000008
