73 0.066875 0.8325 0.13375 0.19500000000000006
73 0.0659375 0.65625 0.13062500000000002 0.16916599999999993
73 0.3303125 0.28500000000000003 0.33062499999999995 0.15666600000000003
73 0.2109375 0.0695835 0.08687500000000001 0.139167
73 0.221875 0.4475 0.0875 0.15833399999999997
73 0.39812499999999995 0.0604165 0.23874999999999996 0.120833
73 0.3890625 0.41500000000000004 0.070625 0.10666599999999998
73 0.6681250000000001 0.254167 0.25749999999999995 0.15
73 0.6881250000000001 0.0541665 0.2975 0.108333
73 0.6796875 0.43291650000000004 0.266875 0.12583300000000003
73 0.765625 0.9170834999999999 0.03125 0.11916699999999991
73 0.801875 0.58375 0.04125000000000001 0.12749999999999995
73 0.9199999999999999 0.42125 0.15875000000000006 0.135834
73 0.9225 0.0283335 0.15375000000000005 0.056667
73 0.9237500000000001 0.2533335 0.15125 0.15833300000000003
73 0.924375 0.9225 0.15000000000000002 0.15333400000000008
73 0.925625 0.7516665 0.14749999999999996 0.156667
73 0.9296875 0.5908335 0.13937500000000003 0.14833300000000005
