73 0.3115625 0.23546 0.126875 0.08818000000000001
73 0.3146875 0.15666049999999998 0.128125 0.084427
73 0.31 0.30394 0.09750000000000003 0.07879999999999998
73 0.3078125 0.50985 0.073125 0.06285199999999996
73 0.31625000000000003 0.37335850000000004 0.08500000000000002 0.08255099999999999
73 0.31625000000000003 0.446529 0.07375000000000004 0.09005600000000002
73 0.580625 0.183865 0.057499999999999996 0.061914000000000025
73 0.579375 0.24155700000000002 0.05249999999999999 0.08161399999999999
73 0.5846875 0.11632300000000001 0.06312499999999999 0.069418
73 0.5878125000000001 0.30206350000000004 0.04312499999999997 0.052532999999999996
73 0.6015625 0.41041300000000003 0.024375000000000036 0.03846200000000005
73 0.6034375000000001 0.3635085 0.028125000000000067 0.05534699999999998
73 0.640625 0.29549749999999997 0.04875000000000007 0.054408999999999985
73 0.6396875 0.3513135 0.041874999999999996 0.03846099999999997
73 0.6303125 0.2303 0.020625000000000004 0.04596599999999998
73 0.6378125 0.108818 0.03562500000000002 0.046904
73 0.651875 0.1693245 0.06125000000000003 0.047843
73 0.8603125 0.2007505 0.078125 0.07692300000000002
73 0.8909374999999999 0.15197 0.12187500000000007 0.075046
73 0.9196875 0.271107 0.05687500000000001 0.06003800000000001
73 0.93125 0.217636 0.022499999999999964 0.052531999999999995
73 0.9659375 0.46060049999999997 0.06437500000000007 0.07692300000000002
73 0.9606250000000001 0.338649 0.036250000000000004 0.06754199999999999
73 0.9709375 0.2331145 0.05687500000000001 0.05534700000000001
73 0.97375 0.174015 0.05125000000000002 0.049717999999999984
73 0.9684375000000001 0.2875235 0.038125000000000075 0.057223000000000024
73 0.97875 0.41182 0.04125000000000001 0.06379000000000001
