73 0.081875 0.060833 0.16375 0.11499999999999999
73 0.08375 0.50875 0.1675 0.03583399999999998
73 0.086875 0.313333 0.17375 0.29
73 0.2553125 0.38916649999999997 0.131875 0.148333
73 0.2578125 0.0525 0.126875 0.105
73 0.259375 0.2133335 0.12374999999999997 0.14833299999999996
73 0.263125 0.5070835 0.12624999999999997 0.035833000000000004
73 0.5021875 0.05 0.299375 0.1
73 0.5015625 0.1866665 0.295625 0.121667
73 0.7240625 0.22125 0.09312500000000001 0.03583399999999998
73 0.7421875 0.0429165 0.12937500000000002 0.085833
73 0.7953125 0.504583 0.10812500000000003 0.017500000000000016
73 0.91875 0.2616665 0.16125 0.278333
73 0.9199999999999999 0.04625 0.15875000000000006 0.0925
73 0.944375 0.466667 0.10999999999999999 0.08999999999999997
