73 0.025625 0.54625 0.05125 0.019166000000000016
73 0.0278125 0.8979170000000001 0.055625 0.1825
73 0.1134375 0.5491665 0.083125 0.016666999999999987
73 0.1090625 0.5920835 0.01937499999999999 0.02083299999999999
73 0.123125 0.77625 0.024999999999999994 0.11749999999999994
73 0.15875 0.911667 0.08750000000000001 0.17500000000000004
73 0.1296875 0.5920835 0.019375000000000003 0.02416700000000005
73 0.14875 0.733333 0.037500000000000006 0.10999999999999999
73 0.17093750000000002 0.54375 0.045625 0.02083400000000002
73 0.16843750000000002 0.7170835 0.031875000000000014 0.09083299999999994
73 0.266875 0.49 0.03875000000000001 0.05833400000000005
73 0.32 0.45916650000000003 0.0675 0.033333
73 0.321875 0.5220835 0.06375000000000003 0.025832999999999995
73 0.38656250000000003 0.4629165 0.06562499999999999 0.025832999999999995
73 0.4109375 0.517917 0.109375 0.02749999999999997
73 0.4425 0.489167 0.043749999999999956 0.030000000000000027
73 0.443125 0.45625 0.04249999999999998 0.02749999999999997
73 0.6993750000000001 0.9425 0.07874999999999999 0.11333400000000005
73 0.7731250000000001 0.875417 0.1925 0.24750000000000005
73 0.721875 0.6825 0.03874999999999995 0.09333400000000003
73 0.74625 0.701667 0.043749999999999956 0.08999999999999997
73 0.77875 0.7179165000000001 0.03874999999999995 0.11583299999999996
73 0.7890625 0.7445835000000001 0.023125000000000062 0.1308330000000001
73 0.905625 0.8216665000000001 0.07250000000000001 0.166667
73 0.9653125 0.8808335 0.06812499999999999 0.20666700000000005
