73 0.0703125 0.6487255000000001 0.140625 0.17374900000000004
73 0.0715625 0.51322 0.143125 0.27478800000000003
73 0.08 0.838527 0.16 0.29839400000000005
73 0.1925 0.6104815 0.14 0.19357899999999995
73 0.2346875 0.7511805 0.20062500000000003 0.359773
73 0.20187500000000003 0.39801699999999995 0.10500000000000001 0.26156799999999997
73 0.7446875 0.7710105 0.19562500000000005 0.406987
73 0.7471875 0.407932 0.11187499999999995 0.292728
73 0.8934375 0.7950900000000001 0.21187500000000004 0.30783799999999995
73 0.9309375 0.6331445 0.135625 0.286119
