73 0.044088 0.8960845 0.088176 0.165663
73 0.061122 0.9593375 0.09418800000000001 0.07530099999999995
73 0.1152305 0.8855425 0.094189 0.186747
73 0.17434899999999998 0.8343375 0.088176 0.21686700000000003
73 0.406814 0.8509035 0.5450900000000001 0.292169
73 0.241483 0.8313254999999999 0.07414799999999999 0.17469900000000005
73 0.325651 0.77259 0.06212400000000001 0.14156600000000008
73 0.45992 0.7093375 0.07013999999999998 0.165663
73 0.513026 0.6746985000000001 0.08817599999999998 0.210843
73 0.5641285 0.4909635 0.14629300000000006 0.174699
73 0.5611219999999999 0.7259035 0.03206399999999998 0.09036100000000002
