73 0.02125 0.624517 0.0425 0.13070399999999993
73 0.4996875 0.562645 0.999375 0.65816
73 0.09625 0.671307 0.10125 0.171694
73 0.0821875 0.268368 0.031875 0.046404
73 0.109375 0.271462 0.022499999999999992 0.043310000000000015
73 0.136875 0.269915 0.02750000000000001 0.049497999999999986
73 0.1584375 0.25676699999999997 0.020625000000000004 0.04794999999999999
73 0.23125 0.746713 0.16125 0.220418
73 0.1821875 0.2556075 0.020625000000000004 0.054911000000000015
73 0.215 0.254447 0.036250000000000004 0.06341800000000003
73 0.29593749999999996 0.22853800000000002 0.06562499999999999 0.11523600000000003
73 0.4425 0.8576954999999999 0.28 0.28306299999999995
73 0.36406249999999996 0.233952 0.03437499999999999 0.07347199999999998
73 0.4146875 0.23317900000000003 0.05312499999999998 0.06883200000000003
73 0.46968750000000004 0.224285 0.04562499999999997 0.08197999999999997
73 0.5231250000000001 0.22235149999999998 0.04749999999999999 0.08584699999999998
73 0.61125 0.21075 0.0625 0.09667400000000001
73 0.76875 0.9245939999999999 0.3662500000000001 0.149266
73 0.759375 0.191802 0.050000000000000044 0.09899400000000003
73 0.8725 0.189095 0.07625000000000004 0.11523599999999998
