73 0.035625 0.8328665 0.07125 0.12324900000000005
73 0.08812500000000001 0.838469 0.04875 0.08403399999999994
73 0.141875 0.6862744999999999 0.061249999999999985 0.09337099999999998
73 0.138125 0.844538 0.051250000000000004 0.10737599999999992
73 0.190625 0.8431375 0.04124999999999998 0.085901
73 0.196875 0.687208 0.048750000000000016 0.08776799999999996
73 0.23625 0.8394025 0.05499999999999999 0.097105
73 0.2321875 0.7380955 0.041874999999999996 0.06629299999999994
73 0.2396875 0.671802 0.03687499999999999 0.04948599999999992
73 0.278125 0.8356680000000001 0.04249999999999998 0.08963599999999994
73 0.349375 0.31232499999999996 0.053749999999999964 0.08496799999999999
73 0.626875 0.802521 0.6012500000000001 0.3594780000000001
73 0.3415625 0.4981325 0.020625000000000004 0.04575100000000004
73 0.3453125 0.4070965 0.02562500000000001 0.059757000000000005
73 0.3690625 0.41269849999999997 0.021874999999999978 0.05602299999999999
73 0.3690625 0.492997 0.021874999999999978 0.052287999999999946
73 0.40156250000000004 0.4920635 0.02437499999999998 0.057889000000000024
73 0.42874999999999996 0.42670399999999997 0.03375 0.07283
73 0.4634375 0.42717099999999997 0.02312499999999995 0.04575199999999996
73 0.6825 0.450047 0.15874999999999995 0.43324
