73 0.0125 0.257314 0.025 0.04801200000000003
73 0.051000000000000004 0.3379595 0.032 0.048763
73 0.0595 0.41335299999999997 0.041 0.048012
73 0.07100000000000001 0.267442 0.046 0.04125999999999999
73 0.14100000000000001 0.6732935 0.116 0.02925700000000009
73 0.135 0.5543885 0.05 0.058514999999999984
73 0.1385 0.6249065 0.05700000000000001 0.058514999999999984
73 0.14 0.2648165 0.06000000000000001 0.060014999999999985
73 0.14 0.7576895 0.06000000000000001 0.06001499999999993
73 0.14 0.41410349999999996 0.05 0.049512999999999974
73 0.14100000000000001 0.4819955 0.048 0.051763
73 0.1455 0.340585 0.05299999999999999 0.057013999999999954
73 0.2415 0.6905475 0.08499999999999996 0.06676700000000002
73 0.23600000000000002 0.7576895 0.068 0.06301500000000004
73 0.2405 0.2779445 0.07300000000000004 0.06226499999999999
73 0.244 0.34208550000000004 0.058000000000000024 0.05701499999999998
73 0.244 0.411478 0.05200000000000002 0.05476399999999998
73 0.246 0.55964 0.048000000000000015 0.058513999999999955
73 0.2495 0.488372 0.05100000000000002 0.046512
73 0.2495 0.6297825 0.04100000000000001 0.04126099999999999
73 0.318 0.7738185 0.07799999999999996 0.06826699999999997
73 0.3265 0.27756899999999995 0.08500000000000002 0.048012
73 0.3215 0.702551 0.07100000000000001 0.06376599999999999
73 0.3205 0.42010499999999995 0.05499999999999999 0.048012
73 0.3265 0.6309075 0.04299999999999998 0.06001500000000004
73 0.33199999999999996 0.5652665 0.04999999999999999 0.05326300000000006
73 0.33299999999999996 0.3465865 0.04799999999999999 0.05101300000000003
73 0.33299999999999996 0.4939985 0.04799999999999999 0.051763
73 0.404 0.7869465 0.09000000000000002 0.08402100000000001
73 0.4075 0.716429 0.08300000000000002 0.07351799999999997
73 0.41900000000000004 0.28057 0.09200000000000003 0.022506000000000026
73 0.40900000000000003 0.4932485 0.062 0.06676699999999997
73 0.41000000000000003 0.6410355 0.045999999999999985 0.05326300000000006
73 0.4145 0.411853 0.05099999999999999 0.06151599999999996
73 0.4145 0.568267 0.04099999999999998 0.054764000000000035
73 0.41900000000000004 0.344711 0.045999999999999985 0.06226599999999999
73 0.496 0.7235560000000001 0.09400000000000003 0.06676599999999999
73 0.49350000000000005 0.7970745 0.07500000000000001 0.07726900000000003
73 0.505 0.2779445 0.07600000000000001 0.01725500000000002
73 0.5025 0.6504125000000001 0.05300000000000005 0.069017
73 0.5095000000000001 0.570518 0.06700000000000006 0.06376599999999999
73 0.509 0.33645899999999995 0.062000000000000055 0.06526599999999999
73 0.5125 0.414479 0.05500000000000005 0.05626399999999998
73 0.5165 0.491748 0.05700000000000005 0.06676599999999999
73 0.5940000000000001 0.8057015000000001 0.09399999999999997 0.073519
73 0.5995 0.7351840000000001 0.10099999999999998 0.07351800000000008
73 0.601 0.272693 0.08999999999999997 0.014253999999999989
73 0.608 0.5817705 0.062000000000000055 0.054763000000000006
73 0.609 0.652288 0.06400000000000006 0.06526600000000005
73 0.612 0.41522899999999996 0.062000000000000055 0.05776399999999998
73 0.615 0.33608400000000005 0.062000000000000055 0.05851400000000001
73 0.616 0.4984995 0.06400000000000006 0.06976700000000008
73 0.6799999999999999 0.807577 0.06799999999999995 0.05326399999999998
73 0.704 0.7419355000000001 0.10799999999999998 0.06001500000000004
73 0.7230000000000001 0.264066 0.10999999999999999 0.03150800000000001
73 0.7165 0.333083 0.06899999999999995 0.07201799999999997
73 0.7210000000000001 0.5806450000000001 0.06799999999999995 0.07051799999999997
73 0.7155 0.5037510000000001 0.05300000000000005 0.05626399999999998
73 0.721 0.6609155 0.06400000000000006 0.058514999999999984
73 0.7344999999999999 0.4178545 0.06900000000000006 0.067517
73 0.8265 0.2614405 0.10499999999999998 0.029257000000000005
73 0.825 0.6710430000000001 0.051999999999999935 0.05776400000000004
73 0.8335 0.593023 0.06899999999999995 0.06376599999999999
73 0.8345 0.3259565 0.07099999999999995 0.07576900000000003
73 0.8380000000000001 0.504501 0.05999999999999994 0.06526599999999999
73 0.8434999999999999 0.4231055 0.04300000000000004 0.060014999999999985
73 0.9515 0.26669200000000004 0.09499999999999997 0.01575399999999999
73 0.9675 0.3308325 0.06299999999999994 0.05851500000000004
