73 0.1506945 0.5185185 0.301389 0.16790100000000002
73 0.159028 0.32963 0.318056 0.165432
73 0.159722 0.728395 0.319444 0.22716000000000003
73 0.159722 0.891358 0.319444 0.21234599999999992
73 0.434028 0.34197500000000003 0.23194400000000004 0.091358
73 0.44097200000000003 0.46666699999999994 0.24027800000000005 0.10370399999999996
73 0.5694444999999999 0.6888885 0.11388900000000002 0.414815
73 0.5694444999999999 0.9135800000000001 0.10277700000000001 0.07901199999999997
73 0.6590275000000001 0.7728394999999999 0.145833 0.10370299999999999
73 0.6631945 0.8333330000000001 0.14305499999999993 0.05679000000000001
73 0.6618055 0.8975305 0.12083300000000008 0.10617300000000007
73 0.843056 0.728395 0.25 0.34074000000000004
73 0.878472 0.338272 0.11250000000000004 0.06913600000000003
