73 0.0403375 0.42655350000000003 0.080675 0.08286299999999996
73 0.0537835 0.5880415 0.107567 0.093221
73 0.0691055 0.25141250000000004 0.138211 0.08662900000000001
73 0.1113195 0.764124 0.10006299999999999 0.04425599999999996
73 0.2407755 0.2608285 0.153847 0.08662899999999998
73 0.27454649999999997 0.423729 0.19136899999999998 0.08474600000000004
73 0.2676675 0.5734465 0.17135699999999998 0.090395
73 0.401501 0.5593220000000001 0.08630400000000005 0.07344600000000001
73 0.468105 0.279661 0.16823000000000005 0.08098000000000002
73 0.4596625 0.4199625 0.148843 0.07344699999999998
73 0.5841149999999999 0.5386059999999999 0.14133800000000007 0.07909599999999994
73 0.602564 0.423729 0.11945000000000006 0.06591399999999997
73 0.614134 0.30226 0.10131400000000002 0.06968000000000002
73 0.804253 0.42796599999999996 0.15384599999999993 0.11205199999999998
73 0.805816 0.5734465 0.14571599999999996 0.12994300000000003
73 0.8145720000000001 0.289077 0.14571600000000007 0.09981199999999998
73 0.9480930000000001 0.616761 0.10256399999999999 0.13935999999999993
73 0.9549719999999999 0.2838985 0.08880600000000005 0.117703
73 0.9555975 0.4684555 0.08755500000000005 0.09698699999999999
