73 0.2184375 0.3720835 0.125625 0.13083299999999998
73 0.25687499999999996 0.2358335 0.19124999999999998 0.12666700000000003
73 0.2625 0.644583 0.2025 0.13250000000000006
73 0.2721875 0.11541649999999999 0.21687499999999998 0.124167
73 0.35812499999999997 0.7829170000000001 0.38125 0.13249999999999995
73 0.29031250000000003 0.92625 0.240625 0.13749999999999996
73 0.393125 0.507083 0.30874999999999997 0.1325
73 0.4253125 0.3825 0.24687499999999996 0.10999999999999999
73 0.47562499999999996 0.870417 0.02250000000000002 0.04249999999999998
73 0.5071875 0.254583 0.07187499999999997 0.11749999999999997
73 0.5121875 0.1341665 0.06187499999999996 0.106667
73 0.51625 0.6370835 0.06499999999999995 0.12083299999999997
73 0.5184375 0.9366665000000001 0.06312500000000004 0.03833300000000006
73 0.5215624999999999 0.9808335 0.06437499999999996 0.036667000000000005
73 0.6953125 0.265 0.285625 0.11000000000000001
73 0.7106250000000001 0.0654165 0.3137500000000001 0.069167
73 0.7246874999999999 0.14875 0.334375 0.119166
73 0.651875 0.38416649999999997 0.18625000000000003 0.11333299999999996
73 0.7371875 0.509583 0.34562500000000007 0.1175
73 0.6609375 0.96625 0.19062499999999993 0.06583400000000006
73 0.6184375 0.8879165 0.10312500000000002 0.1358330000000001
73 0.69 0.6304164999999999 0.24125000000000008 0.12416700000000003
73 0.7409375 0.7466665 0.338125 0.15333299999999994
73 0.7221875 0.902917 0.10687500000000005 0.07750000000000001
73 0.8334375 0.85375 0.16437500000000005 0.130834
73 0.839375 0.3883335 0.14749999999999996 0.11166699999999996
73 0.825625 0.959167 0.10249999999999992 0.08000000000000007
73 0.963125 0.2875 0.07250000000000001 0.14833400000000002
73 0.9696875 0.4454165 0.05937500000000007 0.12916700000000003
73 0.9734375 0.8583335000000001 0.051875000000000004 0.15333300000000005
73 0.9746874999999999 0.6295835 0.04937500000000006 0.11916700000000002
