73 0.0696875 0.2772045 0.139375 0.10225100000000001
73 0.0728125 0.42636 0.128125 0.104128
73 0.084375 0.5408065 0.13874999999999998 0.117261
73 0.0815625 0.642589 0.123125 0.133208
73 0.0721875 0.7692304999999999 0.10062499999999999 0.136961
73 0.07781249999999999 0.9080675 0.084375 0.14446499999999995
73 0.14375 0.7462475 0.04250000000000001 0.09474700000000003
73 0.14500000000000002 0.8320825000000001 0.04500000000000001 0.09568499999999991
73 0.1471875 0.9118200000000001 0.043125000000000024 0.093808
73 0.25093750000000004 0.7969045 0.133125 0.11913700000000005
73 0.2584375 0.905722 0.12312500000000001 0.10975599999999996
73 0.286875 0.709662 0.06125000000000003 0.06285200000000002
73 0.289375 0.662758 0.04874999999999996 0.05347000000000002
73 0.2984375 0.5731710000000001 0.030624999999999958 0.10506599999999999
73 0.40718750000000004 0.369137 0.169375 0.11726000000000003
73 0.41375 0.510788 0.16625 0.13789799999999997
73 0.415625 0.9212009999999999 0.16999999999999998 0.15572200000000003
73 0.414375 0.783771 0.16500000000000004 0.13789800000000008
73 0.41375 0.656191 0.15625 0.13227
73 0.4253125 0.22607850000000002 0.169375 0.142589
73 0.6203125 0.203096 0.22687500000000005 0.14915599999999998
73 0.6225 0.3541275 0.21250000000000002 0.13977499999999998
73 0.62 0.6472795 0.20500000000000007 0.15009300000000003
73 0.6231249999999999 0.502345 0.21125000000000005 0.13227
73 0.621875 0.806754 0.20375 0.15384600000000004
73 0.62 0.9413695 0.19500000000000006 0.11538499999999996
73 0.86 0.965291 0.25750000000000006 0.06754199999999999
73 0.831875 0.186679 0.19874999999999998 0.15197
73 0.8684375 0.846623 0.26187499999999997 0.19043199999999993
73 0.869375 0.6772985 0.26 0.14446499999999995
73 0.8134375 0.501876 0.140625 0.15572199999999997
73 0.8584375 0.34146350000000003 0.22562499999999996 0.146341
73 0.9550000000000001 0.5056285 0.08875 0.15572299999999994
73 0.9853125 0.33958699999999997 0.028125000000000067 0.15759799999999996
