73 0.0190625 0.7166665 0.038125 0.15833300000000006
73 0.041875 0.2745835 0.08375 0.400833
73 0.12125 0.9008335000000001 0.19874999999999998 0.19666700000000004
73 0.1825 0.66125 0.30125 0.365834
73 0.09968750000000001 0.2845835 0.065625 0.38416700000000004
73 0.185 0.04125 0.20999999999999996 0.0825
73 0.14625 0.2829165 0.05249999999999999 0.380833
73 0.1928125 0.91625 0.14312500000000003 0.16583400000000004
73 0.188125 0.2820835 0.04874999999999999 0.37916700000000003
73 0.2425 0.9083334999999999 0.12124999999999997 0.17666700000000002
73 0.22875 0.289167 0.04250000000000001 0.355
73 0.2825 0.91125 0.11875 0.17583400000000005
73 0.268125 0.2929165 0.04374999999999998 0.344167
73 0.295625 0.30291650000000003 0.04124999999999995 0.340833
73 0.3278125 0.906667 0.10562499999999997 0.16999999999999993
73 0.35468750000000004 0.880833 0.09562500000000002 0.125
73 0.3315625 0.29875 0.033125000000000016 0.32583399999999996
73 0.391875 0.08875 0.15375 0.1775
73 0.38531249999999995 0.6416664999999999 0.138125 0.36666699999999997
73 0.579375 0.94125 0.47 0.11583399999999999
73 0.39093750000000005 0.875833 0.09062500000000001 0.11499999999999999
73 0.364375 0.29791650000000003 0.03500000000000003 0.320833
73 0.395 0.320417 0.03375 0.3275
73 0.5228125 0.6954165 0.258125 0.430833
73 0.5284375 0.279583 0.25937499999999997 0.3775
73 0.5509375 0.3075 0.253125 0.37333400000000005
73 0.4478125 0.8899999999999999 0.03562500000000002 0.058334
73 0.48062499999999997 0.8858334999999999 0.03999999999999998 0.043332999999999955
73 0.594375 0.075 0.24375000000000008 0.15
73 0.704375 0.757917 0.23624999999999996 0.48250000000000004
73 0.8315625 0.31 0.33562500000000006 0.478334
73 0.8571875 0.0704165 0.28437500000000004 0.140833
73 0.901875 0.7679165 0.19500000000000006 0.45083300000000004
