73 0.039559 0.2404845 0.079118 0.096885
73 0.046044 0.351211 0.092088 0.09342600000000001
73 0.052529 0.44896199999999997 0.105058 0.08131400000000005
73 0.055123 0.651384 0.110246 0.10207599999999994
73 0.055123 0.750865 0.110246 0.07612400000000008
73 0.0590145 0.5562285 0.118029 0.08477500000000004
73 0.193904 0.102076 0.387808 0.12456800000000001
73 0.19584949999999998 0.217993 0.181583 0.10726599999999997
73 0.20428000000000002 0.3347755 0.188068 0.11591700000000005
73 0.211414 0.451557 0.18158200000000002 0.09688600000000003
73 0.2120625 0.5769895 0.17769100000000002 0.10553699999999999
73 0.214008 0.684256 0.176394 0.112456
73 0.2172505 0.8027685 0.172503 0.11764700000000006
73 0.37937750000000003 0.2257785 0.13359300000000002 0.10553699999999999
73 0.3832685 0.598616 0.136187 0.12456800000000001
73 0.3858625 0.350346 0.14137500000000003 0.09515600000000002
73 0.38910500000000003 0.8373705 0.137484 0.11764700000000006
73 0.3845655 0.4645325 0.12321700000000002 0.08477500000000004
73 0.392996 0.715398 0.12970199999999998 0.10207600000000006
73 0.42477299999999996 0.133218 0.07393 0.031142000000000003
73 0.5505835 0.4766435 0.17769100000000004 0.12629700000000005
73 0.54345 0.868512 0.158236 0.11072599999999999
73 0.5505835 0.213668 0.16990900000000003 0.12975799999999998
73 0.5466925 0.6081315 0.156939 0.136679
73 0.548638 0.7413495 0.16082999999999997 0.11591700000000005
73 0.552529 0.344291 0.16342400000000007 0.10380600000000001
73 0.7003889999999999 0.08218 0.35797599999999996 0.14013799999999998
73 0.785992 0.74481 0.30350199999999994 0.13321799999999995
73 0.752918 0.42301049999999996 0.23216599999999998 0.15051900000000001
73 0.7950710000000001 0.2612455 0.316472 0.148789
73 0.7892345000000001 0.58737 0.297017 0.16089999999999993
73 0.7879375 0.904844 0.2788590000000001 0.13840799999999998
73 0.8923475000000001 0.4264705 0.03891100000000003 0.13667900000000005
