73 0.0225 0.21500000000000002 0.045 0.06625
73 0.029375 0.2834375 0.05875 0.06312499999999999
73 0.0378125 0.3496875 0.075625 0.06687500000000002
73 0.0428125 0.4078125 0.085625 0.07687499999999997
73 0.04375 0.531875 0.0875 0.07875000000000004
73 0.0471875 0.46406249999999993 0.094375 0.07687499999999997
73 0.17125 0.385 0.06125 0.04125000000000001
73 0.6053125 0.41375 0.25937499999999997 0.20499999999999996
73 0.5659375 0.628125 0.10562499999999997 0.12124999999999997
73 0.574375 0.8275 0.10624999999999996 0.16749999999999998
73 0.639375 0.16375 0.12250000000000005 0.19625000000000004
