73 0.0509375 0.3104165 0.101875 0.089167
73 0.0665625 0.2141665 0.133125 0.086667
73 0.01375 0.41375 0.024999999999999998 0.07916599999999996
73 0.2003125 0.200417 0.030625000000000013 0.027499999999999997
73 0.2603125 0.2933335 0.05812499999999998 0.07166699999999998
73 0.26625 0.20124999999999998 0.03125 0.08083399999999999
73 0.27531249999999996 0.38458349999999997 0.033125000000000016 0.06583299999999997
73 0.3171875 0.2045835 0.05062500000000003 0.07416699999999998
73 0.30218750000000005 0.37083299999999997 0.018125000000000002 0.08000000000000002
73 0.35 0.284583 0.11374999999999996 0.07249999999999998
73 0.39125 0.202083 0.036250000000000004 0.07249999999999998
73 0.4546875 0.2925 0.06437500000000002 0.07
73 0.4553125 0.202083 0.06312499999999999 0.07249999999999998
73 0.4715625 0.3729165 0.030625000000000013 0.07583299999999998
73 0.539375 0.20541700000000002 0.08375000000000005 0.07249999999999998
73 0.540625 0.302083 0.08625 0.08250000000000002
73 0.516875 0.38875 0.028750000000000053 0.07750000000000001
73 0.579375 0.39833300000000005 0.011249999999999982 0.065
73 0.8028124999999999 0.0425 0.17937499999999995 0.085
73 0.8043750000000001 0.3716665 0.16125 0.12166699999999997
73 0.808125 0.260417 0.15375000000000005 0.11749999999999997
73 0.77 0.1545835 0.043749999999999956 0.080833
73 0.79375 0.1554165 0.04500000000000004 0.069167
73 0.8396875 0.475 0.09062499999999996 0.08166599999999996
73 0.8571875 0.1845835 0.06812499999999999 0.024167000000000022
73 0.8712500000000001 0.1504165 0.03749999999999998 0.065833
73 0.95 0.27 0.09875 0.121666
73 0.9525 0.0329165 0.09375 0.065833
73 0.95375 0.135 0.09125000000000005 0.116666
73 0.9575 0.40375 0.07750000000000001 0.124166
73 0.9796875 0.539583 0.03937500000000005 0.10749999999999998
