73 0.1646875 0.599906 0.07312500000000002 0.104128
73 0.17031249999999998 0.3105065 0.071875 0.10318900000000003
73 0.17562499999999998 0.2138835 0.06375 0.07879899999999998
73 0.234375 0.7143525 0.06625 0.09474700000000003
73 0.23812499999999998 0.6017825 0.06125 0.10412700000000008
73 0.2428125 0.316135 0.06312499999999999 0.08442799999999995
73 0.538125 0.7106005 0.06874999999999998 0.09474700000000003
73 0.538125 0.6135085 0.06625000000000003 0.08067500000000005
73 0.54 0.32457749999999996 0.0675 0.07692300000000002
73 0.5434375 0.2223265 0.07437499999999997 0.07504700000000003
73 0.6109375 0.71576 0.06937499999999996 0.08442800000000006
73 0.611875 0.3316135 0.0675 0.06285099999999999
73 0.6125 0.6106940000000001 0.06625000000000003 0.09005600000000002
73 0.614375 0.2242025 0.0625 0.07879900000000001
73 0.61875 0.283771 0.05125000000000002 0.014071999999999973
73 0.62 0.2903375 0.04875000000000007 0.01594699999999999
