73 0.355624 0.164375 0.711248 0.22875
73 0.355624 0.4140625 0.711248 0.18437499999999996
73 0.3600825 0.029375 0.720165 0.05875
73 0.356996 0.6546875000000001 0.693416 0.208125
73 0.3635115 0.8409375 0.665295 0.23562499999999997
73 0.37448549999999997 0.9475 0.635117 0.10375000000000001
73 0.7719480000000001 0.9653125 0.12551400000000001 0.06812499999999999
73 0.8590535 0.3728125 0.280521 0.25312500000000004
73 0.8597395000000001 0.67625 0.279149 0.28500000000000003
73 0.8597395000000001 0.8671875 0.279149 0.264375
73 0.866598 0.1334375 0.265432 0.266875
