73 0.0209375 0.2349905 0.041875 0.186679
73 0.02625 0.5070355 0.0525 0.19981299999999996
73 0.1325 0.275328 0.1575 0.175422
73 0.1484375 0.5178240000000001 0.143125 0.15197000000000005
73 0.2590625 0.283771 0.080625 0.14540399999999998
73 0.26187499999999997 0.5262665 0.05499999999999999 0.16135099999999997
73 0.31156249999999996 0.2743905 0.021875000000000033 0.160413
73 0.34750000000000003 0.2861165 0.04750000000000004 0.14634100000000003
73 0.495 0.28611600000000004 0.10874999999999996 0.150094
73 0.5371874999999999 0.480769 0.009375000000000022 0.047841999999999996
73 0.543125 0.49812349999999994 0.012499999999999956 0.09756099999999995
73 0.6321875 0.2790805 0.07562500000000005 0.143527
73 0.8434375000000001 0.2776735 0.14687499999999998 0.15384699999999998
73 0.860625 0.49249550000000003 0.10250000000000004 0.18949300000000002
73 0.9884375000000001 0.511726 0.021874999999999978 0.15666000000000002
73 0.9915625 0.2781425 0.015625 0.16228900000000002
