73 0.0953125 0.490663 0.075625 0.062558
73 0.0703125 0.5527545 0.023125000000000007 0.046684999999999977
73 0.0821875 0.37581699999999996 0.029375 0.04388399999999998
73 0.0990625 0.429505 0.06312499999999999 0.052288
73 0.08906249999999999 0.3132585 0.029375 0.049487
73 0.08374999999999999 0.5527545 0.01625 0.05042099999999994
73 0.09156249999999999 0.245565 0.031875 0.05975800000000003
73 0.110625 0.37488299999999997 0.03499999999999999 0.03828199999999998
73 0.1196875 0.315126 0.034375 0.045752000000000015
73 0.1253125 0.25163399999999997 0.030625 0.05135399999999998
73 0.12281249999999999 0.3739495 0.02062499999999999 0.036414999999999975
73 0.1646875 0.372082 0.02687500000000001 0.04388399999999998
73 0.1678125 0.30859000000000003 0.033125000000000016 0.04388399999999998
73 0.1696875 0.24276399999999998 0.02687500000000001 0.05788999999999997
73 0.21 0.41083099999999995 0.09249999999999997 0.084034
73 0.1896875 0.5751634999999999 0.028124999999999983 0.0746969999999999
73 0.1875 0.2436975 0.02124999999999999 0.04108300000000001
73 0.2071875 0.311391 0.03562500000000002 0.049485999999999974
73 0.21625 0.6204485 0.05375000000000002 0.028945
73 0.20906249999999998 0.2427635 0.029375000000000012 0.061624999999999985
73 0.234375 0.5672269999999999 0.04374999999999998 0.08310000000000006
73 0.2790625 0.6195145 0.05687500000000001 0.027077000000000018
73 0.2746875 0.5672269999999999 0.03687500000000005 0.08310000000000006
73 0.3059375 0.4169005 0.033125000000000016 0.034546999999999994
73 0.30843750000000003 0.3646125 0.02812500000000001 0.04388500000000001
73 0.3096875 0.2628385 0.02562500000000001 0.032678999999999986
73 0.3096875 0.3132585 0.02562500000000001 0.034546999999999994
73 0.316875 0.4761905 0.011249999999999982 0.08029900000000001
73 0.32906250000000004 0.414099 0.02812500000000001 0.03268000000000004
73 0.33687500000000004 0.36648000000000003 0.04375000000000001 0.02521000000000001
73 0.3365625 0.2600375 0.033125000000000016 0.03454699999999997
73 0.343125 0.47432300000000005 0.04125000000000001 0.09523799999999999
73 0.34187500000000004 0.31699299999999997 0.02250000000000002 0.03828199999999998
73 0.3528125 0.4169005 0.03187500000000004 0.034546999999999994
73 0.3715625 0.4243695 0.018125000000000002 0.023343000000000003
73 0.3815625 0.474323 0.025624999999999953 0.042950000000000044
73 0.3815625 0.359477 0.018125000000000002 0.05042000000000002
73 0.3871875 0.30672299999999997 0.021875000000000033 0.04388399999999998
73 0.3875 0.4257705 0.011249999999999982 0.016807000000000016
73 0.3978125 0.2572365 0.02437499999999998 0.03641500000000003
73 0.4046875 0.474323 0.020625000000000004 0.042950000000000044
73 0.4078125 0.413165 0.02437499999999998 0.045752000000000015
73 0.4128125 0.35947700000000005 0.02437499999999998 0.04294999999999999
73 0.4140625 0.31699299999999997 0.01937500000000003 0.03828199999999998
73 0.4146875 0.2544355 0.020625000000000004 0.03454699999999997
73 0.421875 0.47712449999999995 0.01375000000000004 0.04855300000000001
73 0.4328125 0.356676 0.015625 0.04855200000000004
73 0.4615625 0.5518205 0.06437500000000002 0.046684999999999977
73 0.47968750000000004 0.5018675 0.03937499999999999 0.055089
73 0.48031250000000003 0.44724549999999996 0.03812500000000002 0.065359
73 0.48031250000000003 0.3767505 0.03562499999999996 0.060690999999999995
73 0.48875 0.3048555 0.040000000000000036 0.05882299999999996
73 0.5109375 0.2184875 0.03562500000000007 0.07469700000000001
73 0.5584374999999999 0.217554 0.04062500000000002 0.07656400000000002
73 0.5565625 0.299253 0.026874999999999982 0.055088000000000026
73 0.605 0.37534999999999996 0.04249999999999998 0.078432
73 0.6115625 0.302054 0.046875 0.05695600000000001
73 0.6046875 0.45518250000000005 0.030625000000000013 0.060690999999999995
73 0.615 0.2212885 0.05125000000000002 0.08029900000000001
73 0.6134375 0.531746 0.02562500000000001 0.07189600000000002
73 0.6425000000000001 0.455182 0.04999999999999993 0.04575199999999996
73 0.6415625 0.38048550000000003 0.038124999999999964 0.06816099999999997
73 0.655625 0.3001865 0.05125000000000002 0.060690999999999995
73 0.6590625000000001 0.2180205 0.041874999999999996 0.049487
73 0.6781250000000001 0.455182 0.04749999999999999 0.08123200000000003
73 0.6781250000000001 0.5462184999999999 0.04500000000000004 0.05228700000000008
73 0.6871875000000001 0.3930905 0.05312499999999998 0.07469700000000001
73 0.6865625 0.293184 0.04062500000000002 0.06349199999999999
73 0.6925 0.2054155 0.04499999999999993 0.070961
73 0.834375 0.309524 0.10125000000000006 0.04575199999999996
73 0.803125 0.3674135 0.03374999999999995 0.04201699999999997
73 0.8 0.49906649999999997 0.018749999999999933 0.04201699999999997
73 0.8096875 0.43277299999999996 0.03312500000000007 0.036414
