73 0.1205555 0.89625 0.241111 0.01750000000000007
73 0.122222 0.8803125 0.244444 0.025624999999999898
73 0.1266665 0.91625 0.253333 0.018750000000000044
73 0.1283335 0.85375 0.256667 0.02750000000000008
73 0.1933335 0.821875 0.386667 0.03249999999999997
73 0.13499999999999998 0.9371875000000001 0.267778 0.020625000000000004
73 0.2033335 0.7853125 0.391111 0.016874999999999973
73 0.24722249999999998 0.7553125 0.321111 0.015625
73 0.189444 0.9734375 0.17000000000000004 0.051875000000000004
73 0.3127775 0.8503125 0.11888900000000002 0.020625000000000004
73 0.313889 0.8646875 0.10333399999999998 0.015625
73 0.3277775 0.8834375000000001 0.10666699999999996 0.021874999999999978
73 0.34 0.9459375 0.131112 0.026874999999999982
73 0.41888899999999996 0.9375 0.03999999999999998 0.013749999999999929
73 0.442778 0.9365625 0.02777799999999997 0.008125000000000049
73 0.552778 0.9356249999999999 0.185556 0.01375000000000004
73 0.6783335 0.7637499999999999 0.20111100000000004 0.018749999999999933
73 0.657222 0.7878125 0.134444 0.021874999999999978
73 0.6783334999999999 0.8203125 0.17666700000000002 0.02187500000000009
73 0.6816665 0.8409375 0.17666700000000002 0.02562500000000001
73 0.652778 0.8621875000000001 0.09444399999999997 0.020625000000000004
73 0.6466670000000001 0.8843749999999999 0.057777999999999996 0.01749999999999996
73 0.7755555 0.9709375 0.266667 0.05687500000000001
73 0.743889 0.7915625 0.063334 0.025624999999999898
73 0.8183335 0.8178125 0.12111100000000008 0.020625000000000004
73 0.872778 0.8790625000000001 0.2300000000000001 0.020625000000000004
73 0.8794445 0.85875 0.23888900000000002 0.020000000000000018
73 0.835 0.8981250000000001 0.14333399999999996 0.01749999999999996
73 0.825556 0.7596875000000001 0.09999999999999998 0.020625000000000004
73 0.8333335 0.7946875 0.11555499999999996 0.02562500000000001
73 0.8700000000000001 0.9159375 0.182222 0.02562500000000001
73 0.9433335 0.8162499999999999 0.11111100000000007 0.02375000000000005
73 0.9450000000000001 0.79125 0.10777800000000004 0.022499999999999964
