73 0.421667 0.1053125 0.45999999999999996 0.210625
73 0.39 0.2865625 0.39166600000000007 0.333125
73 0.40541649999999996 0.6190625000000001 0.400833 0.36187500000000006
73 0.40375 0.83125 0.38249999999999995 0.33625000000000005
73 0.7629170000000001 0.6359375 0.47250000000000003 0.32812500000000006
73 0.7820834999999999 0.744375 0.4341670000000001 0.4425
73 0.7833335 0.494375 0.431667 0.22875
73 0.7566665 0.3325 0.33666700000000005 0.17250000000000001
73 0.8054165 0.800625 0.380833 0.39749999999999996
73 0.826667 0.17812499999999998 0.345 0.26
73 0.96 0.343125 0.07833400000000001 0.08750000000000002
