73 0.07875 0.860694 0.1575 0.10787999999999998
73 0.0934375 0.6261725 0.186875 0.06848100000000001
73 0.0984375 0.725141 0.194375 0.14821799999999996
73 0.055 0.933865 0.04375 0.130394
73 0.07125000000000001 0.5243905 0.051250000000000004 0.07692300000000002
73 0.1271875 0.904315 0.060625 0.15196999999999994
73 0.1690625 0.5060975 0.081875 0.12476499999999996
73 0.1809375 0.9085365 0.026874999999999982 0.11913700000000005
73 0.311875 0.6918385 0.18875 0.12288900000000003
73 0.3290625 0.8569420000000001 0.196875 0.130394
73 0.285625 0.522045 0.05624999999999997 0.10787999999999998
73 0.26749999999999996 0.6772985 0.012500000000000011 0.05816100000000002
73 0.38468749999999996 0.989681 0.070625 0.018762000000000056
73 0.395625 0.5365854999999999 0.05874999999999997 0.09380899999999998
73 0.7053125 0.891651 0.39312499999999995 0.21482199999999996
73 0.6375 0.6787055 0.255 0.11350899999999997
73 0.59625 0.541745 0.05999999999999994 0.11538399999999999
73 0.68625 0.5412760000000001 0.05125000000000002 0.08818000000000004
73 0.7571875 0.511726 0.07937499999999997 0.12851799999999997
73 0.84875 0.6993435 0.16749999999999998 0.12288900000000003
73 0.83125 0.5365854999999999 0.04375000000000007 0.07879899999999995
73 0.9334375 0.866323 0.13187499999999996 0.130394
73 0.8978125 0.5393995 0.023125000000000062 0.08442700000000003
73 0.9428125 0.524859 0.06187500000000001 0.10975599999999996
73 0.9775 0.6913695 0.036250000000000004 0.09193300000000004
