73 0.0284375 0.34146350000000003 0.056875 0.17823700000000003
73 0.0353125 0.52439 0.070625 0.15572199999999997
73 0.0378125 0.6998125 0.075625 0.1688550000000001
73 0.11437499999999999 0.012664 0.2275 0.025328
73 0.021562500000000002 0.1683865 0.039375 0.13227100000000003
73 0.110625 0.9197934999999999 0.20750000000000002 0.15853700000000004
73 0.12125 0.183396 0.20875 0.27861199999999997
73 0.16375 0.42870549999999996 0.16749999999999998 0.16510299999999994
73 0.173125 0.5999065 0.14625 0.137899
73 0.18875000000000003 0.769231 0.15125000000000002 0.14634199999999997
