73 0.22062500000000002 0.4241665 0.225 0.153333
73 0.22249999999999998 0.6020835 0.22374999999999998 0.18083300000000002
73 0.1709375 0.7704165000000001 0.101875 0.13583299999999998
73 0.2353125 0.9225 0.22562500000000002 0.15333400000000008
73 0.31218749999999995 0.751667 0.05937500000000001 0.10499999999999998
73 0.316875 0.4325 0.03125 0.126666
73 0.5459375 0.5166665 0.05687500000000001 0.06833300000000003
73 0.55375 0.4341665 0.053749999999999964 0.05833299999999997
73 0.5603125 0.6804165 0.06187500000000001 0.07916699999999999
73 0.5531250000000001 0.6020835 0.04500000000000004 0.08416699999999999
73 0.6353125 0.4879165 0.020625000000000004 0.035833000000000004
73 0.6378125 0.5375 0.02562500000000001 0.05166599999999999
73 0.6371875 0.4295835 0.021874999999999978 0.054166999999999965
73 0.6384375 0.5966665 0.01937499999999992 0.043333000000000066
73 0.6728125 0.43125 0.015625 0.02916599999999997
73 0.6740625 0.4754165 0.018124999999999947 0.034167
