73 0.05375 0.1165625 0.1075 0.233125
73 0.0708335 0.390625 0.141667 0.27499999999999997
73 0.0891665 0.63625 0.178333 0.21875
73 0.25416649999999996 0.178125 0.216667 0.27375
73 0.27958299999999997 0.45062499999999994 0.2075 0.21749999999999997
73 0.30916699999999997 0.671875 0.18 0.15375000000000005
73 0.32 0.87875 0.17999999999999997 0.14375000000000004
73 0.49458349999999995 0.1728125 0.21416699999999994 0.263125
73 0.49874999999999997 0.44281249999999994 0.19583399999999995 0.221875
73 0.5016665 0.669375 0.17333300000000001 0.15249999999999997
73 0.505 0.863125 0.16666599999999998 0.11250000000000004
73 0.6904165 0.858125 0.15916700000000006 0.12
73 0.7041664999999999 0.671875 0.18666700000000003 0.16375000000000006
73 0.735 0.173125 0.24333399999999994 0.26999999999999996
73 0.7233335 0.4525 0.19333299999999998 0.22374999999999995
73 0.9520835000000001 0.075625 0.094167 0.11249999999999999
