73 0.0334375 0.5520835 0.066875 0.280833
73 0.0565625 0.8808335 0.113125 0.23666700000000007
73 0.060625 0.3075 0.12125 0.198334
73 0.07125000000000001 0.144583 0.13 0.1375
73 0.10125 0.635417 0.19 0.26249999999999996
73 0.1184375 0.40249999999999997 0.14187499999999997 0.20666599999999996
73 0.12937500000000002 0.1445835 0.07375000000000001 0.13416699999999998
73 0.1765625 0.36333350000000003 0.144375 0.261667
73 0.2340625 0.7825 0.22812500000000002 0.36
73 0.1984375 0.15583349999999999 0.12437499999999999 0.163333
73 0.30625 0.37083299999999997 0.15625000000000003 0.21500000000000002
73 0.303125 0.48875 0.13999999999999999 0.22750000000000004
73 0.3734375 0.1604165 0.213125 0.230833
73 0.4059375 0.82 0.181875 0.313334
73 0.419375 0.60625 0.15500000000000003 0.11750000000000005
73 0.435 0.4475 0.12624999999999997 0.2
73 0.5440625 0.14625 0.111875 0.12083399999999998
73 0.5759375 0.86875 0.17562499999999998 0.260834
73 0.5790625 0.605417 0.164375 0.24249999999999994
73 0.6390625 0.1154165 0.12937500000000002 0.14083299999999999
73 0.7115625 0.5216665 0.17062500000000003 0.261667
73 0.770625 0.849167 0.20124999999999993 0.30000000000000004
73 0.74375 0.13 0.12375000000000003 0.136666
73 0.79 0.3020835 0.20375 0.21583299999999997
73 0.826875 0.5337500000000001 0.14375000000000004 0.2625
73 0.88375 0.47875 0.23125000000000007 0.2925
73 0.8209375 0.11708350000000001 0.10062499999999996 0.165833
73 0.8709374999999999 0.131667 0.16937499999999994 0.16999999999999998
73 0.9121874999999999 0.8033335 0.17437500000000006 0.391667
73 0.9490625 0.12833350000000002 0.10062499999999996 0.14333300000000002
73 0.975 0.4175 0.043749999999999956 0.133334
