73 0.024375 0.6970835 0.04875 0.300833
73 0.025 0.376667 0.05 0.27
73 0.075 0.32958350000000003 0.0375 0.08916700000000005
73 0.08124999999999999 0.4458335 0.045 0.091667
73 0.0853125 0.790833 0.040624999999999994 0.09000000000000008
73 0.08406250000000001 0.592917 0.034375 0.13749999999999996
73 0.0853125 0.71625 0.03687499999999999 0.0675
73 0.1234375 0.7145835 0.051875000000000004 0.08083300000000004
73 0.116875 0.44625000000000004 0.036250000000000004 0.08583400000000002
73 0.11906250000000002 0.33958299999999997 0.03937500000000001 0.07249999999999995
73 0.1234375 0.5816669999999999 0.04187500000000001 0.14
73 0.1275 0.7704165000000001 0.04125000000000001 0.07583299999999993
