73 0.4534375 0.5 0.855625 1.0
73 0.0825 0.19875 0.165 0.2375
73 0.083125 0.41625 0.16625 0.22249999999999998
73 0.2371875 0.2520835 0.144375 0.17583300000000002
73 0.24625000000000002 0.4225 0.1575 0.196666
73 0.2475 0.6066665 0.15749999999999997 0.15833300000000006
73 0.25187499999999996 0.7954165 0.14875 0.19416699999999998
73 0.33 0.977917 0.10375000000000001 0.04249999999999998
73 0.389375 0.28375 0.11874999999999997 0.1425
73 0.40375 0.74375 0.13124999999999998 0.1775
73 0.40375 0.5841665 0.12375000000000003 0.161667
73 0.41593749999999996 0.432917 0.143125 0.17250000000000004
73 0.43062500000000004 0.946667 0.15500000000000003 0.10499999999999998
73 0.518125 0.06375 0.19499999999999995 0.1275
73 0.5553125 0.930417 0.09937499999999999 0.13750000000000007
73 0.67125 0.95 0.15749999999999997 0.09833400000000003
73 0.6428125 0.8754165 0.09562500000000007 0.16916699999999996
73 0.7109375 0.835 0.06437500000000007 0.14666599999999996
