73 0.032012 0.23374 0.064024 0.09078600000000003
73 0.0726625 0.193767 0.145325 0.07588
73 0.064024 0.357046 0.071138 0.09349599999999997
73 0.113821 0.2730355 0.06504 0.012195000000000011
73 0.270325 0.3631435 0.02235799999999999 0.059621000000000035
73 0.2957315 0.262195 0.06504100000000002 0.069106
73 0.3287605 0.224255 0.12906499999999999 0.07994600000000002
73 0.3053865 0.295393 0.057927000000000006 0.008130000000000026
73 0.3678865 0.367886 0.11178900000000003 0.06639600000000001
73 0.3653455 0.262195 0.06605700000000003 0.077236
73 0.39684949999999997 0.296748 0.04573100000000002 0.018969999999999987
73 0.464431 0.370596 0.069106 0.069106
73 0.507622 0.24187000000000003 0.151422 0.044716000000000006
73 0.5188005 0.2750675 0.16768300000000003 0.07317100000000001
73 0.5055894999999999 0.4383465 0.013210999999999973 0.020324999999999982
73 0.5528455000000001 0.374661 0.05487900000000001 0.058265999999999984
73 0.594004 0.44037950000000003 0.03963399999999995 0.024390999999999996
