73 0.1520835 0.35508150000000005 0.304167 0.311167
73 0.1566665 0.610414 0.313333 0.23713999999999996
73 0.1579165 0.8419075 0.315833 0.293601
73 0.1666665 0.4868255 0.32166700000000004 0.25846900000000006
73 0.1758335 0.8870765 0.283333 0.223337
73 0.288333 0.9385195 0.125 0.12045099999999997
73 0.3720835 0.982434 0.05583300000000002 0.03262200000000004
73 0.38458349999999997 0.7277285 0.06416700000000003 0.055207000000000006
73 0.39249999999999996 0.8425345 0.08000000000000002 0.15432900000000005
73 0.39375 0.7697615 0.08250000000000002 0.10163100000000003
73 0.395 0.6430365 0.07500000000000001 0.11668699999999999
73 0.41041649999999996 0.8726475 0.06916700000000003 0.17189500000000002
73 0.43875 0.7082809999999999 0.04916599999999999 0.02885799999999994
73 0.44 0.6731495000000001 0.033333999999999975 0.033877000000000046
73 0.44125000000000003 0.642409 0.034165999999999974 0.04014999999999991
73 0.44125000000000003 0.745922 0.034165999999999974 0.03889600000000004
73 0.47375 0.7929740000000001 0.03583400000000003 0.04266000000000003
73 0.474167 0.6166875 0.03500000000000003 0.041405000000000025
73 0.4716665 0.658093 0.026666999999999996 0.03889599999999993
73 0.4704165 0.7465495 0.01916699999999999 0.03513100000000002
73 0.47125 0.7101635 0.02083400000000002 0.030112999999999945
73 0.5279164999999999 0.7465495 0.030833 0.027603000000000044
73 0.53375 0.7183189999999999 0.032500000000000084 0.02132999999999996
73 0.52875 0.69197 0.019165999999999905 0.01882000000000006
73 0.537917 0.666876 0.03749999999999998 0.03136799999999995
73 0.53125 0.7716434999999999 0.022499999999999964 0.015056999999999987
73 0.5354165 0.633626 0.030833 0.03513199999999994
73 0.5349999999999999 0.605395 0.025000000000000022 0.02133000000000007
73 0.66 0.9316185 0.13833399999999996 0.13425299999999996
73 0.797917 0.770389 0.4025000000000001 0.12546999999999997
73 0.6141665000000001 0.676913 0.033332999999999946 0.06398999999999999
73 0.65375 0.8161855 0.10916599999999999 0.109159
73 0.6466665 0.7540775 0.093333 0.09786700000000004
73 0.6479165 0.8726475 0.08583300000000005 0.109159
73 0.802917 0.5062735 0.39250000000000007 0.23964900000000006
73 0.639583 0.688206 0.03749999999999998 0.08908399999999994
73 0.8158335 0.446675 0.3666670000000001 0.31618599999999997
73 0.6858335 0.678168 0.06833299999999998 0.08908399999999994
73 0.7466665 0.950439 0.12833300000000003 0.09661200000000003
73 0.845 0.8826855 0.308334 0.229611
73 0.84625 0.6342535 0.30583400000000005 0.14680099999999996
73 0.8391664999999999 0.9134249999999999 0.281667 0.17064000000000001
73 0.7420835 0.6750315 0.05916699999999997 0.09535699999999991
73 0.8500000000000001 0.6643665 0.07833400000000001 0.14429099999999995
