73 0.44281249999999994 0.8895675000000001 0.274375 0.18327100000000007
73 0.08375 0.4971805 0.1675 0.16541300000000003
73 0.11125 0.318139 0.2225 0.17387200000000003
73 0.1125 0.1273495 0.225 0.166353
73 0.11625 0.017387 0.2175 0.027256000000000002
73 0.0765625 0.681391 0.135625 0.17481199999999997
73 0.38375 0.031015 0.24624999999999997 0.06203
73 0.4275 0.163064 0.15125000000000005 0.12876
73 0.42937499999999995 0.480733 0.14499999999999996 0.17575200000000002
73 0.44156249999999997 0.323778 0.08687499999999998 0.111842
73 0.6709375 0.254699 0.15937499999999993 0.172932
73 0.6990625 0.130169 0.21562499999999996 0.040414000000000005
73 0.7112499999999999 0.0328945 0.235 0.065789
73 0.7178125 0.5390035 0.188125 0.11748100000000006
73 0.7934375 0.6884395 0.07062499999999994 0.11936100000000005
73 0.9253125 0.6823305 0.12187499999999996 0.142857
73 0.895 0.419173 0.05874999999999997 0.152256
73 0.8875 0.24389100000000002 0.036250000000000004 0.12500000000000003
73 0.9315625000000001 0.1015035 0.12437500000000001 0.129699
