73 0.0458335 0.4028125 0.091667 0.203125
73 0.0479165 0.03625 0.095833 0.0725
73 0.0504165 0.19093749999999998 0.100833 0.193125
73 0.2783335 0.200625 0.223333 0.20499999999999996
73 0.4720835 0.0353125 0.555833 0.070625
73 0.469583 0.926875 0.4875 0.14500000000000002
73 0.6770835 0.219375 0.145833 0.19125
73 0.692917 0.739375 0.0774999999999999 0.18999999999999995
73 0.8970835 0.9337500000000001 0.204167 0.13124999999999998
73 0.901667 0.4871875 0.19500000000000006 0.22187500000000004
73 0.90625 0.753125 0.18583400000000005 0.21000000000000008
73 0.915417 0.0259375 0.16749999999999998 0.051875
73 0.92 0.2140625 0.15833399999999997 0.22187500000000002
