73 0.008125 0.1153845 0.01625 0.166979
73 0.0159375 0.454972 0.031875 0.11069399999999996
73 0.0371875 0.3109755 0.074375 0.10037499999999999
73 0.0378125 0.6153850000000001 0.075625 0.15197000000000005
73 0.020312499999999997 0.12242 0.030624999999999996 0.169794
73 0.05375 0.45637900000000003 0.041249999999999995 0.11726000000000003
73 0.1228125 0.6144465 0.12562500000000001 0.16885499999999998
73 0.09125 0.314728 0.05 0.10787999999999998
73 0.0909375 0.4516885 0.028124999999999997 0.11726099999999995
73 0.11781249999999999 0.454972 0.02062499999999999 0.10319
73 0.15562499999999999 0.0581615 0.09624999999999999 0.116323
73 0.15687500000000001 0.0689495 0.08875000000000001 0.137899
73 0.1540625 0.312852 0.07812499999999999 0.09287000000000001
73 0.15968749999999998 0.104128 0.079375 0.15197
73 0.168125 0.1472795 0.09625 0.146341
