73 0.1753125 0.28939950000000003 0.018125000000000002 0.11163300000000001
73 0.17781249999999998 0.1472795 0.02312499999999998 0.138837
73 0.18625 0.302064 0.016249999999999987 0.133208
73 0.19406250000000003 0.15337699999999999 0.014374999999999999 0.10788
73 0.19656249999999997 0.30909949999999997 0.014374999999999999 0.11913699999999999
73 0.2034375 0.148218 0.020625000000000004 0.12945600000000002
73 0.205625 0.46153849999999996 0.006249999999999978 0.090057
73 0.21437499999999998 0.3072235 0.013750000000000012 0.11538500000000002
73 0.218125 0.46060049999999997 0.01125000000000001 0.09193299999999999
73 0.22218749999999998 0.1463415 0.016875 0.133209
73 0.2303125 0.4713885 0.020625000000000004 0.10225100000000004
73 0.2259375 0.314728 0.006874999999999992 0.11163200000000001
73 0.24 0.31238299999999997 0.018750000000000017 0.150094
73 0.24 0.15197 0.01125000000000001 0.13696000000000003
73 0.2478125 0.4732645 0.016874999999999973 0.10975700000000005
73 0.2515625 0.1364915 0.016875 0.124765
73 0.2590625 0.3100375 0.029374999999999984 0.12851700000000002
73 0.26187499999999997 0.1472795 0.016250000000000042 0.127579
73 0.264375 0.4723265 0.01874999999999999 0.137899
73 0.2740625 0.30909949999999997 0.02562500000000001 0.11163300000000004
73 0.2728125 0.4685745 0.010624999999999996 0.11913700000000005
73 0.2753125 0.152439 0.010624999999999996 0.12476600000000002
73 0.286875 0.47514049999999997 0.015000000000000013 0.11350900000000003
73 0.289375 0.3109755 0.020000000000000018 0.10037499999999999
73 0.29375 0.1430585 0.016249999999999987 0.119137
73 0.30843750000000003 0.307223 0.02812500000000001 0.12664199999999998
73 0.3178125 0.304409 0.02312499999999995 0.11350800000000003
73 0.313125 0.1472795 0.011249999999999982 0.120075
73 0.32718749999999996 0.1444655 0.011875000000000024 0.136961
73 0.34125 0.3128515 0.02375000000000005 0.10037499999999999
73 0.33999999999999997 0.1472795 0.011250000000000038 0.135085
73 0.3528125 0.31379 0.021875000000000033 0.10600399999999999
73 0.3521875 0.143527 0.015625 0.131332
73 0.3696875 0.3072235 0.02937500000000004 0.11913700000000002
73 0.36624999999999996 0.1472795 0.012500000000000011 0.135085
73 0.3815625 0.4662285 0.025624999999999953 0.14258899999999997
73 0.3790625 0.1557225 0.010624999999999996 0.136961
73 0.3890625 0.305347 0.02812500000000001 0.11538400000000001
73 0.3925 0.144465 0.006249999999999978 0.108818
73 0.40031249999999996 0.151501 0.011875000000000024 0.11538399999999999
73 0.40593749999999995 0.303471 0.018125000000000002 0.11538400000000001
73 0.414375 0.1454035 0.011249999999999982 0.123827
73 0.4221875 0.452627 0.014375000000000027 0.08911800000000003
73 0.42656249999999996 0.303002 0.023125000000000007 0.131332
73 0.42562500000000003 0.1519695 0.006250000000000033 0.09756100000000001
73 0.4353125 0.140244 0.010624999999999996 0.11350800000000001
73 0.4409375 0.3081615 0.021875000000000033 0.12101300000000001
73 0.45218749999999996 0.14352700000000002 0.013124999999999998 0.12758
73 0.4615625 0.3123825 0.026874999999999982 0.142589
73 0.4715625 0.303002 0.028124999999999956 0.131332
73 0.46625 0.14258900000000002 0.010000000000000009 0.125704
73 0.47843749999999996 0.1482175 0.014374999999999971 0.105065
73 0.5065625 0.3001875 0.011874999999999969 0.125703
73 0.5115624999999999 0.145403 0.011874999999999969 0.106942
73 0.52 0.466698 0.022499999999999964 0.11538400000000004
73 0.5225 0.129925 0.015000000000000013 0.10788
73 0.5278125 0.452158 0.023125000000000062 0.15197000000000005
73 0.5249999999999999 0.303002 0.015000000000000013 0.131332
73 0.5328124999999999 0.303002 0.020625000000000004 0.131332
73 0.5390625 0.4596625 0.023125000000000062 0.14071300000000003
73 0.5359375 0.150563 0.011874999999999969 0.113508
73 0.5528125 0.4638835 0.026874999999999982 0.11726100000000006
73 0.5509375000000001 0.312852 0.018125000000000058 0.104128
73 0.5506249999999999 0.1496245 0.0050000000000000044 0.11913699999999999
73 0.5653125 0.301126 0.026874999999999982 0.12758000000000003
73 0.5640625 0.140244 0.014375000000000027 0.11725999999999999
73 0.5640624999999999 0.44090050000000003 0.011874999999999969 0.07129500000000005
73 0.57375 0.4202625 0.015000000000000013 0.054408999999999985
73 0.5743750000000001 0.142589 0.01375000000000004 0.12945600000000002
73 0.5884375 0.31097600000000003 0.01937500000000003 0.10788000000000003
73 0.5940625 0.296435 0.02562500000000001 0.12945600000000002
73 0.5884375 0.140244 0.009375000000000022 0.11350800000000001
73 0.6040625 0.140713 0.01937500000000003 0.133208
73 0.6103125 0.2992495 0.021874999999999978 0.12382700000000002
73 0.618125 0.1486865 0.01375000000000004 0.117261
73 0.6253125 0.3011255 0.02562500000000001 0.13508499999999998
73 0.6353125 0.130863 0.010624999999999996 0.128518
73 0.6403125000000001 0.303002 0.020625000000000004 0.12382800000000002
73 0.646875 0.1346155 0.012499999999999956 0.124765
73 0.6559375000000001 0.308161 0.018125000000000058 0.10975600000000002
73 0.6615625 0.4695125 0.02937500000000004 0.12101300000000004
73 0.6737500000000001 0.466698 0.036250000000000004 0.130394
73 0.6609375 0.141182 0.008125000000000049 0.119136
73 0.6790624999999999 0.298311 0.020625000000000004 0.129456
73 0.6737500000000001 0.13742949999999998 0.0050000000000000044 0.122889
73 0.6940625 0.47045000000000003 0.03562500000000002 0.11163200000000001
73 0.6846875 0.1454035 0.0068749999999999645 0.123827
73 0.6971875 0.296435 0.026874999999999982 0.133208
73 0.701875 0.4704505 0.03125 0.11538500000000002
73 0.69625 0.1393055 0.008750000000000036 0.12288900000000001
73 0.72875 0.304409 0.05624999999999991 0.11726
73 0.7068749999999999 0.1355535 0.0050000000000000044 0.126641
73 0.7196875 0.4629455 0.02562500000000001 0.12288900000000003
73 0.7196875 0.133677 0.015625 0.130394
73 0.75 0.305816 0.05499999999999994 0.093808
73 0.7315625 0.441839 0.015625 0.084428
73 0.7359375 0.1393055 0.0068749999999999645 0.11913699999999999
73 0.7409375 0.432927 0.011874999999999969 0.05910000000000004
73 0.75375 0.13742949999999998 0.008750000000000036 0.122889
73 0.769375 0.1355535 0.008750000000000036 0.126641
73 0.78 0.154315 0.007499999999999951 0.106004
