73 0.185625 0.6815145 0.325 0.291759
73 0.26875 0.0851895 0.47125 0.170379
73 0.19937500000000002 0.3663695 0.3075 0.28285099999999996
73 0.5153125000000001 0.502784 0.33937500000000004 0.8608020000000001
73 0.729375 0.1275055 0.39375000000000004 0.255011
73 0.7165625 0.6876395 0.073125 0.24387499999999995
73 0.7865625 0.4226055 0.2131249999999999 0.23496700000000004
73 0.9678125 0.6932075 0.06312499999999999 0.22828499999999996
73 0.9709375 0.4237195 0.05687500000000001 0.23273900000000003
73 0.97375 0.15868600000000002 0.05125000000000002 0.21492200000000003
