73 0.068038 0.95875 0.136076 0.08000000000000007
73 0.0830695 0.084375 0.166139 0.14375
73 0.084652 0.26 0.169304 0.135
73 0.085443 0.8300000000000001 0.170886 0.20000000000000007
73 0.0933545 0.410625 0.186709 0.15875
73 0.096519 0.6781250000000001 0.193038 0.16125
73 0.079905 0.56 0.150316 0.07500000000000007
73 0.243671 0.678125 0.237342 0.23124999999999996
73 0.29746849999999997 0.93125 0.196203 0.135
73 0.261076 0.36312500000000003 0.09493599999999999 0.08375000000000005
73 0.262658 0.446875 0.08227799999999999 0.06624999999999998
73 0.26582300000000003 0.50875 0.08227800000000002 0.08999999999999997
73 0.5316455 0.9075 0.487341 0.1825
73 0.5704115 0.804375 0.416139 0.21875
73 0.596519 0.35062499999999996 0.13291200000000003 0.06624999999999998
73 0.608386 0.41625 0.109178 0.04999999999999999
73 0.623418 0.504375 0.04430400000000001 0.03875000000000006
73 0.856013 0.801875 0.28481 0.39375000000000004
