73 0.067227 0.3936 0.134454 0.3248000000000001
73 0.1110445 0.6848000000000001 0.222089 0.14400000000000002
73 0.4994 0.1972 0.9988 0.08399999999999999
73 0.435774 0.3772 0.5906359999999999 0.3
73 0.31392549999999997 0.5948 0.121249 0.12240000000000006
73 0.39976 0.6396 0.038416000000000006 0.05359999999999998
73 0.417767 0.6292 0.03361400000000003 0.04239999999999999
73 0.4231695 0.6272 0.022809000000000024 0.04959999999999998
73 0.5054025 0.6344 0.13685499999999995 0.060799999999999965
73 0.636855 0.606 0.13085200000000008 0.10319999999999996
73 0.809124 0.6576 0.17046799999999995 0.03839999999999999
73 0.8229295000000001 0.6256 0.166867 0.0464
73 0.871549 0.38480000000000003 0.254502 0.28
73 0.8331335 0.586 0.16806699999999997 0.07440000000000002
73 0.9567829999999999 0.6135999999999999 0.08403400000000005 0.04959999999999998
