73 0.32 0.8761114999999999 0.64 0.19888899999999998
73 0.4271875 0.017222 0.854375 0.034444
73 0.4271875 0.69 0.854375 0.186666
73 0.4278125 0.52 0.855625 0.18222199999999994
73 0.4296875 0.332778 0.859375 0.214444
73 0.4334375 0.1555555 0.866875 0.186667
73 0.3403125 0.921111 0.328125 0.15555600000000003
73 0.3153125 0.977778 0.150625 0.04222199999999998
73 0.891875 0.526667 0.11624999999999996 0.18222200000000005
73 0.9240625 0.8077775 0.150625 0.32666699999999993
73 0.978125 0.5977779999999999 0.04249999999999998 0.18444399999999994
