73 0.0228125 0.585366 0.045625 0.08067600000000008
73 0.0459375 0.6318014999999999 0.091875 0.166041
73 0.0671875 0.6876169999999999 0.134375 0.24202599999999996
73 0.1765625 0.7223265000000001 0.194375 0.337711
73 0.298125 0.7270165 0.16124999999999998 0.360225
73 0.36375 0.7232645 0.14625 0.35272100000000006
73 0.445625 0.728424 0.07374999999999998 0.35365800000000003
73 0.5009375 0.7195119999999999 0.06937500000000002 0.363978
73 0.5803125 0.7251405 0.08437500000000009 0.363977
73 0.6540625 0.7260789999999999 0.12687500000000007 0.354596
73 0.719375 0.7242025 0.15500000000000003 0.35834900000000003
73 0.753125 0.1590055 0.20499999999999996 0.03470899999999999
73 0.8309375 0.217636 0.285625 0.06754199999999999
73 0.7940625 0.7312384999999999 0.17437499999999995 0.359287
73 0.8725 0.348499 0.2512500000000001 0.12851800000000002
73 0.854375 0.7223265 0.20999999999999996 0.34146300000000007
73 0.901875 0.7124765 0.19500000000000006 0.3499070000000001
