73 0.032121 0.5736365 0.064242 0.092727
73 0.0563635 0.6331815000000001 0.112727 0.12090900000000004
73 0.061212 0.7022729999999999 0.122424 0.09363599999999994
73 0.118788 0.29500000000000004 0.237576 0.18818200000000002
73 0.0672725 0.1295455 0.115151 0.08272700000000001
73 0.047273 0.319091 0.06060600000000001 0.061817999999999984
73 0.1048485 0.033182 0.12242499999999998 0.066364
73 0.173939 0.3827275 0.219394 0.167273
73 0.14 0.655 0.076364 0.05363600000000002
73 0.229697 0.4636365 0.2 0.16545499999999996
73 0.19696999999999998 0.021818 0.06181800000000001 0.036364
73 0.2539395 0.5345455 0.17090899999999998 0.161819
73 0.2993935 0.063182 0.230303 0.126364
73 0.2951515 0.179091 0.15151499999999998 0.09454600000000002
73 0.3454545 0.2677275 0.18424300000000005 0.12272700000000003
73 0.3836365 0.424091 0.12727299999999997 0.12454600000000005
73 0.5254544999999999 0.0227275 0.054544999999999955 0.045455
73 0.6830305 0.0236365 0.255757 0.047273
