73 0.218574 0.64787 0.13695999999999997 0.243108
73 0.04409 0.634085 0.08818 0.210526
73 0.045028 0.350877 0.090056 0.225564
73 0.122889 0.804511 0.17448400000000003 0.11027600000000004
73 0.1247655 0.9561405000000001 0.125703 0.08270699999999997
73 0.5375235 0.36591450000000003 0.714821 0.255639
73 0.3330205 0.0889725 0.25328300000000004 0.177945
73 0.508443 0.9736845000000001 0.5178240000000001 0.04761899999999997
73 0.5834900000000001 0.6278195 0.60788 0.16791900000000004
73 0.531895 0.8320799999999999 0.4409 0.13533800000000007
73 0.7279549999999999 0.1165415 0.38273999999999997 0.233083
73 0.9136960000000001 0.8533835000000001 0.168856 0.152883
73 0.9774860000000001 0.6817044999999999 0.04127599999999998 0.175439
73 0.9831145 0.4649125 0.030019000000000018 0.157895
