73 0.1089845 0.72626 0.14140699999999998 0.11840600000000001
73 0.2015625 0.6576785 0.087499 0.09613100000000008
73 0.2558595 0.6154744999999999 0.06484300000000001 0.05392699999999995
73 0.316406 0.739742 0.114062 0.12192200000000009
73 0.2945315 0.581477 0.059374999999999956 0.04454800000000003
73 0.29335900000000004 0.559203 0.046094000000000024 0.02813599999999994
73 0.356641 0.6635405 0.08515600000000001 0.08909699999999998
73 0.340234 0.5492375 0.03984399999999999 0.03868700000000003
73 0.367969 0.525205 0.0625 0.05158200000000002
73 0.36679649999999997 0.582063 0.04921899999999996 0.026963999999999988
73 0.3808595 0.611958 0.057031 0.0562720000000001
73 0.403516 0.5638920000000001 0.03984399999999999 0.02813600000000005
73 0.4140625 0.516999 0.051563000000000025 0.035169999999999924
73 0.46562499999999996 0.6711605 0.08124999999999999 0.08089099999999994
73 0.460156 0.5844075 0.04999999999999999 0.04572100000000001
73 0.4660155 0.5375145 0.057031 0.062132999999999994
73 0.5222655 0.526964 0.027343000000000006 0.04103199999999996
73 0.575781 0.743259 0.11093799999999998 0.12426800000000005
73 0.5578125 0.612544 0.05937500000000007 0.04103199999999996
73 0.564453 0.5785465000000001 0.052343999999999946 0.03868700000000003
73 0.559375 0.5533410000000001 0.03749999999999998 0.03047999999999995
73 0.5839844999999999 0.647714 0.07578099999999999 0.050410000000000066
73 0.5730470000000001 0.5252049999999999 0.04609399999999997 0.02813600000000005
73 0.5734375 0.5644785 0.04531300000000005 0.038686999999999916
73 0.5871095 0.5416175 0.04453099999999999 0.023446999999999996
73 0.6308595 0.56272 0.04140699999999997 0.04689399999999999
73 0.664453 0.5902695 0.06640600000000008 0.050410999999999984
73 0.7339845 0.7356385 0.10859300000000005 0.11606099999999997
73 0.711719 0.6143025 0.057811999999999975 0.06799500000000003
73 0.8609374999999999 0.915592 0.276563 0.16647200000000006
73 0.7703125 0.652989 0.07968699999999995 0.09144200000000002
73 0.9339839999999999 0.7321219999999999 0.10859399999999997 0.1184059999999999
