73 0.0495835 0.53125 0.099167 0.06000000000000005
73 0.0495835 0.608125 0.099167 0.07374999999999998
73 0.0516665 0.45062500000000005 0.103333 0.06
73 0.0529165 0.6875 0.105833 0.06875000000000009
73 0.1395835 0.36875 0.279167 0.06
73 0.1429165 0.1978125 0.285833 0.076875
73 0.1441665 0.2765625 0.288333 0.06687499999999999
73 0.546667 0.42281250000000004 0.905 0.13687500000000002
73 0.5525 0.580625 0.8933340000000001 0.15249999999999997
73 0.39958350000000004 0.7378125 0.574167 0.17312499999999997
73 0.42 0.8890625000000001 0.596666 0.198125
73 0.44666649999999997 0.28 0.29833299999999996 0.06375
73 0.30874999999999997 0.20218750000000002 0.009165999999999952 0.071875
73 0.325833 0.1996875 0.020000000000000018 0.073125
73 0.3633335 0.2253125 0.06833300000000003 0.019374999999999976
73 0.4875 0.20124999999999998 0.22499999999999998 0.06999999999999998
73 0.736667 0.2903125 0.255 0.05312500000000003
73 0.7416670000000001 0.208125 0.255 0.06
73 0.8395835 0.694375 0.319167 0.14
73 0.8520835 0.8284374999999999 0.29416700000000007 0.1518750000000001
73 0.9433335 0.21500000000000002 0.11166700000000007 0.056249999999999994
73 0.9433335 0.2884375 0.11166700000000007 0.05312499999999998
