73 0.131875 0.6170834999999999 0.09125 0.145833
73 0.24375000000000002 0.6716664999999999 0.09875000000000003 0.06833300000000009
73 0.3065625 0.565 0.17187500000000003 0.16166599999999998
73 0.305 0.7045835 0.12250000000000003 0.07916699999999999
73 0.3315625 0.662917 0.11312499999999998 0.04749999999999999
73 0.453125 0.77 0.14999999999999997 0.10333400000000004
73 0.435625 0.5820835 0.08374999999999999 0.14416700000000005
73 0.4884375 0.712917 0.13312500000000005 0.0625
73 0.5575 0.7470835 0.11375000000000002 0.06916699999999998
73 0.5931249999999999 0.6233335 0.08875 0.151667
73 0.650625 0.7175 0.09250000000000003 0.21166600000000002
73 0.7003125 0.6554165000000001 0.08187499999999992 0.19083299999999992
