73 0.8828125 0.49531250000000004 0.21718700000000002 0.21354100000000004
73 0.085156 0.2515625 0.142188 0.12187500000000001
73 0.0953125 0.6338539999999999 0.13281300000000001 0.16354199999999997
73 0.09765650000000001 0.44843750000000004 0.12187500000000001 0.11979100000000004
73 0.282422 0.23333299999999998 0.247656 0.14375
73 0.2871095 0.453125 0.24140699999999998 0.14999999999999997
73 0.2890625 0.6786460000000001 0.22968699999999997 0.16354199999999997
73 0.29375 0.8640625 0.235938 0.19270900000000002
73 0.5664065 0.223958 0.309375 0.16249999999999998
73 0.5648435 0.45833350000000006 0.29687500000000006 0.17291700000000004
73 0.5683590000000001 0.6927085 0.29609399999999997 0.197917
73 0.579297 0.9140625 0.26328199999999996 0.1677090000000001
73 0.842578 0.91875 0.252344 0.160416
73 0.8500000000000001 0.714583 0.25781200000000004 0.20625000000000004
73 0.747656 0.4817705 0.03906199999999993 0.14687500000000003
73 0.859375 0.21718749999999998 0.2609379999999999 0.169791
