73 0.0625 0.6425000000000001 0.125 0.26833399999999996
73 0.09062500000000001 0.5829165000000001 0.12250000000000001 0.24916700000000003
73 0.2184375 0.6183335000000001 0.08687500000000004 0.19666700000000004
73 0.304375 0.5779164999999999 0.1475 0.229167
73 0.3 0.6208335 0.07374999999999998 0.046667000000000014
73 0.285625 0.7066669999999999 0.04249999999999998 0.039999999999999925
73 0.30781250000000004 0.665417 0.06562499999999999 0.04249999999999998
73 0.44 0.6145835 0.11624999999999996 0.19583300000000003
73 0.43937499999999996 0.492083 0.027500000000000024 0.02749999999999997
73 0.5228125 0.5475 0.06437500000000007 0.13833399999999996
73 0.5725 0.63 0.030000000000000027 0.05166599999999999
73 0.6609375 0.5420834999999999 0.11937500000000001 0.13416700000000004
73 0.76625 0.5595829999999999 0.050000000000000044 0.1725
73 0.8290625 0.58875 0.09062500000000007 0.134166
73 0.8049999999999999 0.6629165 0.03749999999999998 0.02416700000000005
73 0.85875 0.5020835 0.04125000000000001 0.035833000000000004
73 0.92625 0.5629165 0.030000000000000027 0.144167
