73 0.325625 0.48 0.09750000000000003 0.10222199999999998
73 0.4321875 0.7222225 0.02312499999999995 0.028888999999999943
73 0.45375 0.7105555 0.058750000000000024 0.025554999999999994
73 0.48531250000000004 0.49111150000000003 0.03687500000000005 0.07111099999999998
73 0.4871875 0.3866665 0.04062499999999997 0.06666699999999998
73 0.48843749999999997 0.5972225 0.043125000000000024 0.07666700000000004
73 0.4884375 0.6655555 0.04062500000000002 0.05555500000000002
73 0.5884375 0.7938890000000001 0.09437499999999999 0.172222
73 0.5578125 0.45444450000000003 0.028125000000000067 0.026667000000000052
73 0.5925 0.6788890000000001 0.09750000000000003 0.10666600000000004
73 0.573125 0.5944445 0.05125000000000002 0.06222300000000003
73 0.5909375 0.9383334999999999 0.08687500000000004 0.12111100000000008
73 0.595 0.34722200000000003 0.09499999999999997 0.11444400000000005
73 0.5840624999999999 0.51 0.07062500000000005 0.10666599999999998
73 0.8434375000000001 0.8383335 0.14312500000000006 0.265555
73 0.8525 0.7316665 0.16125 0.13888900000000004
73 0.83125 0.665 0.11375000000000002 0.030000000000000027
73 0.8825000000000001 0.563889 0.21375 0.19666599999999995
73 0.834375 0.40222199999999997 0.11499999999999999 0.02222200000000002
73 0.835625 0.4555555 0.11499999999999999 0.028888999999999998
73 0.889375 0.256111 0.21999999999999997 0.20555600000000002
73 0.916875 0.958889 0.16500000000000004 0.08000000000000007
