73 0.44648450000000006 0.936694 0.28359300000000004 0.12426800000000005
73 0.5871095 0.9026965 0.25078100000000003 0.15240300000000007
73 0.6476565000000001 0.6910905 0.05468700000000004 0.07385699999999995
73 0.7374995 0.5902695 0.09687500000000004 0.0457209999999999
73 0.8320315 0.936694 0.27812500000000007 0.12426800000000005
73 0.7320315 0.6254395 0.06562499999999993 0.050410999999999984
73 0.8175779999999999 0.733294 0.18828199999999995 0.1277839999999999
73 0.769922 0.5633060000000001 0.07734400000000008 0.06916800000000001
73 0.8390625 0.8300115 0.192187 0.15005899999999994
73 0.788672 0.513482 0.07890600000000003 0.04454800000000003
73 0.8031250000000001 0.48241500000000004 0.07031200000000004 0.04103200000000001
73 0.860547 0.615475 0.133594 0.07034000000000007
73 0.8191405 0.4196955 0.03046899999999997 0.05861700000000003
73 0.819922 0.365768 0.01640600000000003 0.07268400000000003
73 0.8660155 0.684056 0.10703099999999999 0.08323600000000009
73 0.8765625 0.5656505000000001 0.09687500000000004 0.05978899999999998
73 0.8816405 0.48476 0.04453099999999999 0.04806600000000005
73 0.8898435 0.5128955 0.059374999999999956 0.03868700000000003
