73 0.094375 0.1704165 0.11250000000000002 0.07916699999999999
73 0.0809375 0.2745835 0.083125 0.07083300000000001
73 0.0709375 0.36125 0.056875 0.08250000000000002
73 0.4865625 0.2566665 0.030624999999999958 0.04166700000000004
73 0.518125 0.19375 0.06874999999999998 0.064166
73 0.52125 0.24875 0.04125000000000001 0.064166
73 0.521875 0.30333350000000003 0.040000000000000036 0.05166699999999996
73 0.5246875 0.365 0.026874999999999982 0.03500000000000003
73 0.5531250000000001 0.39375 0.04500000000000004 0.07750000000000001
73 0.555625 0.319583 0.04500000000000004 0.0675
73 0.55875 0.2425 0.04125000000000001 0.061666
73 0.5653125000000001 0.438333 0.020625000000000004 0.03999999999999998
73 0.57375 0.20166699999999999 0.03500000000000003 0.09999999999999998
73 0.6253125 0.2858335 0.09937499999999999 0.08333300000000002
73 0.595625 0.4458335 0.030000000000000027 0.05166700000000002
73 0.631875 0.3875 0.09999999999999998 0.09666600000000003
73 0.6353125 0.19874999999999998 0.09312500000000001 0.094166
73 0.7621875 0.4070835 0.176875 0.11916700000000002
73 0.7753125000000001 0.1375 0.18437500000000007 0.168334
73 0.76 0.6470830000000001 0.15125 0.1825
73 0.766875 0.525833 0.16249999999999998 0.14999999999999997
73 0.7784375 0.280833 0.17562499999999992 0.10999999999999999
73 0.9690624999999999 0.93625 0.06062500000000004 0.125834
73 0.978125 0.8341670000000001 0.04249999999999998 0.14
73 0.9884375000000001 0.7025 0.021874999999999978 0.10666599999999993
