73 0.02125 0.500417 0.0425 0.06749999999999995
73 0.0225 0.3641665 0.045 0.05666700000000002
73 0.0225 0.429583 0.045 0.057499999999999996
73 0.0225 0.6629165 0.045 0.089167
73 0.023125 0.24333349999999998 0.04625 0.046666999999999986
73 0.02375 0.58375 0.0475 0.08583399999999997
73 0.02625 0.758333 0.0525 0.10499999999999998
73 0.02875 0.8620829999999999 0.0575 0.13249999999999995
73 0.0240625 0.306667 0.046875 0.05499999999999999
73 0.2115625 0.3158335 0.255625 0.06333299999999997
73 0.2128125 0.5070835 0.258125 0.054166999999999965
73 0.2140625 0.5783335000000001 0.255625 0.06166700000000003
73 0.219375 0.7316670000000001 0.26625 0.08999999999999997
73 0.2153125 0.4425 0.253125 0.058334
73 0.2184375 0.645 0.25187499999999996 0.056665999999999994
73 0.22625 0.258333 0.23875000000000002 0.04500000000000001
73 0.228125 0.8204165 0.23249999999999998 0.09083299999999994
73 0.22875 0.38 0.22624999999999998 0.050000000000000044
73 0.4415625 0.8708335 0.083125 0.05666700000000002
73 0.4915625 0.3908335 0.09062500000000001 0.023333000000000048
73 0.495625 0.615 0.09000000000000002 0.04499999999999993
73 0.49562500000000004 0.4479165 0.08750000000000002 0.030833
73 0.496875 0.4175 0.08999999999999997 0.018334000000000017
73 0.499375 0.47125 0.08749999999999997 0.025834000000000024
73 0.500625 0.499583 0.08250000000000002 0.027500000000000024
73 0.5040625000000001 0.529583 0.08187500000000003 0.03249999999999997
73 0.5046875 0.5654165 0.08062500000000006 0.035833000000000004
73 0.7990625 0.8141665 0.25312500000000004 0.10333300000000001
73 0.8121875000000001 0.5191665 0.25312499999999993 0.088333
73 0.8187500000000001 0.7145835 0.26625 0.07916699999999999
73 0.8146875 0.6154165 0.25312500000000004 0.08083300000000004
73 0.8196875 0.42625 0.25812499999999994 0.07416600000000001
73 0.8218749999999999 0.26 0.23624999999999996 0.058334
73 0.84625 0.3320835 0.19000000000000006 0.06583299999999997
73 0.9846874999999999 0.8287500000000001 0.026875000000000093 0.129166
73 0.9884375000000001 0.7104165 0.021874999999999978 0.094167
73 0.9915625 0.5933335 0.015625 0.098333
