73 0.0184375 0.1729165 0.036875 0.07416699999999998
73 0.025 0.272917 0.05 0.05750000000000002
73 0.0275 0.35875 0.055 0.0675
73 0.0328125 0.4504165 0.065625 0.07416699999999998
73 0.0459375 0.6445835 0.056874999999999995 0.08083300000000004
73 0.1146875 0.2029165 0.10312500000000001 0.06916699999999998
73 0.1178125 0.2825 0.09437500000000001 0.05499999999999999
73 0.130625 0.363333 0.10500000000000001 0.065
73 0.1296875 0.4504165 0.094375 0.07083300000000003
73 0.1365625 0.5254165000000001 0.09812500000000002 0.06916700000000003
73 0.1428125 0.6266670000000001 0.09812499999999999 0.10999999999999999
73 0.5349999999999999 0.3116665 0.04749999999999999 0.093333
73 0.5865625000000001 0.41000000000000003 0.145625 0.09333399999999997
73 0.5846875 0.21 0.13437500000000002 0.08666599999999997
73 0.72875 0.5158335 0.11499999999999999 0.10833299999999996
73 0.7268749999999999 0.401667 0.10875000000000001 0.10499999999999998
73 0.8334375 0.2679165 0.321875 0.129167
73 0.8384375 0.1508335 0.321875 0.153333
73 0.72 0.2941665 0.008750000000000036 0.08166700000000005
