73 0.5382815000000001 0.7788085 0.13437500000000002 0.295899
73 0.019922 0.265137 0.039844 0.114258
73 0.175 0.9716795 0.35 0.05468700000000004
73 0.4097655 0.01416 0.819531 0.02832
73 0.1066405 0.2094725 0.172657 0.13378899999999996
73 0.1656245 0.3984375 0.290625 0.30468699999999993
73 0.230078 0.770996 0.278906 0.342774
73 0.2835935 0.6162110000000001 0.160937 0.09961000000000009
73 0.430859 0.387207 0.15390600000000004 0.282226
73 0.4730465 0.9746095 0.15546899999999997 0.042969000000000035
73 0.709375 0.799805 0.13437600000000005 0.28515599999999997
73 0.7933595 0.9750975 0.09453099999999992 0.04785099999999998
73 0.8515625 0.3911135 0.171875 0.28613299999999997
73 0.8277345 0.184082 0.10234299999999996 0.12207
73 0.817969 0.7192385 0.06874999999999998 0.2939449999999999
