73 0.1328125 0.2592775 0.035937 0.04980499999999999
73 0.1316405 0.30859400000000003 0.017969 0.041016
73 0.1484375 0.405762 0.018751000000000018 0.03417999999999999
73 0.1500005 0.358887 0.015625 0.03417999999999999
73 0.1527345 0.3027345 0.017969000000000013 0.04296899999999998
73 0.165625 0.24023450000000002 0.039061999999999986 0.052735000000000004
73 0.16835899999999998 0.352051 0.027344000000000007 0.03808599999999995
73 0.16914099999999999 0.41015650000000003 0.021093999999999974 0.04296899999999998
73 0.1703125 0.2973635 0.023436999999999986 0.04003900000000005
73 0.19335950000000002 0.3535155 0.02265700000000001 0.04101499999999997
73 0.195703 0.411621 0.021094 0.049804000000000015
73 0.1976565 0.28613299999999997 0.021875000000000006 0.052734
73 0.2003905 0.234375 0.02421899999999999 0.04882799999999998
73 0.2328125 0.41015650000000003 0.04531299999999999 0.06054699999999996
73 0.2371095 0.2124025 0.05078100000000002 0.067383
73 0.2210935 0.350586 0.017187000000000008 0.04492200000000002
73 0.223828 0.2871095 0.016405999999999976 0.046875
73 0.2453125 0.3491215 0.026563000000000003 0.04003899999999999
73 0.248047 0.279297 0.021094 0.052734
73 0.2785155 0.4165035 0.04296899999999998 0.05371100000000001
73 0.280078 0.26709 0.03984399999999999 0.06542999999999999
73 0.28203100000000003 0.339844 0.039061999999999986 0.0625
73 0.28203100000000003 0.192383 0.03593799999999997 0.0625
73 0.411719 0.3198245 0.020311999999999997 0.02636700000000003
73 0.41093749999999996 0.288086 0.017187000000000008 0.017577999999999983
73 0.4402345 0.3847655 0.04140700000000003 0.023436999999999986
73 0.44218749999999996 0.322754 0.04531299999999999 0.02441399999999999
73 0.4429685 0.41748050000000003 0.046875 0.03808499999999998
73 0.439062 0.353516 0.03749999999999998 0.027344000000000035
73 0.4359375 0.29248050000000003 0.02812500000000001 0.026366999999999974
73 0.47734350000000003 0.4667965 0.02812500000000001 0.046875
73 0.4808595 0.40918 0.03203100000000003 0.04882799999999998
73 0.4808595 0.34863299999999997 0.028907000000000016 0.04492199999999996
73 0.4941405 0.28271500000000005 0.05234299999999997 0.05566399999999999
73 0.496094 0.22119149999999999 0.051562 0.049805000000000016
73 0.5140625 0.4038085 0.020313000000000025 0.04785099999999998
73 0.595313 0.263672 0.043749999999999956 0.05859399999999998
73 0.6535154999999999 0.258789 0.03046899999999997 0.0625
73 0.7164065 0.46533199999999997 0.026563000000000003 0.04004000000000002
73 0.7191405 0.5620115 0.025780999999999943 0.053711000000000064
73 0.728125 0.398926 0.03281200000000006 0.05175799999999997
73 0.7441405000000001 0.46582 0.035156999999999994 0.04492200000000002
73 0.7503905 0.55957 0.04453099999999999 0.058594000000000035
73 0.7640625 0.470703 0.02500100000000005 0.05663999999999997
73 0.7707029999999999 0.35498050000000003 0.03203199999999995 0.03808499999999998
73 0.7746095 0.3027345 0.035156999999999994 0.046875
73 0.7726565 0.249512 0.028124999999999956 0.051758
73 0.8105465000000001 0.489746 0.08203100000000008 0.026368000000000003
73 0.8050785 0.4702145 0.05703099999999994 0.036133000000000026
73 0.832031 0.359375 0.09375 0.04687399999999997
73 0.817578 0.42041 0.05703199999999997 0.04980399999999996
73 0.8085935 0.5273435 0.028125000000000067 0.029297000000000017
73 0.8425784999999999 0.237305 0.07578099999999999 0.05859400000000001
73 0.8402345 0.30029300000000003 0.066407 0.051758000000000026
73 0.9722655 0.393555 0.03046900000000008 0.03515600000000002
73 0.9738279999999999 0.43457049999999997 0.03046800000000005 0.029296999999999962
73 0.984375 0.366211 0.029687999999999937 0.03125
73 0.986328 0.33203150000000003 0.02578199999999997 0.029296999999999962
