73 0.2521365 0.1298405 0.49914499999999995 0.150341
73 0.389316 0.004556 0.37521399999999994 0.009112
73 0.46752150000000003 0.31264250000000005 0.20854700000000004 0.13553500000000002
73 0.412393 0.474943 0.09316199999999997 0.13211799999999996
73 0.7923074999999999 0.121868 0.4136749999999999 0.15489799999999998
73 0.658547 0.313212 0.137606 0.14806399999999997
73 0.636752 0.468679 0.08034200000000002 0.06491999999999998
73 0.636752 0.666287 0.07350400000000001 0.04555799999999999
73 0.6739315 0.0068335 0.14786300000000008 0.013667
73 0.695299 0.6793849999999999 0.04187999999999992 0.085422
73 0.7021364999999999 0.46754 0.04700899999999997 0.05580799999999997
73 0.6957265 0.894647 0.030769000000000046 0.089978
73 0.89359 0.01082 0.207692 0.02164
