73 0.0315625 0.3829165 0.063125 0.08083299999999999
73 0.0521875 0.5337500000000001 0.104375 0.09583400000000003
73 0.18625 0.543333 0.15375 0.10499999999999993
73 0.1740625 0.4054165 0.05437500000000001 0.060833000000000026
73 0.1984375 0.3970835 0.02562499999999998 0.035833000000000004
73 0.2359375 0.4029165 0.06687499999999996 0.05583300000000002
73 0.3540625 0.5491665 0.16437500000000005 0.09666700000000006
73 0.29281250000000003 0.410417 0.03562499999999996 0.0675
73 0.319375 0.4020835 0.04749999999999999 0.094167
73 0.41874999999999996 0.45916650000000003 0.15875 0.13333299999999998
73 0.765625 0.55125 0.21750000000000003 0.1275
